266.0 211.0 300.0 211.0 300.0 242.0 266.0 242.0
262.91229248046875 207.47036743164062 296.61243438720703 207.47036743164062 296.61243438720703 238.1969699859619 262.91229248046875 238.1969699859619
260.11419677734375 204.67202758789062 294.1900863647461 204.67202758789062 294.1900863647461 235.7412223815918 260.11419677734375 235.7412223815918
252.61099243164062 197.0216064453125 285.8654556274414 197.0216064453125 285.8654556274414 227.34185409545898 252.61099243164062 227.34185409545898
249.2760772705078 194.93614196777344 282.67016220092773 194.93614196777344 282.67016220092773 225.38369369506836 249.2760772705078 225.38369369506836
242.1881866455078 186.4651336669922 274.9075813293457 186.4651336669922 274.9075813293457 216.2975254058838 242.1881866455078 216.2975254058838
237.552978515625 185.9651336669922 270.243595123291 185.9651336669922 270.243595123291 215.77128219604492 237.552978515625 215.77128219604492
234.4048614501953 184.61447143554688 266.251184463501 184.61447143554688 266.251184463501 213.65082359313965 234.4048614501953 213.65082359313965
230.15103149414062 179.4579315185547 261.56182861328125 179.4579315185547 261.56182861328125 208.09718704223633 230.15103149414062 208.09718704223633
228.0517120361328 175.45205688476562 258.9854927062988 175.45205688476562 258.9854927062988 203.6563835144043 228.0517120361328 203.6563835144043
222.86911010742188 171.849853515625 253.34954452514648 171.849853515625 253.34954452514648 199.6408348083496 222.86911010742188 199.6408348083496
217.800537109375 168.04583740234375 248.26644897460938 168.04583740234375 248.26644897460938 195.82357788085938 217.800537109375 195.82357788085938
215.3076934814453 165.97421264648438 245.53307723999023 165.97421264648438 245.53307723999023 193.53264808654785 215.3076934814453 193.53264808654785
209.1154327392578 161.33609008789062 238.66491317749023 161.33609008789062 238.66491317749023 188.27825927734375 209.1154327392578 188.27825927734375
206.3069305419922 159.74945068359375 236.27635192871094 159.74945068359375 236.27635192871094 187.07450485229492 206.3069305419922 187.07450485229492
204.9041290283203 157.0668487548828 234.35962867736816 157.0668487548828 234.35962867736816 183.92332458496094 204.9041290283203 183.92332458496094
202.6133270263672 155.09288024902344 232.30560684204102 155.09288024902344 232.30560684204102 182.1652431488037 202.6133270263672 182.1652431488037
196.62713623046875 149.7646484375 226.05807495117188 149.7646484375 226.05807495117188 176.59873008728027 196.62713623046875 176.59873008728027
195.1825714111328 147.88436889648438 224.4549446105957 147.88436889648438 224.4549446105957 174.57387351989746 195.1825714111328 174.57387351989746
190.04647827148438 143.5995330810547 219.55152893066406 143.5995330810547 219.55152893066406 170.5011863708496 190.04647827148438 170.5011863708496
187.8015899658203 142.32594299316406 216.57222938537598 142.32594299316406 216.57222938537598 168.55798721313477 187.8015899658203 168.55798721313477
186.15615844726562 140.06057739257812 215.2291965484619 140.06057739257812 215.2291965484619 166.56833457946777 186.15615844726562 166.56833457946777
184.16893005371094 137.62899780273438 213.06850814819336 137.62899780273438 213.06850814819336 163.97860145568848 184.16893005371094 163.97860145568848
179.66429138183594 133.64157104492188 208.31639671325684 133.64157104492188 208.31639671325684 159.7655372619629 179.66429138183594 159.7655372619629
177.9301300048828 132.13796997070312 206.72635459899902 132.13796997070312 206.72635459899902 158.39333724975586 177.9301300048828 158.39333724975586
177.04910278320312 131.37925720214844 205.69094276428223 131.37925720214844 205.69094276428223 157.4938621520996 177.04910278320312 157.4938621520996
171.6380615234375 126.84153747558594 200.0850715637207 126.84153747558594 200.0850715637207 152.77850341796875 171.6380615234375 152.77850341796875
171.23049926757812 125.531005859375 199.21747398376465 125.531005859375 199.21747398376465 151.04852867126465 171.23049926757812 151.04852867126465
166.00100708007812 122.9603500366211 193.67952919006348 122.9603500366211 193.67952919006348 148.1966381072998 166.00100708007812 148.1966381072998
164.93264770507812 121.4389877319336 192.19443130493164 121.4389877319336 192.19443130493164 146.29530906677246 164.93264770507812 146.29530906677246
163.97500610351562 119.79194641113281 190.8926944732666 119.79194641113281 190.8926944732666 144.33453559875488 163.97500610351562 144.33453559875488
160.4597625732422 117.98697662353516 186.77013778686523 117.98697662353516 186.77013778686523 141.9758415222168 160.4597625732422 141.9758415222168
158.59085083007812 115.6773452758789 184.75156784057617 115.6773452758789 184.75156784057617 139.52975845336914 158.59085083007812 139.52975845336914
156.77810668945312 114.73664855957031 182.58694458007812 114.73664855957031 182.58694458007812 138.26823234558105 156.77810668945312 138.26823234558105
154.7320556640625 111.82186126708984 180.38289260864258 111.82186126708984 180.38289260864258 135.2093849182129 154.7320556640625 135.2093849182129
152.47525024414062 109.956787109375 178.18430519104004 109.956787109375 178.18430519104004 133.39739227294922 152.47525024414062 133.39739227294922
151.07058715820312 109.86601257324219 176.2740306854248 109.86601257324219 176.2740306854248 132.84561920166016 151.07058715820312 132.84561920166016
149.1608428955078 107.81221771240234 173.7967758178711 107.81221771240234 173.7967758178711 130.27438735961914 149.1608428955078 130.27438735961914
146.93368530273438 104.70820617675781 171.65598106384277 104.70820617675781 171.65598106384277 127.24911880493164 146.93368530273438 127.24911880493164
145.21453857421875 104.09074401855469 169.36639785766602 104.09074401855469 169.36639785766602 126.11155319213867 145.21453857421875 126.11155319213867
142.04287719726562 101.53823852539062 166.3815803527832 101.53823852539062 166.3815803527832 123.72940635681152 142.04287719726562 123.72940635681152
140.4076385498047 100.62571716308594 164.62516403198242 100.62571716308594 164.62516403198242 122.70639610290527 140.4076385498047 122.70639610290527
140.0602569580078 99.8482666015625 163.75589561462402 99.8482666015625 163.75589561462402 121.45310974121094 140.0602569580078 121.45310974121094
137.08740234375 97.15862274169922 160.53614807128906 97.15862274169922 160.53614807128906 118.53835678100586 137.08740234375 118.53835678100586
135.67416381835938 96.00108337402344 158.72361373901367 96.00108337402344 158.72361373901367 117.01675033569336 135.67416381835938 117.01675033569336
134.45091247558594 95.91853332519531 157.2234649658203 95.91853332519531 157.2234649658203 116.68173408508301 134.45091247558594 116.68173408508301
132.17123413085938 93.02140808105469 154.6963119506836 93.02140808105469 154.6963119506836 113.55896949768066 132.17123413085938 113.55896949768066
130.84060668945312 92.31410217285156 153.1371307373047 92.31410217285156 153.1371307373047 112.64327621459961 130.84060668945312 112.64327621459961
128.6252899169922 90.90391540527344 151.2205696105957 90.90391540527344 151.2205696105957 111.5054817199707 128.6252899169922 111.5054817199707
128.12744140625 90.0013656616211 150.20648765563965 90.0013656616211 150.20648765563965 110.13224792480469 128.12744140625 110.13224792480469
126.2280044555664 87.73543548583984 147.72122383117676 87.73543548583984 147.72122383117676 107.33218002319336 126.2280044555664 107.33218002319336
124.23785400390625 86.93284606933594 145.8724308013916 86.93284606933594 145.8724308013916 106.65847396850586 124.23785400390625 106.65847396850586
122.87236022949219 85.19912719726562 144.4822540283203 85.19912719726562 144.4822540283203 104.90225028991699 122.87236022949219 104.90225028991699
121.1800765991211 84.05056762695312 142.59906005859375 84.05056762695312 142.59906005859375 103.57962417602539 121.1800765991211 103.57962417602539
119.46769714355469 82.45436096191406 140.53601264953613 82.45436096191406 140.53601264953613 101.6636905670166 119.46769714355469 101.6636905670166
117.5296401977539 81.28874206542969 138.41758918762207 81.28874206542969 138.41758918762207 100.33362197875977 117.5296401977539 100.33362197875977
116.60636138916016 80.03529357910156 137.5695743560791 80.03529357910156 137.5695743560791 99.14879608154297 116.60636138916016 99.14879608154297
115.10267639160156 80.06572723388672 135.80282402038574 80.06572723388672 135.80282402038574 98.93937492370605 115.10267639160156 98.93937492370605
113.6637954711914 77.98249816894531 134.44168853759766 77.98249816894531 134.44168853759766 96.92703247070312 113.6637954711914 96.92703247070312
112.16363525390625 76.1584701538086 132.79289627075195 76.1584701538086 132.79289627075195 94.96748733520508 112.16363525390625 94.96748733520508
