307.0 222.0 362.0 222.0 362.0 260.0 307.0 260.0
306.3468017578125 222.0185089111328 361.93152618408203 222.0185089111328 361.93152618408203 260.42249298095703 306.3468017578125 260.42249298095703
301.3575134277344 217.9009246826172 356.3385124206543 217.9009246826172 356.3385124206543 255.88779067993164 301.3575134277344 255.88779067993164
301.7777404785156 217.6935577392578 356.27153396606445 217.6935577392578 356.27153396606445 255.34380722045898 301.7777404785156 255.34380722045898
301.18243408203125 217.2472686767578 356.0154342651367 217.2472686767578 356.0154342651367 255.13187789916992 301.18243408203125 255.13187789916992
293.34564208984375 211.65322875976562 348.3273010253906 211.65322875976562 348.3273010253906 249.64054489135742 293.34564208984375 249.64054489135742
295.0361328125 210.6552734375 349.11286544799805 210.6552734375 349.11286544799805 248.0173683166504 295.0361328125 248.0173683166504
287.7545166015625 206.2193145751953 342.27507400512695 206.2193145751953 342.27507400512695 243.88805389404297 287.7545166015625 243.88805389404297
288.3721923828125 206.79458618164062 342.8670120239258 206.79458618164062 342.8670120239258 244.4455451965332 288.3721923828125 244.4455451965332
281.8926696777344 201.9701385498047 335.6405563354492 201.9701385498047 335.6405563354492 239.10503387451172 281.8926696777344 239.10503387451172
283.79278564453125 202.65438842773438 337.0782165527344 202.65438842773438 337.0782165527344 239.46976852416992 283.79278564453125 239.46976852416992
278.9522399902344 198.22227478027344 331.4939956665039 198.22227478027344 331.4939956665039 234.52384185791016 278.9522399902344 234.52384185791016
279.1931457519531 198.86001586914062 331.63524627685547 198.86001586914062 331.63524627685547 235.09273147583008 279.1931457519531 235.09273147583008
272.3632507324219 192.4451141357422 324.6686210632324 192.4451141357422 324.6686210632324 228.58335876464844 272.3632507324219 228.58335876464844
271.6343994140625 192.8081817626953 324.1744194030762 192.8081817626953 324.1744194030762 229.10854721069336 271.6343994140625 229.10854721069336
273.6597900390625 193.22206115722656 324.57922744750977 193.22206115722656 324.57922744750977 228.40275192260742 273.6597900390625 228.40275192260742
267.8089294433594 189.1218719482422 318.9071846008301 189.1218719482422 318.9071846008301 224.42610931396484 267.8089294433594 224.42610931396484
266.34942626953125 189.5687255859375 316.1650199890137 189.5687255859375 316.1650199890137 223.98676300048828 266.34942626953125 223.98676300048828
261.62286376953125 185.34500122070312 311.3401222229004 185.34500122070312 311.3401222229004 219.69509506225586 261.62286376953125 219.69509506225586
261.5157775878906 184.8560028076172 311.50029373168945 184.8560028076172 311.50029373168945 219.3907470703125 261.5157775878906 219.3907470703125
257.53350830078125 180.39610290527344 306.59190368652344 180.39610290527344 306.59190368652344 214.29098510742188 257.53350830078125 214.29098510742188
256.960693359375 181.01980590820312 306.02364349365234 181.01980590820312 306.02364349365234 214.9178352355957 256.960693359375 214.9178352355957
257.52020263671875 181.6481475830078 305.8376998901367 181.6481475830078 305.8376998901367 215.03113174438477 257.52020263671875 215.03113174438477
252.5223846435547 176.28829956054688 299.6162643432617 176.28829956054688 299.6162643432617 208.82587432861328 252.5223846435547 208.82587432861328
252.34933471679688 177.0424041748047 299.10559463500977 177.0424041748047 299.10559463500977 209.34671783447266 252.34933471679688 209.34671783447266
245.7367706298828 172.84280395507812 291.62818908691406 172.84280395507812 291.62818908691406 204.5495948791504 245.7367706298828 204.5495948791504
246.8286895751953 172.40692138671875 292.9086685180664 172.40692138671875 292.9086685180664 204.24399375915527 246.8286895751953 204.24399375915527
242.0543975830078 169.2028350830078 287.7169418334961 169.2028350830078 287.7169418334961 200.7514991760254 242.0543975830078 200.7514991760254
242.2967987060547 169.09466552734375 288.3080825805664 169.09466552734375 288.3080825805664 200.88428115844727 242.2967987060547 200.88428115844727
238.64865112304688 166.4703369140625 284.03108978271484 166.4703369140625 284.03108978271484 197.8254737854004 238.64865112304688 197.8254737854004
239.23428344726562 166.63522338867188 284.5153999328613 166.63522338867188 284.5153999328613 197.9203586578369 239.23428344726562 197.9203586578369
233.14395141601562 162.2470703125 279.1782646179199 162.2470703125 279.1782646179199 194.05259704589844 233.14395141601562 194.05259704589844
232.86459350585938 162.946533203125 278.3341751098633 162.946533203125 278.3341751098633 194.36188316345215 232.86459350585938 194.36188316345215
233.4779815673828 162.9001922607422 277.842830657959 162.9001922607422 277.842830657959 193.55227279663086 233.4779815673828 193.55227279663086
228.872802734375 158.41558837890625 273.5889015197754 158.41558837890625 273.5889015197754 189.31035232543945 228.872802734375 189.31035232543945
228.06552124023438 158.1569061279297 273.1910095214844 158.1569061279297 273.1910095214844 189.3345184326172 228.06552124023438 189.3345184326172
225.6827392578125 155.39108276367188 269.850830078125 155.39108276367188 269.850830078125 185.9072208404541 225.6827392578125 185.9072208404541
225.142333984375 155.33151245117188 268.8569755554199 155.33151245117188 268.8569755554199 185.53435897827148 225.142333984375 185.53435897827148
220.8167724609375 152.04855346679688 264.33666610717773 152.04855346679688 264.33666610717773 182.11684799194336 220.8167724609375 182.11684799194336
221.33273315429688 152.708251953125 264.0771255493164 152.708251953125 264.0771255493164 182.24074745178223 221.33273315429688 182.24074745178223
217.4991912841797 149.3706817626953 259.53967666625977 149.3706817626953 259.53967666625977 178.41683959960938 217.4991912841797 178.41683959960938
217.79721069335938 149.3687286376953 259.17297744750977 149.3687286376953 259.17297744750977 177.95562362670898 217.79721069335938 177.95562362670898
216.5332794189453 149.3317108154297 257.4052963256836 149.3317108154297 257.4052963256836 177.57056045532227 216.5332794189453 177.57056045532227
213.79776000976562 146.3160858154297 254.21014404296875 146.3160858154297 254.21014404296875 174.23737144470215 213.79776000976562 174.23737144470215
213.54360961914062 145.61355590820312 253.52063369750977 145.61355590820312 253.52063369750977 173.23404502868652 213.54360961914062 173.23404502868652
209.2740020751953 143.06515502929688 248.88854217529297 143.06515502929688 248.88854217529297 170.43520164489746 209.2740020751953 170.43520164489746
209.622802734375 142.9001007080078 248.97096633911133 142.9001007080078 248.97096633911133 170.0861053466797 209.622802734375 170.0861053466797
208.6186065673828 142.82997131347656 247.9579849243164 142.82997131347656 247.9579849243164 170.00990867614746 208.6186065673828 170.00990867614746
206.26412963867188 139.3833770751953 245.52350234985352 139.3833770751953 245.52350234985352 166.50803565979004 206.26412963867188 166.50803565979004
205.8321533203125 139.56869506835938 244.94412231445312 139.56869506835938 244.94412231445312 166.59151077270508 205.8321533203125 166.59151077270508
202.44790649414062 136.81356811523438 241.50778198242188 136.81356811523438 241.50778198242188 163.80039024353027 202.44790649414062 163.80039024353027
201.73370361328125 136.08029174804688 241.4334487915039 136.08029174804688 241.4334487915039 163.5092067718506 201.73370361328125 163.5092067718506
201.5634002685547 136.1206817626953 241.0796356201172 136.1206817626953 241.0796356201172 163.42280960083008 201.5634002685547 163.42280960083008
198.36279296875 133.63307189941406 237.3870391845703 133.63307189941406 237.3870391845703 160.59528160095215 198.36279296875 160.59528160095215
198.3950653076172 133.82981872558594 236.92596817016602 133.82981872558594 236.92596817016602 160.451171875 198.3950653076172 160.451171875
195.6011199951172 131.3149871826172 233.99896240234375 131.3149871826172 233.99896240234375 157.8444061279297 195.6011199951172 157.8444061279297
192.27587890625 129.33544921875 230.67681884765625 129.33544921875 230.67681884765625 155.86701011657715 192.27587890625 155.86701011657715
191.8480682373047 129.20297241210938 230.20067596435547 129.20297241210938 230.20067596435547 155.7011375427246 191.8480682373047 155.7011375427246
191.6094970703125 128.9528045654297 229.7990608215332 128.9528045654297 229.7990608215332 155.33832168579102 191.6094970703125 155.33832168579102
187.33926391601562 125.75672912597656 225.34125518798828 125.75672912597656 225.34125518798828 152.0126495361328 187.33926391601562 152.0126495361328
186.95753479003906 125.61778259277344 225.06500625610352 125.61778259277344 225.06500625610352 151.94658279418945 186.95753479003906 151.94658279418945
184.0108642578125 122.8753890991211 221.53271102905273 122.8753890991211 221.53271102905273 148.79957389831543 184.0108642578125 148.79957389831543
183.8493194580078 123.49687194824219 221.0569190979004 123.49687194824219 221.0569190979004 149.2039394378662 183.8493194580078 149.2039394378662
181.0457763671875 120.43464660644531 217.76962280273438 120.43464660644531 217.76962280273438 145.8074836730957 181.0457763671875 145.8074836730957
181.8329315185547 120.73078918457031 218.2725067138672 120.73078918457031 218.2725067138672 145.9072208404541 181.8329315185547 145.9072208404541
181.55947875976562 120.8042984008789 217.02391052246094 120.8042984008789 217.02391052246094 145.3069953918457 181.55947875976562 145.3069953918457
178.70999145507812 119.1615219116211 214.48368453979492 119.1615219116211 214.48368453979492 143.87789154052734 178.70999145507812 143.87789154052734
178.46038818359375 118.49348449707031 214.33704376220703 118.49348449707031 214.33704376220703 143.28099250793457 178.46038818359375 143.28099250793457
173.890869140625 116.04058837890625 209.72052001953125 116.04058837890625 209.72052001953125 140.79562187194824 173.890869140625 140.79562187194824
175.1385040283203 115.91844177246094 211.0916290283203 115.91844177246094 211.0916290283203 140.7587833404541 175.1385040283203 140.7587833404541
171.5636749267578 113.22102355957031 207.2848777770996 113.22102355957031 207.2848777770996 137.9011287689209 171.5636749267578 137.9011287689209
172.03720092773438 113.12884521484375 207.3962516784668 113.12884521484375 207.3962516784668 137.55873680114746 172.03720092773438 137.55873680114746
169.31129455566406 111.78529357910156 204.11877822875977 111.78529357910156 204.11877822875977 135.8341007232666 169.31129455566406 135.8341007232666
170.0196075439453 111.76301574707031 204.14776992797852 111.76301574707031 204.14776992797852 135.34247398376465 170.0196075439453 135.34247398376465
166.2788848876953 108.8470230102539 200.4547462463379 108.8470230102539 200.4547462463379 132.4594383239746 166.2788848876953 132.4594383239746
167.5830078125 108.83126068115234 201.73733520507812 108.83126068115234 201.73733520507812 132.4287986755371 167.5830078125 132.4287986755371
166.85952758789062 109.22325134277344 200.82259368896484 109.22325134277344 200.82259368896484 132.68864631652832 166.85952758789062 132.68864631652832
163.66854858398438 106.13018798828125 197.77937698364258 106.13018798828125 197.77937698364258 129.69767379760742 163.66854858398438 129.69767379760742
163.15011596679688 105.99832916259766 196.64571380615234 105.99832916259766 196.64571380615234 129.14074516296387 163.15011596679688 129.14074516296387
161.308349609375 104.1377182006836 194.72028350830078 104.1377182006836 194.72028350830078 127.22233200073242 161.308349609375 127.22233200073242
160.9568328857422 104.11102294921875 193.80309677124023 104.11102294921875 193.80309677124023 126.80481147766113 160.9568328857422 126.80481147766113
161.61688232421875 104.54960632324219 194.18840408325195 104.54960632324219 194.18840408325195 127.0535717010498 161.61688232421875 127.0535717010498
159.51394653320312 103.2076416015625 192.06096267700195 103.2076416015625 192.06096267700195 125.69467544555664 159.51394653320312 125.69467544555664
159.14175415039062 103.34600830078125 191.23395156860352 103.34600830078125 191.23395156860352 125.51880264282227 159.14175415039062 125.51880264282227
158.0763702392578 101.98155212402344 189.9168643951416 101.98155212402344 189.9168643951416 123.98044204711914 158.0763702392578 123.98044204711914
158.89395141601562 102.609130859375 189.57953262329102 102.609130859375 189.57953262329102 123.81007957458496 158.89395141601562 123.81007957458496
153.61865234375 99.06511688232422 184.32458114624023 99.06511688232422 184.32458114624023 120.28012466430664 153.61865234375 120.28012466430664
153.48695373535156 98.28551483154297 183.99722862243652 98.28551483154297 183.99722862243652 119.3653450012207 153.48695373535156 119.3653450012207
150.56826782226562 96.3592758178711 180.66546630859375 96.3592758178711 180.66546630859375 117.15370559692383 150.56826782226562 117.15370559692383
150.31263732910156 95.75157165527344 180.0213966369629 95.75157165527344 180.0213966369629 116.27762413024902 150.31263732910156 116.27762413024902
147.78753662109375 94.75474548339844 177.47909927368164 94.75474548339844 177.47909927368164 115.2689151763916 147.78753662109375 115.2689151763916
147.38833618164062 95.06608581542969 176.56586074829102 95.06608581542969 176.56586074829102 115.22510147094727 147.38833618164062 115.22510147094727
148.26197814941406 94.83915710449219 177.26416397094727 94.83915710449219 177.26416397094727 114.87703323364258 148.26197814941406 114.87703323364258
145.9732208251953 93.35462188720703 174.99610900878906 93.35462188720703 174.99610900878906 113.40680313110352 145.9732208251953 113.40680313110352
146.26651000976562 92.86772155761719 175.63157653808594 92.86772155761719 175.63157653808594 113.15631675720215 146.26651000976562 113.15631675720215
143.15194702148438 90.7062759399414 172.46486854553223 90.7062759399414 172.46486854553223 110.95884323120117 143.15194702148438 110.95884323120117
142.99148559570312 90.98926544189453 171.81264877319336 90.98926544189453 171.81264877319336 110.90207290649414 142.99148559570312 110.90207290649414
142.73031616210938 90.59669494628906 171.6898250579834 90.59669494628906 171.6898250579834 110.60508728027344 142.73031616210938 110.60508728027344
141.59779357910156 89.2864761352539 170.35376358032227 89.2864761352539 170.35376358032227 109.15423965454102 141.59779357910156 109.15423965454102
141.9579315185547 89.42871856689453 170.38118934631348 89.42871856689453 170.38118934631348 109.06660842895508 141.9579315185547 109.06660842895508
139.8314208984375 87.54035949707031 168.08783531188965 87.54035949707031 168.08783531188965 107.06297492980957 139.8314208984375 107.06297492980957
139.47341918945312 87.36824798583984 168.20296096801758 87.36824798583984 168.20296096801758 107.2177505493164 139.47341918945312 107.2177505493164
137.52474975585938 85.55665588378906 165.9048671722412 85.55665588378906 165.9048671722412 105.16473770141602 137.52474975585938 105.16473770141602
137.94381713867188 85.41435241699219 166.55579566955566 85.41435241699219 166.55579566955566 105.18262672424316 137.94381713867188 105.18262672424316
134.4480438232422 84.15040588378906 162.93020629882812 84.15040588378906 162.93020629882812 103.8289909362793 134.4480438232422 103.8289909362793
134.4161376953125 83.95951843261719 162.9951057434082 83.95951843261719 162.9951057434082 103.70498657226562 134.4161376953125 103.70498657226562
132.05099487304688 82.00826263427734 161.2197780609131 82.00826263427734 161.2197780609131 102.1612377166748 132.05099487304688 102.1612377166748
132.462158203125 82.40506744384766 161.41627502441406 82.40506744384766 161.41627502441406 102.40972709655762 132.462158203125 102.40972709655762
132.39022827148438 82.61758422851562 161.2574806213379 82.61758422851562 161.2574806213379 102.56222915649414 132.39022827148438 102.56222915649414
130.22195434570312 81.12825775146484 158.92822647094727 81.12825775146484 158.92822647094727 100.9616813659668 130.22195434570312 100.9616813659668
129.95367431640625 80.53251647949219 158.47629356384277 80.53251647949219 158.47629356384277 100.23905181884766 129.95367431640625 100.23905181884766
128.71368408203125 79.1603012084961 156.73502731323242 79.1603012084961 156.73502731323242 98.52050018310547 128.71368408203125 98.52050018310547
128.1447296142578 79.24800872802734 155.94077491760254 79.24800872802734 155.94077491760254 98.45254707336426 128.1447296142578 98.45254707336426
126.48234558105469 77.43608093261719 153.8994655609131 77.43608093261719 153.8994655609131 96.37881851196289 126.48234558105469 96.37881851196289
126.43641662597656 77.47016906738281 153.73324966430664 77.47016906738281 153.73324966430664 96.32979965209961 126.43641662597656 96.32979965209961
123.2210922241211 76.28036499023438 150.27844619750977 76.28036499023438 150.27844619750977 94.97453689575195 123.2210922241211 94.97453689575195
123.49113464355469 76.64424133300781 150.46701431274414 76.64424133300781 150.46701431274414 95.28212356567383 123.49113464355469 95.28212356567383
123.04182434082031 76.43894958496094 150.1070041656494 76.43894958496094 150.1070041656494 95.13853073120117 123.04182434082031 95.13853073120117
121.73744201660156 75.21781921386719 148.57999229431152 75.21781921386719 148.57999229431152 93.76358222961426 121.73744201660156 93.76358222961426
121.86468505859375 75.05208587646484 148.74204635620117 75.05208587646484 148.74204635620117 93.62190055847168 121.86468505859375 93.62190055847168
120.41209411621094 72.86082458496094 146.8198127746582 72.86082458496094 146.8198127746582 91.10615921020508 120.41209411621094 91.10615921020508
120.1209716796875 73.2057113647461 146.48529052734375 73.2057113647461 146.48529052734375 91.42105865478516 120.1209716796875 91.42105865478516
116.9748764038086 71.86302185058594 143.27592086791992 71.86302185058594 143.27592086791992 90.03464889526367 116.9748764038086 90.03464889526367
117.29145812988281 71.86490631103516 143.42287254333496 71.86490631103516 143.42287254333496 89.9193344116211 117.29145812988281 89.9193344116211
115.28681945800781 70.66075134277344 141.34498023986816 70.66075134277344 141.34498023986816 88.66456985473633 115.28681945800781 88.66456985473633
115.12294006347656 70.559326171875 141.38354873657227 70.559326171875 141.38354873657227 88.70301628112793 115.12294006347656 88.70301628112793
115.39292907714844 70.43099212646484 141.77698135375977 70.43099212646484 141.77698135375977 88.65997123718262 115.39292907714844 88.65997123718262
114.01107025146484 69.23750305175781 139.91176223754883 69.23750305175781 139.91176223754883 87.13252639770508 114.01107025146484 87.13252639770508
113.11712646484375 69.36259460449219 138.63857078552246 69.36259460449219 138.63857078552246 86.9955940246582 113.11712646484375 86.9955940246582
111.2527847290039 67.89811706542969 136.63649368286133 67.89811706542969 136.63649368286133 85.43595314025879 111.2527847290039 85.43595314025879
110.96929931640625 68.0081558227539 136.47452926635742 68.0081558227539 136.47452926635742 85.62995147705078 110.96929931640625 85.62995147705078
109.00164794921875 66.24873352050781 134.57457542419434 66.24873352050781 134.57457542419434 83.91730117797852 109.00164794921875 83.91730117797852
108.89166259765625 66.21358489990234 134.42219161987305 66.21358489990234 134.42219161987305 83.85285949707031 108.89166259765625 83.85285949707031
107.6055679321289 65.06551361083984 133.26603889465332 65.06551361083984 133.26603889465332 82.7945671081543 107.6055679321289 82.7945671081543
107.8799057006836 64.7428970336914 133.4491310119629 64.7428970336914 133.4491310119629 82.40890693664551 107.8799057006836 82.40890693664551
107.7374496459961 65.1581039428711 132.95618057250977 65.1581039428711 132.95618057250977 82.58195686340332 107.7374496459961 82.58195686340332
105.371337890625 63.686744689941406 130.68870735168457 63.686744689941406 130.68870735168457 81.17874717712402 105.371337890625 81.17874717712402
105.5345687866211 63.9759407043457 130.75439643859863 63.9759407043457 130.75439643859863 81.40055084228516 105.5345687866211 81.40055084228516
104.3104019165039 62.39545822143555 129.85674667358398 62.39545822143555 129.85674667358398 80.04566192626953 104.3104019165039 80.04566192626953
104.0981216430664 62.261314392089844 129.27290725708008 62.261314392089844 129.27290725708008 79.65480613708496 104.0981216430664 79.65480613708496
101.92669677734375 61.094627380371094 127.47192764282227 61.094627380371094 127.47192764282227 78.74406242370605 101.92669677734375 78.74406242370605
102.35118103027344 61.053955078125 127.52459144592285 61.053955078125 127.52459144592285 78.44649696350098 102.35118103027344 78.44649696350098
102.27499389648438 61.186737060546875 127.24125289916992 61.186737060546875 127.24125289916992 78.43615913391113 102.27499389648438 78.43615913391113
100.5030517578125 60.06806564331055 125.42539405822754 60.06806564331055 125.42539405822754 77.28714561462402 100.5030517578125 77.28714561462402
101.14891815185547 60.201377868652344 125.96851921081543 60.201377868652344 125.96851921081543 77.3494758605957 101.14891815185547 77.3494758605957
98.96717834472656 58.4709358215332 123.9666633605957 58.4709358215332 123.9666633605957 75.74331665039062 98.96717834472656 75.74331665039062
98.9526596069336 58.04627227783203 123.54574966430664 58.04627227783203 123.54574966430664 75.03786849975586 98.9526596069336 75.03786849975586
97.24244689941406 57.3570556640625 121.41810417175293 57.3570556640625 121.41810417175293 74.06024360656738 97.24244689941406 74.06024360656738
97.6128158569336 57.35863494873047 122.05439758300781 57.35863494873047 122.05439758300781 74.24555206298828 97.6128158569336 74.24555206298828
95.45732116699219 56.271522521972656 119.39527320861816 56.271522521972656 119.39527320861816 72.81047630310059 95.45732116699219 72.81047630310059
95.64836120605469 56.1891975402832 119.58688926696777 56.1891975402832 119.58688926696777 72.72854995727539 95.64836120605469 72.72854995727539
95.64045715332031 56.2828369140625 119.35375595092773 56.2828369140625 119.35375595092773 72.66657447814941 95.64045715332031 72.66657447814941
94.89896392822266 55.071044921875 118.64368057250977 55.071044921875 118.64368057250977 71.47649002075195 94.89896392822266 71.47649002075195
94.56600189208984 54.84514617919922 118.2992057800293 54.84514617919922 118.2992057800293 71.24263572692871 94.56600189208984 71.24263572692871
92.79148864746094 53.61524200439453 116.93485832214355 53.61524200439453 116.93485832214355 70.2961196899414 92.79148864746094 70.2961196899414
92.34310150146484 53.74637985229492 116.3049488067627 53.74637985229492 116.3049488067627 70.30184173583984 92.34310150146484 70.30184173583984
90.53472137451172 51.922508239746094 114.42859077453613 51.922508239746094 114.42859077453613 68.43100357055664 90.53472137451172 68.43100357055664
90.69507598876953 52.1015510559082 114.15313529968262 52.1015510559082 114.15313529968262 68.3089427947998 90.69507598876953 68.3089427947998
89.19380187988281 51.52519607543945 112.6717586517334 51.52519607543945 112.6717586517334 67.74633598327637 89.19380187988281 67.74633598327637
89.5208969116211 51.01415252685547 113.08212089538574 51.01415252685547 113.08212089538574 67.29282188415527 89.5208969116211 67.29282188415527
