173.0 55.0 183.0 55.0 183.0 75.0 173.0 75.0
173.23355102539062 54.8068733215332 183.27838325500488 54.8068733215332 183.27838325500488 74.79211044311523 173.23355102539062 74.79211044311523
173.2565155029297 55.24482345581055 183.3039035797119 55.24482345581055 183.3039035797119 74.88289642333984 173.2565155029297 74.88289642333984
173.3233184814453 55.3539924621582 183.47590827941895 55.3539924621582 183.47590827941895 74.96255493164062 173.3233184814453 74.96255493164062
173.39022827148438 55.6187858581543 183.66927337646484 55.6187858581543 183.66927337646484 75.43903160095215 173.39022827148438 75.43903160095215
173.88308715820312 56.03215789794922 184.21987056732178 56.03215789794922 184.21987056732178 75.9637336730957 173.88308715820312 75.9637336730957
173.64566040039062 56.48435592651367 183.8541660308838 56.48435592651367 183.8541660308838 76.1685848236084 173.64566040039062 76.1685848236084
173.64443969726562 56.35857009887695 183.80006885528564 56.35857009887695 183.80006885528564 75.84614944458008 173.64443969726562 75.84614944458008
173.67965698242188 56.7794189453125 183.91748809814453 56.7794189453125 183.91748809814453 76.34002876281738 173.67965698242188 76.34002876281738
173.6016082763672 57.018272399902344 183.7828769683838 57.018272399902344 183.7828769683838 76.47081184387207 173.6016082763672 76.47081184387207
173.82510375976562 56.7075080871582 183.90208435058594 56.7075080871582 183.90208435058594 75.9581413269043 173.82510375976562 75.9581413269043
173.6657257080078 56.902488708496094 183.77999591827393 56.902488708496094 183.77999591827393 76.22435760498047 173.6657257080078 76.22435760498047
173.822021484375 57.052833557128906 183.9361333847046 57.052833557128906 183.9361333847046 76.23994255065918 173.822021484375 76.23994255065918
173.5351104736328 57.336036682128906 183.72433757781982 57.336036682128906 183.72433757781982 76.63775062561035 173.5351104736328 76.63775062561035
174.16986083984375 57.50925827026367 184.38794898986816 57.50925827026367 184.38794898986816 76.73258209228516 174.16986083984375 76.73258209228516
174.25254821777344 57.43297576904297 184.56063652038574 57.43297576904297 184.56063652038574 76.73641777038574 174.25254821777344 76.73641777038574
174.55007934570312 57.56825637817383 184.8569622039795 57.56825637817383 184.8569622039795 76.86943817138672 174.55007934570312 76.86943817138672
174.56143188476562 57.638267517089844 184.92352867126465 57.638267517089844 184.92352867126465 77.04284477233887 174.56143188476562 77.04284477233887
174.8216094970703 57.598167419433594 185.1937961578369 57.598167419433594 185.1937961578369 76.97245025634766 174.8216094970703 76.97245025634766
174.96389770507812 58.1971435546875 185.17891216278076 58.1971435546875 185.17891216278076 77.18689346313477 174.96389770507812 77.18689346313477
174.91485595703125 58.29993438720703 185.11231231689453 58.29993438720703 185.11231231689453 77.21335983276367 174.91485595703125 77.21335983276367
175.48585510253906 57.978302001953125 185.77477359771729 57.978302001953125 185.77477359771729 77.06136322021484 175.48585510253906 77.06136322021484
175.33570861816406 58.3651123046875 185.73156547546387 58.3651123046875 185.73156547546387 77.64651489257812 175.33570861816406 77.64651489257812
175.7026824951172 58.08875274658203 186.22200965881348 58.08875274658203 186.22200965881348 77.59915924072266 175.7026824951172 77.59915924072266
175.8477783203125 58.121360778808594 186.4239683151245 58.121360778808594 186.4239683151245 77.73723220825195 175.8477783203125 77.73723220825195
176.23666381835938 58.260650634765625 186.89641284942627 58.260650634765625 186.89641284942627 78.0314998626709 176.23666381835938 78.0314998626709
176.66983032226562 58.3969612121582 187.31879234313965 58.3969612121582 187.31879234313965 78.1478042602539 176.66983032226562 78.1478042602539
176.53143310546875 58.78090286254883 187.18992710113525 58.78090286254883 187.18992710113525 78.54942321777344 176.53143310546875 78.54942321777344
177.33535766601562 58.64488983154297 188.0768222808838 58.64488983154297 188.0768222808838 78.56729507446289 177.33535766601562 78.56729507446289
177.2332763671875 58.804039001464844 187.81663513183594 58.804039001464844 187.81663513183594 78.43320274353027 177.2332763671875 78.43320274353027
177.4069061279297 59.31635665893555 187.9419984817505 59.31635665893555 187.9419984817505 78.85600090026855 177.4069061279297 78.85600090026855
177.9910888671875 59.119041442871094 188.50979328155518 59.119041442871094 188.50979328155518 78.6282901763916 177.9910888671875 78.6282901763916
178.02670288085938 59.336341857910156 188.5552978515625 59.336341857910156 188.5552978515625 78.86393356323242 178.02670288085938 78.86393356323242
178.42929077148438 59.3517951965332 189.09192180633545 59.3517951965332 189.09192180633545 79.12798500061035 178.42929077148438 79.12798500061035
178.93771362304688 59.61168670654297 189.56980991363525 59.61168670654297 189.56980991363525 79.33124160766602 178.93771362304688 79.33124160766602
178.69822692871094 59.778953552246094 189.26981163024902 59.778953552246094 189.26981163024902 79.38627815246582 178.69822692871094 79.38627815246582
179.0172119140625 59.52385330200195 189.60992908477783 59.52385330200195 189.60992908477783 79.17037200927734 179.0172119140625 79.17037200927734
179.7445831298828 59.7131462097168 190.30882930755615 59.7131462097168 190.30882930755615 79.30685997009277 179.7445831298828 79.30685997009277
179.8503875732422 59.980979919433594 190.41014289855957 59.980979919433594 190.41014289855957 79.56636619567871 179.8503875732422 79.56636619567871
179.9391326904297 60.039085388183594 190.40281867980957 60.039085388183594 190.40281867980957 79.4462890625 179.9391326904297 79.4462890625
179.8640594482422 59.97015380859375 190.43356704711914 59.97015380859375 190.43356704711914 79.57362747192383 179.8640594482422 79.57362747192383
179.81300354003906 59.94804763793945 190.43616676330566 59.94804763793945 190.43616676330566 79.65103721618652 179.81300354003906 79.65103721618652
180.1500244140625 60.13651657104492 190.6770076751709 60.13651657104492 190.6770076751709 79.66111946105957 180.1500244140625 79.66111946105957
180.4176483154297 60.369361877441406 190.85328769683838 60.369361877441406 190.85328769683838 79.72454452514648 180.4176483154297 79.72454452514648
180.20343017578125 60.47713088989258 190.7159824371338 60.47713088989258 190.7159824371338 79.9749641418457 180.20343017578125 79.9749641418457
180.55950927734375 60.483192443847656 191.25149154663086 60.483192443847656 191.25149154663086 80.31381797790527 180.55950927734375 80.31381797790527
180.71783447265625 60.636474609375 191.35961532592773 60.636474609375 191.35961532592773 80.37399101257324 180.71783447265625 80.37399101257324
181.0367889404297 60.333465576171875 191.85723495483398 60.333465576171875 191.85723495483398 80.4023551940918 181.0367889404297 80.4023551940918
181.44122314453125 61.0639533996582 192.04512214660645 61.0639533996582 192.04512214660645 80.73120880126953 181.44122314453125 80.73120880126953
181.35098266601562 61.05012130737305 191.91924667358398 61.05012130737305 191.91924667358398 80.65128326416016 181.35098266601562 80.65128326416016
181.72093200683594 61.34459686279297 192.25274181365967 61.34459686279297 192.25274181365967 80.87814712524414 181.72093200683594 80.87814712524414
181.4282684326172 61.26396560668945 192.1522455215454 61.26396560668945 192.1522455215454 81.1539306640625 181.4282684326172 81.1539306640625
181.52542114257812 61.040733337402344 192.25529766082764 61.040733337402344 192.25529766082764 80.9416389465332 181.52542114257812 80.9416389465332
181.47096252441406 61.23272705078125 192.29755687713623 61.23272705078125 192.29755687713623 81.31301879882812 181.47096252441406 81.31301879882812
181.6848602294922 61.124908447265625 192.48775672912598 61.124908447265625 192.48775672912598 81.16124725341797 181.6848602294922 81.16124725341797
181.67623901367188 61.80901336669922 192.61478424072266 61.80901336669922 192.61478424072266 82.09694290161133 181.67623901367188 82.09694290161133
181.79034423828125 61.48991775512695 192.6633596420288 61.48991775512695 192.6633596420288 81.65630912780762 181.79034423828125 81.65630912780762
182.0210723876953 61.82756423950195 192.95586967468262 61.82756423950195 192.95586967468262 82.1085433959961 182.0210723876953 82.1085433959961
182.31759643554688 61.976348876953125 193.2591028213501 61.976348876953125 193.2591028213501 82.26977157592773 182.31759643554688 82.26977157592773
182.6872100830078 61.94449996948242 193.57256507873535 61.94449996948242 193.57256507873535 82.13377952575684 182.6872100830078 82.13377952575684
182.27145385742188 61.7582893371582 193.18540573120117 61.7582893371582 193.18540573120117 82.00060844421387 182.27145385742188 82.00060844421387
182.6834259033203 62.11366653442383 193.5490779876709 62.11366653442383 193.5490779876709 82.26640319824219 182.6834259033203 82.26640319824219
182.6663055419922 62.244384765625 193.54039192199707 62.244384765625 193.54039192199707 82.41276550292969 182.6663055419922 82.41276550292969
182.77847290039062 62.580909729003906 193.7090368270874 62.580909729003906 193.7090368270874 82.85403823852539 182.77847290039062 82.85403823852539
182.91506958007812 62.93597412109375 193.8002872467041 62.93597412109375 193.8002872467041 83.12499618530273 182.91506958007812 83.12499618530273
183.4794921875 62.94268798828125 194.34247970581055 62.94268798828125 194.34247970581055 83.09047889709473 183.4794921875 83.09047889709473
183.34005737304688 62.65343475341797 194.42614459991455 62.65343475341797 194.42614459991455 83.21500968933105 183.34005737304688 83.21500968933105
183.52108764648438 62.789100646972656 194.56796550750732 62.789100646972656 194.56796550750732 83.27795219421387 183.52108764648438 83.27795219421387
184.0175018310547 63.264015197753906 194.87232780456543 63.264015197753906 194.87232780456543 83.39666366577148 184.0175018310547 83.39666366577148
183.93836975097656 63.3962287902832 194.7418613433838 63.3962287902832 194.7418613433838 83.43366432189941 183.93836975097656 83.43366432189941
184.0387725830078 63.89067459106445 194.79056072235107 63.89067459106445 194.79056072235107 83.83221244812012 184.0387725830078 83.83221244812012
184.33213806152344 63.992897033691406 194.97460460662842 63.992897033691406 194.97460460662842 83.73167610168457 184.33213806152344 83.73167610168457
184.65142822265625 64.0082778930664 195.2409839630127 64.0082778930664 195.2409839630127 83.64892196655273 184.65142822265625 83.64892196655273
184.92141723632812 64.33534240722656 195.5055112838745 64.33534240722656 195.5055112838745 83.96585655212402 184.92141723632812 83.96585655212402
185.52291870117188 65.09677124023438 196.04733276367188 65.09677124023438 196.04733276367188 84.61659622192383 185.52291870117188 84.61659622192383
185.6678009033203 64.10433197021484 196.39953422546387 64.10433197021484 196.39953422546387 84.00867462158203 185.6678009033203 84.00867462158203
185.8499755859375 64.33196258544922 196.67956066131592 64.33196258544922 196.67956066131592 84.41779327392578 185.8499755859375 84.41779327392578
185.78695678710938 64.32487487792969 196.64123344421387 64.32487487792969 196.64123344421387 84.45650291442871 185.78695678710938 84.45650291442871
186.30392456054688 65.0566635131836 197.15065002441406 65.0566635131836 197.15065002441406 85.17428588867188 186.30392456054688 85.17428588867188
186.4888916015625 64.90290832519531 197.31979179382324 64.90290832519531 197.31979179382324 84.99118041992188 186.4888916015625 84.99118041992188
187.0919952392578 65.40901947021484 197.8699712753296 65.40901947021484 197.8699712753296 85.39913558959961 187.0919952392578 85.39913558959961
186.8552703857422 65.78135681152344 197.74493598937988 65.78135681152344 197.74493598937988 85.9786262512207 186.8552703857422 85.9786262512207
186.96768188476562 66.14078521728516 197.94166374206543 66.14078521728516 197.94166374206543 86.49443626403809 186.96768188476562 86.49443626403809
187.6685028076172 64.90023803710938 198.87816905975342 64.90023803710938 198.87816905975342 85.69101905822754 187.6685028076172 85.69101905822754
187.74322509765625 65.40980529785156 198.77729034423828 65.40980529785156 198.77729034423828 85.8748950958252 187.74322509765625 85.8748950958252
188.00344848632812 65.30062866210938 199.1844654083252 65.30062866210938 199.1844654083252 86.03827285766602 188.00344848632812 86.03827285766602
188.9278106689453 65.9895248413086 200.226469039917 65.9895248413086 200.226469039917 86.94536209106445 188.9278106689453 86.94536209106445
188.81356811523438 65.81981658935547 200.0317554473877 65.81981658935547 200.0317554473877 86.62640190124512 188.81356811523438 86.62640190124512
189.65878295898438 66.5270767211914 200.61320686340332 66.5270767211914 200.61320686340332 86.84445571899414 189.65878295898438 86.84445571899414
189.78526306152344 66.18040466308594 200.76201248168945 66.18040466308594 200.76201248168945 86.5391902923584 189.78526306152344 86.5391902923584
190.33993530273438 66.95821380615234 201.04090118408203 66.95821380615234 201.04090118408203 86.80550003051758 190.33993530273438 86.80550003051758
190.24966430664062 67.0020980834961 200.95580101013184 67.0020980834961 200.95580101013184 86.85897445678711 190.24966430664062 86.85897445678711
190.56027221679688 67.4255142211914 201.37089920043945 67.4255142211914 201.37089920043945 87.47619247436523 190.56027221679688 87.47619247436523
190.57962036132812 67.31206512451172 201.50444221496582 67.31206512451172 201.50444221496582 87.57454299926758 190.57962036132812 87.57454299926758
190.025634765625 67.26028442382812 201.0567455291748 67.26028442382812 201.0567455291748 87.71989822387695 190.025634765625 87.71989822387695
190.61119079589844 67.62535095214844 201.38718605041504 67.62535095214844 201.38718605041504 87.61179733276367 190.61119079589844 87.61179733276367
190.46426391601562 67.86116790771484 201.31734466552734 67.86116790771484 201.31734466552734 87.99058723449707 190.46426391601562 87.99058723449707
190.5970458984375 67.58441162109375 201.6330442428589 67.58441162109375 201.6330442428589 88.05309104919434 190.5970458984375 88.05309104919434
190.2784423828125 67.84437561035156 201.40953254699707 67.84437561035156 201.40953254699707 88.48942375183105 190.2784423828125 88.48942375183105
190.8162384033203 68.49700927734375 201.82312297821045 68.49700927734375 201.82312297821045 88.91168975830078 190.8162384033203 88.91168975830078
191.2585906982422 68.15377044677734 202.14889335632324 68.15377044677734 202.14889335632324 88.35222244262695 191.2585906982422 88.35222244262695
191.05844116210938 68.57843017578125 201.8227939605713 68.57843017578125 201.8227939605713 88.54327964782715 191.05844116210938 88.54327964782715
191.34153747558594 68.63176727294922 201.98441314697266 68.63176727294922 201.98441314697266 88.37131118774414 191.34153747558594 88.37131118774414
191.4197235107422 68.93815612792969 202.0122356414795 68.93815612792969 202.0122356414795 88.58429145812988 191.4197235107422 88.58429145812988
191.2584686279297 69.02166748046875 201.94004249572754 69.02166748046875 201.94004249572754 88.83298873901367 191.2584686279297 88.83298873901367
191.3980712890625 69.473876953125 202.05774593353271 69.473876953125 202.05774593353271 89.24457931518555 191.3980712890625 89.24457931518555
192.04884338378906 68.91537475585938 202.84978866577148 68.91537475585938 202.84978866577148 88.94809532165527 192.04884338378906 88.94809532165527
192.85354614257812 69.84498596191406 203.52059364318848 69.84498596191406 203.52059364318848 89.62936401367188 192.85354614257812 89.62936401367188
192.52005004882812 69.81709289550781 203.27630996704102 69.81709289550781 203.27630996704102 89.76693534851074 192.52005004882812 89.76693534851074
192.64816284179688 70.45285034179688 203.17709159851074 70.45285034179688 203.17709159851074 89.9810562133789 192.64816284179688 89.9810562133789
192.8434295654297 70.5110855102539 203.31301879882812 70.5110855102539 203.31301879882812 89.92923164367676 192.8434295654297 89.92923164367676
193.29196166992188 70.60527038574219 203.6999044418335 70.60527038574219 203.6999044418335 89.89833450317383 193.29196166992188 89.89833450317383
193.3861083984375 70.51710510253906 203.82430458068848 70.51710510253906 203.82430458068848 89.86625099182129 193.3861083984375 89.86625099182129
193.396240234375 70.73822784423828 203.865704536438 70.73822784423828 203.865704536438 90.14533615112305 193.396240234375 90.14533615112305
193.61373901367188 70.9977798461914 204.20860290527344 70.9977798461914 204.20860290527344 90.6373405456543 193.61373901367188 90.6373405456543
193.67584228515625 71.29133605957031 204.33595085144043 71.29133605957031 204.33595085144043 91.05183792114258 193.67584228515625 91.05183792114258
194.31271362304688 70.739990234375 205.1059045791626 70.739990234375 205.1059045791626 90.74718475341797 194.31271362304688 90.74718475341797
194.48721313476562 71.20035552978516 205.17775917053223 71.20035552978516 205.17775917053223 91.01727676391602 194.48721313476562 91.01727676391602
194.71400451660156 70.93318939208984 205.4696159362793 70.93318939208984 205.4696159362793 90.87071990966797 194.71400451660156 90.87071990966797
195.37063598632812 71.59403228759766 206.20655059814453 71.59403228759766 206.20655059814453 91.68041610717773 195.37063598632812 91.68041610717773
195.90737915039062 71.40550231933594 206.60242557525635 71.40550231933594 206.60242557525635 91.23076057434082 195.90737915039062 91.23076057434082
195.96205139160156 72.24444580078125 206.51192474365234 72.24444580078125 206.51192474365234 91.80059814453125 195.96205139160156 91.80059814453125
195.9847869873047 72.58397674560547 206.64381217956543 72.58397674560547 206.64381217956543 92.34246444702148 195.9847869873047 92.34246444702148
195.88204956054688 71.92516326904297 206.7617244720459 71.92516326904297 206.7617244720459 92.09266662597656 195.88204956054688 92.09266662597656
196.118408203125 72.26739501953125 207.14529991149902 72.26739501953125 207.14529991149902 92.70779037475586 196.118408203125 92.70779037475586
196.68795776367188 72.6061019897461 207.63164901733398 72.6061019897461 207.63164901733398 92.89226913452148 196.68795776367188 92.89226913452148
197.193603515625 72.662109375 208.13801765441895 72.662109375 208.13801765441895 92.94961929321289 197.193603515625 92.94961929321289
197.32666015625 72.58103942871094 208.2811450958252 72.58103942871094 208.2811450958252 92.8872184753418 197.32666015625 92.8872184753418
198.7300567626953 72.62602233886719 209.75429344177246 72.62602233886719 209.75429344177246 93.06150245666504 198.7300567626953 93.06150245666504
198.7062530517578 72.54331970214844 209.73402214050293 72.54331970214844 209.73402214050293 92.98534774780273 198.7062530517578 92.98534774780273
198.65098571777344 73.13978576660156 209.5619478225708 73.13978576660156 209.5619478225708 93.36528968811035 198.65098571777344 93.36528968811035
199.78453063964844 73.39564514160156 210.57483100891113 73.39564514160156 210.57483100891113 93.39748001098633 199.78453063964844 93.39748001098633
199.57583618164062 73.5191421508789 210.46449089050293 73.5191421508789 210.46449089050293 93.70329666137695 199.57583618164062 93.70329666137695
199.9774627685547 73.89015197753906 210.79523849487305 73.89015197753906 210.79523849487305 93.94291877746582 199.9774627685547 93.94291877746582
200.5427703857422 73.96293640136719 211.53585052490234 73.96293640136719 211.53585052490234 94.34066390991211 200.5427703857422 94.34066390991211
201.50048828125 74.23554992675781 212.40616130828857 74.23554992675781 212.40616130828857 94.45125198364258 201.50048828125 94.45125198364258
201.56411743164062 74.46790313720703 212.35943412780762 74.46790313720703 212.35943412780762 94.47904014587402 201.56411743164062 94.47904014587402
202.75643920898438 74.8101577758789 213.4384422302246 74.8101577758789 213.4384422302246 94.61124801635742 202.75643920898438 94.61124801635742
203.0970001220703 74.90763854980469 213.67113494873047 74.90763854980469 213.67113494873047 94.50877380371094 203.0970001220703 94.50877380371094
204.02304077148438 74.93891906738281 214.42278289794922 74.93891906738281 214.42278289794922 94.2167854309082 204.02304077148438 94.2167854309082
204.0279083251953 75.87322235107422 214.44733715057373 75.87322235107422 214.44733715057373 95.18758010864258 204.0279083251953 95.18758010864258
204.83621215820312 75.21637725830078 215.17621994018555 75.21637725830078 215.17621994018555 94.38351249694824 204.83621215820312 94.38351249694824
204.59547424316406 75.59822845458984 215.00055408477783 75.59822845458984 215.00055408477783 94.885986328125 204.59547424316406 94.885986328125
204.7003631591797 75.68478393554688 215.08422660827637 75.68478393554688 215.08422660827637 94.93321418762207 204.7003631591797 94.93321418762207
204.79966735839844 75.4529037475586 215.31115627288818 75.4529037475586 215.31115627288818 94.93791389465332 204.79966735839844 94.93791389465332
205.2184295654297 76.53546905517578 215.54185009002686 76.53546905517578 215.54185009002686 95.67186164855957 205.2184295654297 95.67186164855957
205.1891326904297 76.43818664550781 215.48950004577637 76.43818664550781 215.48950004577637 95.53184700012207 205.1891326904297 95.53184700012207
205.3234100341797 76.444580078125 215.51827430725098 76.444580078125 215.51827430725098 95.27218246459961 205.3234100341797 95.27218246459961
205.17575073242188 76.52491760253906 215.45643520355225 76.52491760253906 215.45643520355225 95.4036750793457 205.17575073242188 95.4036750793457
204.72927856445312 76.89310455322266 215.07476997375488 76.89310455322266 215.07476997375488 95.89086723327637 204.72927856445312 95.89086723327637
204.8388214111328 76.63856506347656 215.20490074157715 76.63856506347656 215.20490074157715 95.67413520812988 204.8388214111328 95.67413520812988
204.2124786376953 77.13838195800781 214.6773557662964 77.13838195800781 214.6773557662964 96.35537910461426 204.2124786376953 96.35537910461426
204.57260131835938 77.19434356689453 214.8866958618164 77.19434356689453 214.8866958618164 96.13445663452148 204.57260131835938 96.13445663452148
204.95816040039062 77.23714447021484 215.23952388763428 77.23714447021484 215.23952388763428 96.11715507507324 204.95816040039062 96.11715507507324
205.03305053710938 77.02937316894531 215.2496042251587 77.02937316894531 215.2496042251587 95.79037094116211 205.03305053710938 95.79037094116211
204.7630157470703 77.2129898071289 215.00201988220215 77.2129898071289 215.00201988220215 96.01521492004395 204.7630157470703 96.01521492004395
204.6412811279297 77.62806701660156 214.8625726699829 77.62806701660156 214.8625726699829 96.33225631713867 204.6412811279297 96.33225631713867
204.93130493164062 77.66493225097656 215.2426881790161 77.66493225097656 215.2426881790161 96.53398323059082 204.93130493164062 96.53398323059082
205.09945678710938 77.59280395507812 215.46505451202393 77.59280395507812 215.46505451202393 96.56106185913086 205.09945678710938 96.56106185913086
205.22265625 77.62887573242188 215.63341808319092 77.62887573242188 215.63341808319092 96.67978286743164 205.22265625 96.67978286743164
204.7600860595703 78.1410140991211 215.2035837173462 78.1410140991211 215.2035837173462 97.2518253326416 204.7600860595703 97.2518253326416
205.336181640625 78.65516662597656 215.81336975097656 78.65516662597656 215.81336975097656 97.82762908935547 205.336181640625 97.82762908935547
205.4790802001953 78.53868103027344 216.00831604003906 78.53868103027344 216.00831604003906 97.80638885498047 205.4790802001953 97.80638885498047
205.5751190185547 78.32675170898438 216.26394844055176 78.32675170898438 216.26394844055176 97.88650131225586 205.5751190185547 97.88650131225586
205.81503295898438 78.69209289550781 216.63276863098145 78.69209289550781 216.63276863098145 98.48773193359375 205.81503295898438 98.48773193359375
205.93701171875 78.75831604003906 216.62490940093994 78.75831604003906 216.62490940093994 98.31636047363281 205.93701171875 98.31636047363281
206.08456420898438 79.33654022216797 216.87394428253174 79.33654022216797 216.87394428253174 99.08028984069824 206.08456420898438 99.08028984069824
