38.0 34.0 55.0 34.0 55.0 48.0 38.0 48.0
38.58954620361328 34.45606231689453 55.70072555541992 34.45606231689453 55.70072555541992 48.54762268066406 38.58954620361328 48.54762268066406
38.464813232421875 34.468711853027344 55.81226921081543 34.468711853027344 55.81226921081543 48.75485420227051 38.464813232421875 48.75485420227051
38.55568313598633 35.30387496948242 56.07143020629883 35.30387496948242 56.07143020629883 49.72860908508301 38.55568313598633 49.72860908508301
38.77837371826172 35.327430725097656 56.30110168457031 35.327430725097656 56.30110168457031 49.75791358947754 38.77837371826172 49.75791358947754
39.244056701660156 36.39600372314453 56.89069175720215 36.39600372314453 56.89069175720215 50.92852592468262 39.244056701660156 50.92852592468262
39.64844512939453 36.06108093261719 57.15657424926758 36.06108093261719 57.15657424926758 50.47953987121582 39.64844512939453 50.47953987121582
39.81681442260742 37.00055694580078 57.38693809509277 37.00055694580078 57.38693809509277 51.470069885253906 39.81681442260742 51.470069885253906
40.26782989501953 37.305213928222656 58.10503387451172 37.305213928222656 58.10503387451172 51.99467658996582 40.26782989501953 51.99467658996582
40.12880325317383 37.474525451660156 58.24979209899902 37.474525451660156 58.24979209899902 52.39769268035889 40.12880325317383 52.39769268035889
40.79215621948242 38.21184158325195 58.76739692687988 38.21184158325195 58.76739692687988 53.01498031616211 40.79215621948242 53.01498031616211
41.215763092041016 38.463218688964844 59.38736343383789 38.463218688964844 59.38736343383789 53.42806529998779 41.215763092041016 53.42806529998779
41.416358947753906 38.9272346496582 59.756385803222656 38.9272346496582 59.756385803222656 54.03078556060791 41.416358947753906 54.03078556060791
41.81789779663086 39.47269058227539 60.20868682861328 39.47269058227539 60.20868682861328 54.618045806884766 41.81789779663086 54.618045806884766
42.32622528076172 39.748817443847656 60.75505447387695 39.748817443847656 60.75505447387695 54.92550086975098 42.32622528076172 54.92550086975098
42.93561935424805 40.739986419677734 61.19095802307129 40.739986419677734 61.19095802307129 55.77379512786865 42.93561935424805 55.77379512786865
43.7407341003418 40.99395751953125 62.08393859863281 40.99395751953125 62.08393859863281 56.100125312805176 43.7407341003418 56.100125312805176
44.10204315185547 41.23682403564453 62.53348159790039 41.23682403564453 62.53348159790039 56.41565418243408 44.10204315185547 56.41565418243408
44.681114196777344 42.17815399169922 63.201053619384766 42.17815399169922 63.201053619384766 57.4298677444458 44.681114196777344 57.4298677444458
44.908409118652344 42.55152893066406 63.48837852478027 42.55152893066406 63.48837852478027 57.85267925262451 44.908409118652344 57.85267925262451
45.687015533447266 43.1852912902832 64.13642120361328 43.1852912902832 64.13642120361328 58.37891960144043 45.687015533447266 58.37891960144043
46.001609802246094 43.89623260498047 64.38071823120117 43.89623260498047 64.38071823120117 59.03196907043457 46.001609802246094 59.03196907043457
46.345726013183594 44.139549255371094 64.56899452209473 44.139549255371094 64.56899452209473 59.14694690704346 46.345726013183594 59.14694690704346
47.01105499267578 44.91040802001953 65.31164169311523 44.91040802001953 65.31164169311523 59.981478691101074 47.01105499267578 59.981478691101074
47.91195297241211 45.204490661621094 66.5087890625 45.204490661621094 66.5087890625 60.51953125 47.91195297241211 60.51953125
48.484840393066406 45.810203552246094 67.27521324157715 45.810203552246094 67.27521324157715 61.284626960754395 48.484840393066406 61.284626960754395
48.43668746948242 45.67314529418945 67.4618091583252 45.67314529418945 67.4618091583252 61.340890884399414 48.43668746948242 61.340890884399414
49.109954833984375 46.623878479003906 68.30568313598633 46.623878479003906 68.30568313598633 62.43212413787842 49.109954833984375 62.43212413787842
50.154693603515625 46.77159881591797 69.63586235046387 46.77159881591797 69.63586235046387 62.81491470336914 50.154693603515625 62.81491470336914
50.65807342529297 47.658782958984375 70.14424324035645 47.658782958984375 70.14424324035645 63.70621871948242 50.65807342529297 63.70621871948242
50.97783279418945 47.968910217285156 70.63524627685547 47.968910217285156 70.63524627685547 64.1573715209961 50.97783279418945 64.1573715209961
51.645294189453125 48.425811767578125 71.61225700378418 48.425811767578125 71.61225700378418 64.86919593811035 51.645294189453125 64.86919593811035
51.80951690673828 48.402381896972656 71.84427642822266 48.402381896972656 71.84427642822266 64.90159797668457 51.80951690673828 64.90159797668457
52.679725646972656 50.05485153198242 72.76085090637207 50.05485153198242 72.76085090637207 66.59224891662598 52.679725646972656 66.59224891662598
53.217872619628906 50.24171829223633 73.20247840881348 50.24171829223633 73.20247840881348 66.69962882995605 53.217872619628906 66.69962882995605
54.7314338684082 51.81709671020508 74.91075325012207 51.81709671020508 74.91075325012207 68.43535804748535 54.7314338684082 68.43535804748535
55.0323600769043 52.3297119140625 75.29130554199219 52.3297119140625 75.29130554199219 69.01354598999023 55.0323600769043 69.01354598999023
56.76013946533203 52.891700744628906 76.59402847290039 52.891700744628906 76.59402847290039 69.22549057006836 56.76013946533203 69.22549057006836
57.40739822387695 53.704368591308594 77.39607048034668 53.704368591308594 77.39607048034668 70.1656265258789 57.40739822387695 70.1656265258789
57.6761589050293 54.248321533203125 77.71813774108887 54.248321533203125 77.71813774108887 70.75348091125488 57.6761589050293 70.75348091125488
58.51546096801758 54.502174377441406 79.04360008239746 54.502174377441406 79.04360008239746 71.40770149230957 58.51546096801758 71.40770149230957
59.16851043701172 54.735862731933594 79.98035049438477 54.735862731933594 79.98035049438477 71.87502479553223 59.16851043701172 71.87502479553223
60.4915771484375 55.904197692871094 81.1304874420166 55.904197692871094 81.1304874420166 72.90094375610352 60.4915771484375 72.90094375610352
61.4758186340332 56.2828483581543 81.99005508422852 56.2828483581543 81.99005508422852 73.17692184448242 61.4758186340332 73.17692184448242
62.34417724609375 57.498619079589844 83.21973991394043 57.498619079589844 83.21973991394043 74.69025611877441 62.34417724609375 74.69025611877441
62.585205078125 57.16911697387695 83.7677116394043 57.16911697387695 83.7677116394043 74.61353302001953 62.585205078125 74.61353302001953
63.38054275512695 58.325096130371094 84.77055358886719 58.325096130371094 84.77055358886719 75.94039726257324 63.38054275512695 75.94039726257324
64.20625305175781 58.60698318481445 85.44843864440918 58.60698318481445 85.44843864440918 76.10054779052734 64.20625305175781 76.10054779052734
65.87052154541016 59.87257766723633 87.04574394226074 59.87257766723633 87.04574394226074 77.31099700927734 65.87052154541016 77.31099700927734
66.73252868652344 59.56365966796875 88.12013053894043 59.56365966796875 88.12013053894043 77.1769790649414 66.73252868652344 77.1769790649414
66.88249206542969 60.419883728027344 88.44954490661621 60.419883728027344 88.44954490661621 78.18098831176758 66.88249206542969 78.18098831176758
68.35310363769531 61.085052490234375 90.07024383544922 61.085052490234375 90.07024383544922 78.96975708007812 68.35310363769531 78.96975708007812
68.61961364746094 61.784156799316406 90.62548637390137 61.784156799316406 90.62548637390137 79.90664291381836 68.61961364746094 79.90664291381836
70.06090545654297 62.69672775268555 92.17523574829102 62.69672775268555 92.17523574829102 80.90853309631348 70.06090545654297 80.90853309631348
71.09668731689453 62.900169372558594 93.2575569152832 62.900169372558594 93.2575569152832 81.15030288696289 71.09668731689453 81.15030288696289
71.71485137939453 64.24761962890625 93.69171524047852 64.24761962890625 93.69171524047852 82.34622001647949 71.71485137939453 82.34622001647949
72.45414733886719 64.12991333007812 94.8626823425293 64.12991333007812 94.8626823425293 82.5840072631836 72.45414733886719 82.5840072631836
73.89253997802734 65.46239471435547 95.91348648071289 65.46239471435547 95.91348648071289 83.59729766845703 73.89253997802734 83.59729766845703
73.93939208984375 65.8216552734375 96.1295223236084 65.8216552734375 96.1295223236084 84.09588813781738 73.93939208984375 84.09588813781738
74.32061767578125 66.30024719238281 97.12540626525879 66.30024719238281 97.12540626525879 85.08066940307617 74.32061767578125 85.08066940307617
75.53822326660156 66.54431915283203 98.28927040100098 66.54431915283203 98.28927040100098 85.28048324584961 75.53822326660156 85.28048324584961
76.69108581542969 68.13816833496094 99.72344589233398 68.13816833496094 99.72344589233398 87.10600280761719 76.69108581542969 87.10600280761719
76.99016571044922 68.32948303222656 100.01485061645508 68.32948303222656 100.01485061645508 87.29099655151367 76.99016571044922 87.29099655151367
77.85820770263672 69.18064880371094 101.17632484436035 69.18064880371094 101.17632484436035 88.3838119506836 77.85820770263672 88.3838119506836
78.47232055664062 69.52244567871094 101.86380004882812 69.52244567871094 101.86380004882812 88.7860279083252 78.47232055664062 88.7860279083252
79.23060607910156 69.82624816894531 102.59393310546875 69.82624816894531 102.59393310546875 89.06664657592773 79.23060607910156 89.06664657592773
80.8628921508789 71.44407653808594 104.38630485534668 71.44407653808594 104.38630485534668 90.81631088256836 80.8628921508789 90.81631088256836
81.28343200683594 72.26576232910156 104.84676933288574 72.26576232910156 104.84676933288574 91.67087745666504 81.28343200683594 91.67087745666504
82.66705322265625 72.8983154296875 106.47800636291504 72.8983154296875 106.47800636291504 92.50734901428223 82.66705322265625 92.50734901428223
82.96668243408203 73.77686309814453 106.60473442077637 73.77686309814453 106.60473442077637 93.2435073852539 82.96668243408203 93.2435073852539
83.93370819091797 74.19478607177734 107.61039924621582 74.19478607177734 107.61039924621582 93.69325065612793 83.93370819091797 93.69325065612793
85.3342514038086 74.41972351074219 109.3653392791748 74.41972351074219 109.3653392791748 94.21004486083984 85.3342514038086 94.21004486083984
86.36569213867188 75.67964935302734 110.38054847717285 75.67964935302734 110.38054847717285 95.45660209655762 86.36569213867188 95.45660209655762
86.87012481689453 75.91102600097656 111.0683822631836 75.91102600097656 111.0683822631836 95.83901596069336 86.87012481689453 95.83901596069336
88.0273666381836 76.83512115478516 112.17403030395508 76.83512115478516 112.17403030395508 96.72062301635742 88.0273666381836 96.72062301635742
89.09979248046875 77.20482635498047 113.46670722961426 77.20482635498047 113.46670722961426 97.2717113494873 89.09979248046875 97.2717113494873
89.88494110107422 78.3597640991211 114.064453125 78.3597640991211 114.064453125 98.2723159790039 89.88494110107422 98.2723159790039
91.20816802978516 79.81079864501953 115.08301162719727 79.81079864501953 115.08301162719727 99.47244644165039 91.20816802978516 99.47244644165039
91.7728042602539 80.08834075927734 115.88090896606445 80.08834075927734 115.88090896606445 99.94208717346191 91.7728042602539 99.94208717346191
93.1051254272461 81.17088317871094 117.39516067504883 81.17088317871094 117.39516067504883 101.17445755004883 93.1051254272461 101.17445755004883
93.94319915771484 81.94815063476562 118.15926933288574 81.94815063476562 118.15926933288574 101.89081192016602 93.94319915771484 101.89081192016602
94.68069458007812 82.91519927978516 119.23093223571777 82.91519927978516 119.23093223571777 103.13306045532227 94.68069458007812 103.13306045532227
95.16973876953125 83.56190490722656 120.10826683044434 83.56190490722656 120.10826683044434 104.09953689575195 95.16973876953125 104.09953689575195
96.81118774414062 83.90586853027344 121.81430435180664 83.90586853027344 121.81430435180664 104.49668884277344 96.81118774414062 104.49668884277344
97.33333587646484 84.26853942871094 122.49980926513672 84.26853942871094 122.49980926513672 104.9938907623291 97.33333587646484 104.9938907623291
98.41287231445312 85.4660873413086 123.67490577697754 85.4660873413086 123.67490577697754 106.2701358795166 98.41287231445312 106.2701358795166
99.60350036621094 86.62107849121094 124.40171432495117 86.62107849121094 124.40171432495117 107.04315757751465 99.60350036621094 107.04315757751465
99.83189392089844 86.96376037597656 125.00482177734375 86.96376037597656 125.00482177734375 107.69442749023438 99.83189392089844 107.69442749023438
101.22642517089844 88.24513244628906 126.46279716491699 88.24513244628906 126.46279716491699 109.02804946899414 101.22642517089844 109.02804946899414
102.33657836914062 88.92709350585938 127.7310676574707 88.92709350585938 127.7310676574707 109.84022331237793 102.33657836914062 109.84022331237793
103.0797348022461 89.54814147949219 128.70097541809082 89.54814147949219 128.70097541809082 110.64800643920898 103.0797348022461 110.64800643920898
104.56437683105469 90.55704498291016 130.51977920532227 90.55704498291016 130.51977920532227 111.93210220336914 104.56437683105469 111.93210220336914
104.51363372802734 90.6422348022461 130.60283279418945 90.6422348022461 130.60283279418945 112.12747764587402 104.51363372802734 112.12747764587402
105.70263671875 92.41992950439453 131.7380828857422 92.41992950439453 131.7380828857422 113.86090469360352 105.70263671875 113.86090469360352
106.5557861328125 93.06788635253906 132.4033603668213 93.06788635253906 132.4033603668213 114.3541431427002 106.5557861328125 114.3541431427002
107.0317153930664 93.1165542602539 133.23988723754883 93.1165542602539 133.23988723754883 114.69977188110352 107.0317153930664 114.69977188110352
108.2475814819336 94.85807800292969 134.5164623260498 94.85807800292969 134.5164623260498 116.49129104614258 108.2475814819336 116.49129104614258
108.38250732421875 95.41877746582031 134.58556175231934 95.41877746582031 134.58556175231934 116.99778175354004 108.38250732421875 116.99778175354004
110.26283264160156 96.42951202392578 136.37974548339844 96.42951202392578 136.37974548339844 117.93757629394531 110.26283264160156 117.93757629394531
111.43992614746094 97.33546447753906 137.41090393066406 97.33546447753906 137.41090393066406 118.72334480285645 111.43992614746094 118.72334480285645
112.12968444824219 98.51226043701172 138.41811180114746 98.51226043701172 138.41811180114746 120.16156959533691 112.12968444824219 120.16156959533691
111.8842544555664 98.8460464477539 138.68390655517578 98.8460464477539 138.68390655517578 120.9163646697998 111.8842544555664 120.9163646697998
113.43086242675781 100.30838775634766 140.394287109375 100.30838775634766 140.394287109375 122.51357841491699 113.43086242675781 122.51357841491699
114.34820556640625 100.92416381835938 141.62660217285156 100.92416381835938 141.62660217285156 123.38874435424805 114.34820556640625 123.38874435424805
115.1078109741211 101.31312561035156 142.67124557495117 101.31312561035156 142.67124557495117 124.01244354248047 115.1078109741211 124.01244354248047
115.51191711425781 103.0381851196289 143.2715187072754 103.0381851196289 143.2715187072754 125.89905166625977 115.51191711425781 125.89905166625977
116.2969741821289 103.8246841430664 144.06373405456543 103.8246841430664 144.06373405456543 126.69144630432129 116.2969741821289 126.69144630432129
117.47684478759766 104.67558288574219 145.5220012664795 104.67558288574219 145.5220012664795 127.77161598205566 117.47684478759766 127.77161598205566
118.01444244384766 105.2252426147461 146.4082202911377 105.2252426147461 146.4082202911377 128.6083755493164 118.01444244384766 128.6083755493164
119.6457748413086 106.8593978881836 148.49773788452148 106.8593978881836 148.49773788452148 130.61985969543457 119.6457748413086 130.61985969543457
120.17315673828125 107.35700988769531 149.29211807250977 107.35700988769531 149.29211807250977 131.33735275268555 120.17315673828125 131.33735275268555
121.45255279541016 108.39453125 151.42805862426758 108.39453125 151.42805862426758 133.08026695251465 121.45255279541016 133.08026695251465
121.56428527832031 108.2988510131836 152.07535934448242 108.2988510131836 152.07535934448242 133.42564582824707 121.56428527832031 133.42564582824707
122.97896575927734 110.1730728149414 153.3327922821045 110.1730728149414 153.3327922821045 135.1703701019287 122.97896575927734 135.1703701019287
123.75579833984375 111.4726791381836 154.29352188110352 111.4726791381836 154.29352188110352 136.6214199066162 123.75579833984375 136.6214199066162
125.85762786865234 113.2855224609375 156.65757369995117 113.2855224609375 156.65757369995117 138.65021133422852 125.85762786865234 138.65021133422852
126.2802505493164 114.01066589355469 157.13915634155273 114.01066589355469 157.13915634155273 139.4239101409912 126.2802505493164 139.4239101409912
127.6640396118164 116.0401382446289 158.22467231750488 116.0401382446289 158.22467231750488 141.20774459838867 127.6640396118164 141.20774459838867
129.9807891845703 117.71842956542969 161.1941432952881 117.71842956542969 161.1941432952881 143.42357444763184 129.9807891845703 143.42357444763184
130.71218872070312 118.61104583740234 161.96879959106445 118.61104583740234 161.96879959106445 144.35181427001953 130.71218872070312 144.35181427001953
132.13265991210938 119.23847961425781 163.43411827087402 119.23847961425781 163.43411827087402 145.0161838531494 132.13265991210938 145.0161838531494
134.72903442382812 121.97966003417969 165.65838623046875 121.97966003417969 165.65838623046875 147.45092391967773 134.72903442382812 147.45092391967773
137.1921844482422 122.90877532958984 168.1662197113037 122.90877532958984 168.1662197113037 148.41683769226074 137.1921844482422 148.41683769226074
138.12362670898438 124.43135070800781 169.38039588928223 124.43135070800781 169.38039588928223 150.1722526550293 138.12362670898438 150.1722526550293
139.14756774902344 125.18672943115234 170.4562644958496 125.18672943115234 170.4562644958496 150.97039604187012 139.14756774902344 150.97039604187012
140.55538940429688 126.80265045166016 172.29782676696777 126.80265045166016 172.29782676696777 152.9435157775879 140.55538940429688 152.9435157775879
142.0719451904297 127.01261138916016 173.7010383605957 127.01261138916016 173.7010383605957 153.06013298034668 142.0719451904297 153.06013298034668
145.1389923095703 129.4547576904297 176.96502113342285 129.4547576904297 176.96502113342285 155.6644630432129 145.1389923095703 155.6644630432129
145.3256072998047 129.76974487304688 177.74637603759766 129.76974487304688 177.74637603759766 156.46923828125 145.3256072998047 156.46923828125
148.91412353515625 132.52391052246094 181.46364212036133 132.52391052246094 181.46364212036133 159.32943153381348 148.91412353515625 159.32943153381348
148.72280883789062 132.78402709960938 181.96208572387695 132.78402709960938 181.96208572387695 160.1575813293457 148.72280883789062 160.1575813293457
150.8893585205078 133.95291137695312 184.1230125427246 133.95291137695312 184.1230125427246 161.32183837890625 150.8893585205078 161.32183837890625
152.33030700683594 135.771728515625 185.88091659545898 135.771728515625 185.88091659545898 163.40167808532715 152.33030700683594 163.40167808532715
152.8816680908203 136.820068359375 186.6023941040039 136.820068359375 186.6023941040039 164.59011840820312 152.8816680908203 164.59011840820312
159.6745147705078 140.5400390625 193.33728790283203 140.5400390625 193.33728790283203 168.2623634338379 159.6745147705078 168.2623634338379
160.9727325439453 142.32264709472656 194.2997817993164 142.32264709472656 194.2997817993164 169.76848983764648 160.9727325439453 169.76848983764648
162.72793579101562 144.393310546875 195.8951530456543 144.393310546875 195.8951530456543 171.7075252532959 162.72793579101562 171.7075252532959
162.60595703125 146.62452697753906 195.90812301635742 146.62452697753906 195.90812301635742 174.0498809814453 162.60595703125 174.0498809814453
164.0591583251953 146.5182342529297 197.78992462158203 146.5182342529297 197.78992462158203 174.29655838012695 164.0591583251953 174.29655838012695
164.26893615722656 146.2913360595703 199.0331153869629 146.2913360595703 199.0331153869629 174.92070960998535 164.26893615722656 174.92070960998535
168.36355590820312 151.252685546875 202.23109817504883 151.252685546875 202.23109817504883 179.14365196228027 168.36355590820312 179.14365196228027
168.9387664794922 148.4417266845703 202.93271255493164 148.4417266845703 202.93271255493164 176.43678855895996 168.9387664794922 176.43678855895996
170.8107147216797 153.9797821044922 204.5404281616211 153.9797821044922 204.5404281616211 181.7572422027588 170.8107147216797 181.7572422027588
168.45205688476562 153.84405517578125 202.5180549621582 153.84405517578125 202.5180549621582 181.89845657348633 168.45205688476562 181.89845657348633
137.40493774414062 144.67745971679688 171.67556381225586 144.67745971679688 171.67556381225586 172.9003791809082 137.40493774414062 172.9003791809082
176.24093627929688 158.00112915039062 210.95651626586914 158.00112915039062 210.95651626586914 186.59048080444336 176.24093627929688 186.59048080444336
178.61373901367188 159.32321166992188 213.65300369262695 159.32321166992188 213.65300369262695 188.1791286468506 178.61373901367188 188.1791286468506
