211.0 161.0 254.0 161.0 254.0 201.0 211.0 201.0
209.8332061767578 161.0177001953125 253.18224716186523 161.0177001953125 253.18224716186523 201.3423843383789 209.8332061767578 201.3423843383789
209.0823211669922 160.72048950195312 253.3043670654297 160.72048950195312 253.3043670654297 201.85726928710938 209.0823211669922 201.85726928710938
210.15390014648438 160.22213745117188 254.61013793945312 160.22213745117188 254.61013793945312 201.5767707824707 210.15390014648438 201.5767707824707
208.47213745117188 161.09719848632812 253.0249900817871 161.09719848632812 253.0249900817871 202.54170608520508 208.47213745117188 202.54170608520508
208.4522705078125 161.09317016601562 252.72522354125977 161.09317016601562 252.72522354125977 202.27730560302734 208.4522705078125 202.27730560302734
208.0366668701172 160.03353881835938 252.84049224853516 160.03353881835938 252.84049224853516 201.71150970458984 208.0366668701172 201.71150970458984
206.0613555908203 159.90081787109375 251.2376251220703 159.90081787109375 251.2376251220703 201.9252471923828 206.0613555908203 201.9252471923828
205.96157836914062 160.38304138183594 250.85376358032227 160.38304138183594 250.85376358032227 202.14320373535156 205.96157836914062 202.14320373535156
207.58847045898438 159.94290161132812 252.18424606323242 159.94290161132812 252.18424606323242 201.42733764648438 207.58847045898438 201.42733764648438
206.42227172851562 160.1861572265625 251.4537582397461 160.1861572265625 251.4537582397461 202.0759048461914 206.42227172851562 202.0759048461914
206.00430297851562 159.66796875 251.0330352783203 159.66796875 251.0330352783203 201.5551528930664 206.00430297851562 201.5551528930664
205.5729217529297 160.94300842285156 250.2639923095703 160.94300842285156 250.2639923095703 202.51608657836914 205.5729217529297 202.51608657836914
204.32652282714844 159.74075317382812 249.5956916809082 159.74075317382812 249.5956916809082 201.8515968322754 204.32652282714844 201.8515968322754
204.2199249267578 160.3314208984375 249.69893264770508 160.3314208984375 249.69893264770508 202.63745880126953 204.2199249267578 202.63745880126953
202.9355926513672 160.1602020263672 248.48469161987305 160.1602020263672 248.48469161987305 202.53144073486328 202.9355926513672 202.53144073486328
202.47183227539062 159.9957275390625 248.5324592590332 159.9957275390625 248.5324592590332 202.8428077697754 202.47183227539062 202.8428077697754
201.1374053955078 159.90513610839844 247.7492446899414 159.90513610839844 247.7492446899414 203.26497650146484 201.1374053955078 203.26497650146484
201.8966827392578 159.47164916992188 248.7662811279297 159.47164916992188 248.7662811279297 203.0712661743164 201.8966827392578 203.0712661743164
200.56680297851562 159.5496368408203 248.0735855102539 159.5496368408203 248.0735855102539 203.74198150634766 200.56680297851562 203.74198150634766
201.1914825439453 159.38172912597656 247.79711532592773 159.38172912597656 247.79711532592773 202.7357940673828 201.1914825439453 202.7357940673828
199.71749877929688 159.86990356445312 246.25225830078125 159.86990356445312 246.25225830078125 203.15804290771484 199.71749877929688 203.15804290771484
200.79283142089844 159.91566467285156 247.67283630371094 159.91566467285156 247.67283630371094 203.52495956420898 200.79283142089844 203.52495956420898
199.78073120117188 159.0591278076172 246.0092544555664 159.0591278076172 246.0092544555664 202.06239318847656 199.78073120117188 202.06239318847656
198.9014434814453 158.95584106445312 245.88776397705078 158.95584106445312 245.88776397705078 202.66403579711914 198.9014434814453 202.66403579711914
198.16995239257812 159.60394287109375 245.53848266601562 159.60394287109375 245.53848266601562 203.66768646240234 198.16995239257812 203.66768646240234
196.43701171875 158.88339233398438 244.44218826293945 158.88339233398438 244.44218826293945 203.53936767578125 196.43701171875 203.53936767578125
197.9849090576172 158.74024963378906 245.98897552490234 158.74024963378906 245.98897552490234 203.39519500732422 197.9849090576172 203.39519500732422
196.6825408935547 158.85345458984375 244.10093688964844 158.85345458984375 244.10093688964844 202.9635887145996 196.6825408935547 202.9635887145996
197.40921020507812 159.74691772460938 244.69833374023438 159.74691772460938 244.69833374023438 203.73679733276367 197.40921020507812 203.73679733276367
196.6394805908203 159.41482543945312 243.94026947021484 159.41482543945312 243.94026947021484 203.41555404663086 196.6394805908203 203.41555404663086
196.6276092529297 158.7522430419922 244.6207160949707 158.7522430419922 244.6207160949707 203.39698791503906 196.6276092529297 203.39698791503906
194.0380401611328 159.02679443359375 242.88358688354492 159.02679443359375 242.88358688354492 204.46450805664062 194.0380401611328 204.46450805664062
194.77989196777344 157.8595733642578 243.80144500732422 157.8595733642578 243.80144500732422 203.4610137939453 194.77989196777344 203.4610137939453
196.03749084472656 158.5546112060547 245.36485290527344 158.5546112060547 245.36485290527344 204.44052505493164 196.03749084472656 204.44052505493164
193.7362060546875 157.13206481933594 243.3985824584961 157.13206481933594 243.3985824584961 203.32962036132812 193.7362060546875 203.32962036132812
191.23841857910156 158.0341339111328 241.55315399169922 158.0341339111328 241.55315399169922 204.83853149414062 191.23841857910156 204.83853149414062
193.12075805664062 157.4813995361328 243.34302139282227 157.4813995361328 243.34302139282227 204.19977569580078 193.12075805664062 204.19977569580078
192.58543395996094 158.02792358398438 242.8400993347168 158.02792358398438 242.8400993347168 204.7764434814453 192.58543395996094 204.7764434814453
191.93917846679688 157.8722381591797 242.06567764282227 157.8722381591797 242.06567764282227 204.50153350830078 191.93917846679688 204.50153350830078
190.19744873046875 157.41317749023438 240.66641235351562 157.41317749023438 240.66641235351562 204.36104202270508 190.19744873046875 204.36104202270508
190.5232391357422 157.2238311767578 241.54137420654297 157.2238311767578 241.54137420654297 204.68255233764648 190.5232391357422 204.68255233764648
189.95089721679688 157.1868438720703 241.83330535888672 157.1868438720703 241.83330535888672 205.4495391845703 189.95089721679688 205.4495391845703
189.6867218017578 157.17547607421875 241.75525283813477 157.17547607421875 241.75525283813477 205.6113052368164 189.6867218017578 205.6113052368164
188.0321044921875 156.91494750976562 240.00931549072266 156.91494750976562 240.00931549072266 205.26582717895508 188.0321044921875 205.26582717895508
187.24203491210938 156.63851928710938 239.80156326293945 156.63851928710938 239.80156326293945 205.53108978271484 187.24203491210938 205.53108978271484
186.004638671875 156.1794891357422 238.4679069519043 156.1794891357422 238.4679069519043 204.98251724243164 186.004638671875 204.98251724243164
187.72085571289062 157.04769897460938 239.45850372314453 157.04769897460938 239.45850372314453 205.1757354736328 187.72085571289062 205.1757354736328
186.32077026367188 156.81204223632812 237.67144012451172 156.81204223632812 237.67144012451172 204.58009719848633 186.32077026367188 204.58009719848633
186.57916259765625 157.33480834960938 237.3528823852539 157.33480834960938 237.3528823852539 204.566162109375 186.57916259765625 204.566162109375
188.48435974121094 156.2144012451172 238.87939834594727 156.2144012451172 238.87939834594727 203.0934944152832 188.48435974121094 203.0934944152832
186.06887817382812 157.7257537841797 236.6975212097168 157.7257537841797 236.6975212097168 204.82215118408203 186.06887817382812 204.82215118408203
186.2772674560547 156.7926483154297 237.9002456665039 156.7926483154297 237.9002456665039 204.81401443481445 186.2772674560547 204.81401443481445
184.32467651367188 156.6332550048828 236.8482551574707 156.6332550048828 236.8482551574707 205.49238204956055 184.32467651367188 205.49238204956055
183.38748168945312 155.75115966796875 236.97174072265625 155.75115966796875 236.97174072265625 205.5969696044922 183.38748168945312 205.5969696044922
183.4737091064453 156.2819366455078 237.3996353149414 156.2819366455078 237.3996353149414 206.4455795288086 183.4737091064453 206.4455795288086
181.66529846191406 155.1964111328125 236.3949317932129 155.1964111328125 236.3949317932129 206.1076889038086 181.66529846191406 206.1076889038086
182.39511108398438 155.46485900878906 237.78806686401367 155.46485900878906 237.78806686401367 206.9931869506836 182.39511108398438 206.9931869506836
180.67636108398438 155.08189392089844 235.70539093017578 155.08189392089844 235.70539093017578 206.27168655395508 180.67636108398438 206.27168655395508
179.52999877929688 154.9228515625 234.78181076049805 154.9228515625 234.78181076049805 206.31987762451172 179.52999877929688 206.31987762451172
181.4163818359375 155.087158203125 235.51163864135742 155.087158203125 235.51163864135742 205.40832138061523 181.4163818359375 205.40832138061523
182.17721557617188 155.0347900390625 236.28496170043945 155.0347900390625 236.28496170043945 205.36757278442383 182.17721557617188 205.36757278442383
180.97434997558594 156.75830078125 234.66859436035156 156.75830078125 234.66859436035156 206.7064323425293 180.97434997558594 206.7064323425293
179.97726440429688 154.85195922851562 234.4796142578125 154.85195922851562 234.4796142578125 205.55181503295898 179.97726440429688 205.55181503295898
179.75389099121094 154.48703002929688 234.86858367919922 154.48703002929688 234.86858367919922 205.75650787353516 179.75389099121094 205.75650787353516
178.0779571533203 154.78268432617188 233.8744354248047 154.78268432617188 233.8744354248047 206.6863784790039 178.0779571533203 206.6863784790039
178.56077575683594 154.06724548339844 234.12401962280273 154.06724548339844 234.12401962280273 205.75397491455078 178.56077575683594 205.75397491455078
177.2041473388672 154.1317138671875 233.22362518310547 154.1317138671875 233.22362518310547 206.24284744262695 177.2041473388672 206.24284744262695
175.5260467529297 154.34042358398438 231.6643943786621 154.34042358398438 231.6643943786621 206.5621337890625 175.5260467529297 206.5621337890625
175.47096252441406 154.14834594726562 231.62498474121094 154.14834594726562 231.62498474121094 206.38463592529297 175.47096252441406 206.38463592529297
175.20046997070312 154.2066650390625 231.72837448120117 154.2066650390625 231.72837448120117 206.7907600402832 175.20046997070312 206.7907600402832
175.70870971679688 154.61195373535156 232.67898559570312 154.61195373535156 232.67898559570312 207.60755920410156 175.70870971679688 207.60755920410156
173.84896850585938 154.43246459960938 231.1822738647461 154.43246459960938 231.1822738647461 207.7657699584961 173.84896850585938 207.7657699584961
173.25694274902344 154.0506591796875 231.54269790649414 154.0506591796875 231.54269790649414 208.26996612548828 173.25694274902344 208.26996612548828
173.6124267578125 151.98654174804688 232.5897102355957 151.98654174804688 232.5897102355957 206.84912872314453 173.6124267578125 206.84912872314453
172.81475830078125 151.7921142578125 232.92311477661133 151.7921142578125 232.92311477661133 207.70685958862305 172.81475830078125 207.70685958862305
173.1870880126953 152.34555053710938 233.65725326538086 152.34555053710938 233.65725326538086 208.59686279296875 173.1870880126953 208.59686279296875
169.989013671875 152.4119873046875 231.5105972290039 152.4119873046875 231.5105972290039 209.64136505126953 169.989013671875 209.64136505126953
169.96490478515625 151.52391052246094 231.627685546875 151.52391052246094 231.627685546875 208.88463973999023 169.96490478515625 208.88463973999023
170.5542449951172 151.8064727783203 231.75961685180664 151.8064727783203 231.75961685180664 208.74170303344727 170.5542449951172 208.74170303344727
169.73216247558594 150.78775024414062 231.37011337280273 150.78775024414062 231.37011337280273 208.1253776550293 169.73216247558594 208.1253776550293
169.02259826660156 150.55807495117188 231.18650817871094 150.55807495117188 231.18650817871094 208.38496780395508 169.02259826660156 208.38496780395508
168.3831024169922 152.1795196533203 230.87680435180664 152.1795196533203 230.87680435180664 210.3131980895996 168.3831024169922 210.3131980895996
166.50234985351562 150.4677276611328 229.7054328918457 150.4677276611328 229.7054328918457 209.26129913330078 166.50234985351562 209.26129913330078
167.08619689941406 149.67507934570312 231.1978759765625 149.67507934570312 231.1978759765625 209.3138542175293 167.08619689941406 209.3138542175293
165.73666381835938 150.4929656982422 229.84407806396484 150.4929656982422 229.84407806396484 210.1277732849121 165.73666381835938 210.1277732849121
166.94790649414062 150.15182495117188 229.81330108642578 150.15182495117188 229.81330108642578 208.63126754760742 166.94790649414062 208.63126754760742
167.1355743408203 150.46961975097656 230.24427795410156 150.46961975097656 230.24427795410156 209.1753921508789 167.1355743408203 209.1753921508789
165.46763610839844 151.25469970703125 228.39440155029297 151.25469970703125 228.39440155029297 209.79122161865234 165.46763610839844 209.79122161865234
165.95068359375 149.7818145751953 229.40797805786133 149.7818145751953 229.40797805786133 208.8118553161621 165.95068359375 208.8118553161621
165.78363037109375 150.32925415039062 230.42347717285156 150.32925415039062 230.42347717285156 210.45934295654297 165.78363037109375 210.45934295654297
163.45870971679688 149.55169677734375 227.7664337158203 149.55169677734375 227.7664337158203 209.37284088134766 163.45870971679688 209.37284088134766
163.80142211914062 149.9125518798828 229.2017593383789 149.9125518798828 229.2017593383789 210.7500762939453 163.80142211914062 210.7500762939453
163.22152709960938 149.47140502929688 228.23193359375 149.47140502929688 228.23193359375 209.94620513916016 163.22152709960938 209.94620513916016
163.68008422851562 149.5276336669922 229.70250701904297 149.5276336669922 229.70250701904297 210.94384384155273 163.68008422851562 210.94384384155273
164.06918334960938 149.22608947753906 230.1779022216797 149.22608947753906 230.1779022216797 210.7225799560547 164.06918334960938 210.7225799560547
162.6436767578125 148.7758026123047 228.93711853027344 148.7758026123047 228.93711853027344 210.4441261291504 162.6436767578125 210.4441261291504
163.17483520507812 149.16331481933594 229.25038146972656 149.16331481933594 229.25038146972656 210.62894439697266 163.17483520507812 210.62894439697266
162.18597412109375 149.47879028320312 228.83087158203125 149.47879028320312 228.83087158203125 211.47404861450195 162.18597412109375 211.47404861450195
161.91482543945312 148.46400451660156 228.4981231689453 148.46400451660156 228.4981231689453 210.40197372436523 161.91482543945312 210.40197372436523
162.5442657470703 148.93243408203125 228.95690155029297 148.93243408203125 228.95690155029297 210.7116470336914 162.5442657470703 210.7116470336914
160.97247314453125 148.74769592285156 227.8628921508789 148.74769592285156 227.8628921508789 210.97135162353516 160.97247314453125 210.97135162353516
160.8284149169922 147.76495361328125 229.11834716796875 147.76495361328125 229.11834716796875 211.29047775268555 160.8284149169922 211.29047775268555
161.13479614257812 147.03106689453125 229.24691772460938 147.03106689453125 229.24691772460938 210.39118576049805 161.13479614257812 210.39118576049805
161.99746704101562 147.30563354492188 231.1474380493164 147.30563354492188 231.1474380493164 211.63119506835938 161.99746704101562 211.63119506835938
160.12399291992188 148.5367431640625 228.48143768310547 148.5367431640625 228.48143768310547 212.12506866455078 160.12399291992188 212.12506866455078
162.15957641601562 148.185546875 230.4966812133789 148.185546875 230.4966812133789 211.75495529174805 162.15957641601562 211.75495529174805
162.68772888183594 148.9558868408203 229.52084350585938 148.9558868408203 229.52084350585938 211.1262435913086 162.68772888183594 211.1262435913086
162.30880737304688 148.44606018066406 229.6856460571289 148.44606018066406 229.6856460571289 211.12220001220703 162.30880737304688 211.12220001220703
161.0037841796875 147.8359832763672 228.86846923828125 147.8359832763672 228.86846923828125 210.96593856811523 161.0037841796875 210.96593856811523
162.20358276367188 147.08248901367188 231.45427703857422 147.08248901367188 231.45427703857422 211.50176239013672 162.20358276367188 211.50176239013672
160.68272399902344 145.0930938720703 231.40807342529297 145.0930938720703 231.40807342529297 210.8841323852539 160.68272399902344 210.8841323852539
159.83126831054688 147.1204833984375 230.86627960205078 147.1204833984375 230.86627960205078 213.19956970214844 159.83126831054688 213.19956970214844
157.4495849609375 145.68759155273438 230.11144256591797 145.68759155273438 230.11144256591797 213.280029296875 157.4495849609375 213.280029296875
158.8935089111328 146.4271697998047 230.72891235351562 146.4271697998047 230.72891235351562 213.25082397460938 158.8935089111328 213.25082397460938
160.75637817382812 145.88015747070312 232.1280059814453 145.88015747070312 232.1280059814453 212.2723846435547 160.75637817382812 212.2723846435547
159.4894256591797 144.76675415039062 231.57452392578125 144.76675415039062 231.57452392578125 211.82266998291016 159.4894256591797 211.82266998291016
160.48294067382812 146.13082885742188 233.6566619873047 146.13082885742188 233.6566619873047 214.1994171142578 160.48294067382812 214.1994171142578
160.87879943847656 146.06695556640625 233.51539611816406 146.06695556640625 233.51539611816406 213.63589477539062 160.87879943847656 213.63589477539062
158.47079467773438 146.0068817138672 230.95858001708984 146.0068817138672 230.95858001708984 213.43739318847656 158.47079467773438 213.43739318847656
161.44033813476562 146.11695861816406 233.22850799560547 146.11695861816406 233.22850799560547 212.89666748046875 161.44033813476562 212.89666748046875
160.9259796142578 144.63839721679688 232.66748809814453 144.63839721679688 232.66748809814453 211.37470245361328 160.9259796142578 211.37470245361328
161.17417907714844 145.0228729248047 234.38157653808594 145.0228729248047 234.38157653808594 213.12279510498047 161.17417907714844 213.12279510498047
161.74905395507812 144.51263427734375 234.93948364257812 144.51263427734375 234.93948364257812 212.59676361083984 161.74905395507812 212.59676361083984
161.9049072265625 144.986572265625 236.0391082763672 144.986572265625 236.0391082763672 213.9486312866211 161.9049072265625 213.9486312866211
161.0321044921875 143.97752380371094 235.58522033691406 143.97752380371094 235.58522033691406 213.3292694091797 161.0321044921875 213.3292694091797
161.30911254882812 144.46923828125 235.43954467773438 144.46923828125 235.43954467773438 213.42778778076172 161.30911254882812 213.42778778076172
160.9844970703125 144.5357208251953 237.51463317871094 144.5357208251953 237.51463317871094 215.72655487060547 160.9844970703125 215.72655487060547
164.07046508789062 142.90167236328125 239.4039764404297 142.90167236328125 239.4039764404297 212.9793701171875 164.07046508789062 212.9793701171875
164.125732421875 144.5121612548828 239.36876678466797 144.5121612548828 239.36876678466797 214.50569915771484 164.125732421875 214.50569915771484
162.76174926757812 142.59140014648438 239.80493927001953 142.59140014648438 239.80493927001953 214.25950622558594 162.76174926757812 214.25950622558594
161.48629760742188 143.1291046142578 238.32908630371094 143.1291046142578 238.32908630371094 214.61078643798828 161.48629760742188 214.61078643798828
163.43325805664062 141.937744140625 241.21221923828125 141.937744140625 241.21221923828125 214.29029083251953 163.43325805664062 214.29029083251953
165.11468505859375 141.7991180419922 243.8672637939453 141.7991180419922 243.8672637939453 215.05735778808594 165.11468505859375 215.05735778808594
162.6439208984375 140.24258422851562 244.28575134277344 140.24258422851562 244.28575134277344 216.18849182128906 162.6439208984375 216.18849182128906
162.716064453125 139.2646942138672 245.68251037597656 139.2646942138672 245.68251037597656 216.44280242919922 162.716064453125 216.44280242919922
161.2266387939453 141.5823516845703 243.65778350830078 141.5823516845703 243.65778350830078 218.2624969482422 161.2266387939453 218.2624969482422
161.84878540039062 140.76217651367188 245.57545471191406 140.76217651367188 245.57545471191406 218.64745330810547 161.84878540039062 218.64745330810547
162.72366333007812 140.75694274902344 246.20905303955078 140.75694274902344 246.20905303955078 218.41777801513672 162.72366333007812 218.41777801513672
163.30642700195312 138.59375 246.50326538085938 138.59375 246.50326538085938 215.98616790771484 163.30642700195312 215.98616790771484
164.05169677734375 140.2225799560547 248.90000915527344 140.2225799560547 248.90000915527344 219.15125274658203 164.05169677734375 219.15125274658203
165.94094848632812 139.02200317382812 250.93936157226562 139.02200317382812 250.93936157226562 218.09030151367188 165.94094848632812 218.09030151367188
163.14700317382812 137.39004516601562 250.2982940673828 137.39004516601562 250.2982940673828 218.46102905273438 163.14700317382812 218.46102905273438
163.53323364257812 139.08377075195312 249.77171325683594 139.08377075195312 249.77171325683594 219.30562591552734 163.53323364257812 219.30562591552734
165.50186157226562 137.8695068359375 252.3340072631836 137.8695068359375 252.3340072631836 218.64360809326172 165.50186157226562 218.64360809326172
166.8436737060547 136.36062622070312 254.2297592163086 136.36062622070312 254.2297592163086 217.65001678466797 166.8436737060547 217.65001678466797
165.25253295898438 136.61929321289062 253.7638168334961 136.61929321289062 253.7638168334961 218.95537567138672 165.25253295898438 218.95537567138672
165.26661682128906 138.4017791748047 253.37076568603516 138.4017791748047 253.37076568603516 220.359130859375 165.26661682128906 220.359130859375
167.2528839111328 135.80615234375 257.17799377441406 135.80615234375 257.17799377441406 219.4574203491211 167.2528839111328 219.4574203491211
167.91119384765625 137.3114013671875 256.93033599853516 137.3114013671875 256.93033599853516 220.11990356445312 167.91119384765625 220.11990356445312
168.65292358398438 135.586669921875 259.38477325439453 135.586669921875 259.38477325439453 219.98838806152344 168.65292358398438 219.98838806152344
169.9539031982422 134.22879028320312 260.13902282714844 134.22879028320312 260.13902282714844 218.1219253540039 169.9539031982422 218.1219253540039
171.86703491210938 134.21725463867188 261.51993560791016 134.21725463867188 261.51993560791016 217.61529541015625 171.86703491210938 217.61529541015625
172.53933715820312 135.81861877441406 262.3043670654297 135.81861877441406 262.3043670654297 219.3209686279297 172.53933715820312 219.3209686279297
172.4044952392578 136.03953552246094 263.70526123046875 136.03953552246094 263.70526123046875 220.9704818725586 172.4044952392578 220.9704818725586
169.5709686279297 133.87924194335938 262.147705078125 133.87924194335938 262.147705078125 219.99712371826172 169.5709686279297 219.99712371826172
175.97952270507812 133.94363403320312 270.1382293701172 133.94363403320312 270.1382293701172 221.5331039428711 175.97952270507812 221.5331039428711
176.82070922851562 132.45535278320312 272.1899948120117 132.45535278320312 272.1899948120117 221.1709442138672 176.82070922851562 221.1709442138672
177.22239685058594 133.7368927001953 272.84391021728516 133.7368927001953 272.84391021728516 222.6871109008789 177.22239685058594 222.6871109008789
176.6622314453125 132.8031463623047 273.2035217285156 132.8031463623047 273.2035217285156 222.60897827148438 176.6622314453125 222.60897827148438
179.259521484375 131.78598022460938 275.89688873291016 131.78598022460938 275.89688873291016 221.68118286132812 179.259521484375 221.68118286132812
180.67724609375 135.07139587402344 275.51729583740234 135.07139587402344 275.51729583740234 223.294677734375 180.67724609375 223.294677734375
180.93121337890625 133.22195434570312 277.19197845458984 133.22195434570312 277.19197845458984 222.76683807373047 180.93121337890625 222.76683807373047
184.7139434814453 129.7810516357422 282.44669342041016 129.7810516357422 282.44669342041016 220.69522094726562 184.7139434814453 220.69522094726562
183.2656707763672 132.3851318359375 282.0672302246094 132.3851318359375 282.0672302246094 224.2935333251953 183.2656707763672 224.2935333251953
188.9342803955078 132.74789428710938 286.79276275634766 132.74789428710938 286.79276275634766 223.77901458740234 188.9342803955078 223.77901458740234
185.82943725585938 130.60130310058594 286.8799362182617 130.60130310058594 286.8799362182617 224.60174560546875 185.82943725585938 224.60174560546875
186.9035186767578 129.89895629882812 289.99132537841797 129.89895629882812 289.99132537841797 225.79457092285156 186.9035186767578 225.79457092285156
188.04991149902344 130.33758544921875 292.2929916381836 130.33758544921875 292.2929916381836 227.307861328125 188.04991149902344 227.307861328125
190.06753540039062 128.88330078125 294.3117141723633 128.88330078125 294.3117141723633 225.85459899902344 190.06753540039062 225.85459899902344
192.2362060546875 130.2069549560547 296.27713775634766 130.2069549560547 296.27713775634766 226.9891815185547 192.2362060546875 226.9891815185547
191.1710968017578 131.8167724609375 295.3221969604492 131.8167724609375 295.3221969604492 228.70148468017578 191.1710968017578 228.70148468017578
192.94288635253906 129.89328002929688 297.54933166503906 129.89328002929688 297.54933166503906 227.20157623291016 192.94288635253906 227.20157623291016
194.4603729248047 130.1501007080078 299.3080749511719 130.1501007080078 299.3080749511719 227.68283081054688 194.4603729248047 227.68283081054688
197.55300903320312 129.28973388671875 304.7899932861328 129.28973388671875 304.7899932861328 229.04505920410156 197.55300903320312 229.04505920410156
199.00970458984375 128.88790893554688 308.02586364746094 128.88790893554688 308.02586364746094 230.29827117919922 199.00970458984375 230.29827117919922
198.71347045898438 127.3354263305664 309.19163513183594 127.3354263305664 309.19163513183594 230.1057891845703 198.71347045898438 230.1057891845703
198.1312255859375 125.3062515258789 310.8515167236328 125.3062515258789 310.8515167236328 230.1623077392578 198.1312255859375 230.1623077392578
204.57318115234375 124.93992614746094 318.29933166503906 124.93992614746094 318.29933166503906 230.73165893554688 204.57318115234375 230.73165893554688
204.100830078125 124.82942199707031 318.8374481201172 124.82942199707031 318.8374481201172 231.5611343383789 204.100830078125 231.5611343383789
207.07888793945312 123.93650817871094 322.4039764404297 123.93650817871094 322.4039764404297 231.21563720703125 207.07888793945312 231.21563720703125
209.1615447998047 124.1485366821289 325.0425491333008 124.1485366821289 325.0425491333008 231.94478607177734 209.1615447998047 231.94478607177734
208.8203125 126.69682312011719 322.67100524902344 126.69682312011719 322.67100524902344 232.6044158935547 208.8203125 232.6044158935547
214.4723358154297 124.06767272949219 329.47396087646484 124.06767272949219 329.47396087646484 231.04590606689453 214.4723358154297 231.04590606689453
211.1832733154297 123.7506103515625 326.4464340209961 123.7506103515625 326.4464340209961 230.97212982177734 211.1832733154297 230.97212982177734
217.2682342529297 124.9638900756836 332.9736328125 124.9638900756836 332.9736328125 232.5968017578125 217.2682342529297 232.5968017578125
223.5469512939453 124.77005767822266 339.0409851074219 124.77005767822266 339.0409851074219 232.20633697509766 223.5469512939453 232.20633697509766
227.68310546875 123.90068054199219 343.6360626220703 123.90068054199219 343.6360626220703 231.76387786865234 227.68310546875 231.76387786865234
226.64944458007812 124.10833740234375 343.09498596191406 124.10833740234375 343.09498596191406 232.42974853515625 226.64944458007812 232.42974853515625
231.4812469482422 125.13304138183594 348.5135192871094 125.13304138183594 348.5135192871094 234.000244140625 231.4812469482422 234.000244140625
232.8065643310547 122.0697250366211 350.81817626953125 122.0697250366211 350.81817626953125 231.8479461669922 232.8065643310547 231.8479461669922
239.8287811279297 123.47222900390625 358.21202087402344 123.47222900390625 358.21202087402344 233.59615325927734 239.8287811279297 233.59615325927734
237.29751586914062 120.4134521484375 357.2827453613281 120.4134521484375 357.2827453613281 232.027587890625 237.29751586914062 232.027587890625
243.6206512451172 117.4140853881836 365.0780334472656 117.4140853881836 365.0780334472656 230.39766693115234 243.6206512451172 230.39766693115234
241.44869995117188 118.50801086425781 363.7555465698242 118.50801086425781 363.7555465698242 232.28179168701172 241.44869995117188 232.28179168701172
249.3434600830078 116.76457214355469 373.80033111572266 116.76457214355469 373.80033111572266 232.53836059570312 249.3434600830078 232.53836059570312
248.40390014648438 115.4102554321289 374.4156951904297 115.4102554321289 374.4156951904297 232.63048553466797 248.40390014648438 232.63048553466797
252.36862182617188 113.8775863647461 379.95301818847656 113.8775863647461 379.95301818847656 232.56070709228516 252.36862182617188 232.56070709228516
249.6079559326172 114.865234375 378.2179718017578 114.865234375 378.2179718017578 234.5024185180664 249.6079559326172 234.5024185180664
250.05361938476562 113.92024993896484 377.8596725463867 113.92024993896484 377.8596725463867 232.8095703125 250.05361938476562 232.8095703125
