205.0 170.0 249.0 170.0 249.0 216.0 205.0 216.0
204.28750610351562 168.59767150878906 249.09439086914062 168.59767150878906 249.09439086914062 215.44123458862305 204.28750610351562 215.44123458862305
202.20828247070312 169.6842803955078 246.35531616210938 169.6842803955078 246.35531616210938 215.8380012512207 202.20828247070312 215.8380012512207
199.61044311523438 169.2296905517578 243.83890914916992 169.2296905517578 243.83890914916992 215.46854400634766 199.61044311523438 215.46854400634766
200.27554321289062 169.4042205810547 243.94395065307617 169.4042205810547 243.94395065307617 215.05755996704102 200.27554321289062 215.05755996704102
200.4527130126953 169.4744415283203 243.47853469848633 169.4744415283203 243.47853469848633 214.45598602294922 200.4527130126953 214.45598602294922
198.21873474121094 169.120361328125 241.39147567749023 169.120361328125 241.39147567749023 214.25550079345703 198.21873474121094 214.25550079345703
198.82272338867188 168.88381958007812 242.29381942749023 168.88381958007812 242.29381942749023 214.33087921142578 198.82272338867188 214.33087921142578
195.66094970703125 168.64552307128906 238.55440521240234 168.64552307128906 238.55440521240234 213.48868560791016 195.66094970703125 213.48868560791016
195.80323791503906 169.5057830810547 238.65591430664062 169.5057830810547 238.65591430664062 214.30631256103516 195.80323791503906 214.30631256103516
192.58779907226562 169.51278686523438 235.28328704833984 169.51278686523438 235.28328704833984 214.14897918701172 192.58779907226562 214.14897918701172
194.4666748046875 168.79615783691406 236.39425659179688 168.79615783691406 236.39425659179688 212.62954330444336 194.4666748046875 212.62954330444336
192.0930938720703 168.9440460205078 234.32989120483398 168.9440460205078 234.32989120483398 213.10070037841797 192.0930938720703 213.10070037841797
191.73458862304688 168.7738037109375 234.0984115600586 168.7738037109375 234.0984115600586 213.06325912475586 191.73458862304688 213.06325912475586
190.9285430908203 169.17788696289062 233.17663192749023 169.17788696289062 233.17663192749023 213.34635162353516 190.9285430908203 213.34635162353516
191.6720733642578 168.66075134277344 233.56721115112305 168.66075134277344 233.56721115112305 212.4602279663086 191.6720733642578 212.4602279663086
190.5425567626953 169.2199249267578 231.74972915649414 169.2199249267578 231.74972915649414 212.30016326904297 190.5425567626953 212.30016326904297
190.79806518554688 169.54879760742188 231.91293716430664 169.54879760742188 231.91293716430664 212.53253936767578 190.79806518554688 212.53253936767578
190.26666259765625 169.7986297607422 230.53824615478516 169.7986297607422 230.53824615478516 211.90075302124023 190.26666259765625 211.90075302124023
189.15969848632812 169.67929077148438 229.1949348449707 169.67929077148438 229.1949348449707 211.5343246459961 189.15969848632812 211.5343246459961
189.07078552246094 170.08877563476562 228.62075424194336 170.08877563476562 228.62075424194336 211.43648529052734 189.07078552246094 211.43648529052734
188.1742401123047 169.7642059326172 227.60604095458984 169.7642059326172 227.60604095458984 210.98837661743164 188.1742401123047 210.98837661743164
188.54583740234375 170.30966186523438 227.75220489501953 170.30966186523438 227.75220489501953 211.29815292358398 188.54583740234375 211.29815292358398
187.66366577148438 170.06002807617188 226.79012298583984 170.06002807617188 226.79012298583984 210.9649772644043 187.66366577148438 210.9649772644043
187.43185424804688 170.80960083007812 225.70455932617188 170.80960083007812 225.70455932617188 210.82199096679688 187.43185424804688 210.82199096679688
186.85189819335938 170.0196075439453 224.79924774169922 170.0196075439453 224.79924774169922 209.6918487548828 186.85189819335938 209.6918487548828
187.91323852539062 170.40478515625 225.5680046081543 170.40478515625 225.5680046081543 209.77114486694336 187.91323852539062 209.77114486694336
187.55264282226562 170.340087890625 224.9922637939453 170.340087890625 224.9922637939453 209.4815216064453 187.55264282226562 209.4815216064453
185.87542724609375 170.26278686523438 223.64347457885742 170.26278686523438 223.64347457885742 209.74757766723633 185.87542724609375 209.74757766723633
185.79483032226562 170.57313537597656 223.8329200744629 170.57313537597656 223.8329200744629 210.34024047851562 185.79483032226562 210.34024047851562
185.62005615234375 169.78616333007812 223.62836456298828 169.78616333007812 223.62836456298828 209.52213287353516 185.62005615234375 209.52213287353516
185.6619110107422 169.86056518554688 223.99377822875977 169.86056518554688 223.99377822875977 209.9348030090332 185.6619110107422 209.9348030090332
186.52871704101562 169.91246032714844 224.26897430419922 169.91246032714844 224.26897430419922 209.36820220947266 186.52871704101562 209.36820220947266
185.81332397460938 170.77313232421875 223.45218658447266 170.77313232421875 223.45218658447266 210.12287139892578 185.81332397460938 210.12287139892578
184.69956970214844 169.8798828125 222.1984100341797 169.8798828125 222.1984100341797 209.08323287963867 184.69956970214844 209.08323287963867
184.47610473632812 170.66909790039062 221.65138626098633 170.66909790039062 221.65138626098633 209.5341796875 184.47610473632812 209.5341796875
183.93594360351562 169.5511016845703 221.6399040222168 169.5511016845703 221.6399040222168 208.9688949584961 183.93594360351562 208.9688949584961
185.15037536621094 169.71798706054688 222.51034927368164 169.71798706054688 222.51034927368164 208.7761573791504 185.15037536621094 208.7761573791504
184.94338989257812 169.877685546875 221.90901565551758 169.877685546875 221.90901565551758 208.5235824584961 184.94338989257812 208.5235824584961
185.68667602539062 170.4739532470703 221.75895309448242 170.4739532470703 221.75895309448242 208.18589782714844 185.68667602539062 208.18589782714844
184.65452575683594 170.35899353027344 220.60533142089844 170.35899353027344 220.60533142089844 207.94394302368164 184.65452575683594 207.94394302368164
184.5128936767578 169.51272583007812 220.3416290283203 169.51272583007812 220.3416290283203 206.97005462646484 184.5128936767578 206.97005462646484
185.77230834960938 171.701171875 221.1290168762207 171.701171875 221.1290168762207 208.66501998901367 185.77230834960938 208.66501998901367
186.50961303710938 171.2744903564453 220.54652786254883 171.2744903564453 220.54652786254883 206.8585548400879 186.50961303710938 206.8585548400879
186.2624969482422 170.8701171875 220.26707458496094 170.8701171875 220.26707458496094 206.42037200927734 186.2624969482422 206.42037200927734
186.4059600830078 171.28286743164062 219.73161697387695 171.28286743164062 219.73161697387695 206.12334060668945 186.4059600830078 206.12334060668945
186.5591278076172 171.734619140625 219.95616912841797 171.734619140625 219.95616912841797 206.64972686767578 186.5591278076172 206.64972686767578
186.66844177246094 171.19358825683594 219.93421173095703 171.19358825683594 219.93421173095703 205.9714584350586 186.66844177246094 205.9714584350586
186.38790893554688 171.60482788085938 219.62570190429688 171.60482788085938 219.62570190429688 206.35344696044922 186.38790893554688 206.35344696044922
186.87420654296875 171.9100799560547 220.2972297668457 171.9100799560547 220.2972297668457 206.85234832763672 186.87420654296875 206.85234832763672
186.94677734375 171.6417694091797 219.82791900634766 171.6417694091797 219.82791900634766 206.01752471923828 186.94677734375 206.01752471923828
188.03330993652344 172.0039520263672 220.4008560180664 172.0039520263672 220.4008560180664 205.84276580810547 188.03330993652344 205.84276580810547
187.69239807128906 171.98703002929688 220.18297958374023 171.98703002929688 220.18297958374023 205.95447540283203 187.69239807128906 205.95447540283203
187.76426696777344 171.5601043701172 220.09289169311523 171.5601043701172 220.09289169311523 205.35823440551758 187.76426696777344 205.35823440551758
188.38522338867188 172.54232788085938 220.24939346313477 172.54232788085938 220.24939346313477 205.8548927307129 188.38522338867188 205.8548927307129
189.4189453125 172.65916442871094 220.6166477203369 172.65916442871094 220.6166477203369 205.27496719360352 189.4189453125 205.27496719360352
188.25448608398438 172.35702514648438 219.45410537719727 172.35702514648438 219.45410537719727 204.9748306274414 188.25448608398438 204.9748306274414
188.75228881835938 172.4025115966797 220.2825469970703 172.4025115966797 220.2825469970703 205.36598205566406 188.75228881835938 205.36598205566406
190.01028442382812 172.15695190429688 221.49086952209473 172.15695190429688 221.49086952209473 205.06848907470703 190.01028442382812 205.06848907470703
189.68502807617188 172.32949829101562 220.5566520690918 172.32949829101562 220.5566520690918 204.6043930053711 189.68502807617188 204.6043930053711
190.6244354248047 173.29608154296875 220.72143936157227 173.29608154296875 220.72143936157227 204.7611427307129 190.6244354248047 204.7611427307129
191.0830841064453 172.76162719726562 221.3421630859375 172.76162719726562 221.3421630859375 204.3961296081543 191.0830841064453 204.3961296081543
191.8093719482422 173.2943115234375 221.56489181518555 173.2943115234375 221.56489181518555 204.40236473083496 191.8093719482422 204.40236473083496
191.9755096435547 172.86151123046875 221.28289413452148 172.86151123046875 221.28289413452148 203.5010585784912 191.9755096435547 203.5010585784912
193.3578643798828 173.187744140625 222.5817470550537 173.187744140625 222.5817470550537 203.7399959564209 193.3578643798828 203.7399959564209
192.966064453125 173.5169219970703 222.40184593200684 173.5169219970703 222.40184593200684 204.29070472717285 192.966064453125 204.29070472717285
193.59432983398438 173.1966552734375 222.76637840270996 173.1966552734375 222.76637840270996 203.69471740722656 193.59432983398438 203.69471740722656
193.3680877685547 173.27365112304688 222.89649963378906 173.27365112304688 222.89649963378906 204.1442756652832 193.3680877685547 204.1442756652832
193.88815307617188 172.980712890625 223.71140670776367 172.980712890625 223.71140670776367 204.15958213806152 193.88815307617188 204.15958213806152
193.4473419189453 173.14031982421875 223.36147689819336 173.14031982421875 223.36147689819336 204.41420364379883 193.4473419189453 204.41420364379883
194.37185668945312 172.67788696289062 224.0903720855713 172.67788696289062 224.0903720855713 203.74725914001465 194.37185668945312 203.74725914001465
195.53570556640625 173.36679077148438 225.0907039642334 173.36679077148438 225.0907039642334 204.26521682739258 195.53570556640625 204.26521682739258
194.7229766845703 173.4058074951172 223.93259620666504 173.4058074951172 223.93259620666504 203.9431552886963 194.7229766845703 203.9431552886963
196.3386688232422 173.27517700195312 225.57807540893555 173.27517700195312 225.57807540893555 203.8436679840088 196.3386688232422 203.8436679840088
196.01583862304688 172.9055938720703 225.4095516204834 172.9055938720703 225.4095516204834 203.63540267944336 196.01583862304688 203.63540267944336
196.81329345703125 173.0889434814453 226.25714683532715 173.0889434814453 226.25714683532715 203.87117385864258 196.81329345703125 203.87117385864258
197.4947967529297 173.56939697265625 226.56177139282227 173.56939697265625 226.56177139282227 203.95761489868164 197.4947967529297 203.95761489868164
197.90664672851562 173.48599243164062 226.5493221282959 173.48599243164062 226.5493221282959 203.4306240081787 197.90664672851562 203.4306240081787
197.7464599609375 172.77078247070312 226.50129318237305 172.77078247070312 226.50129318237305 202.83267211914062 197.7464599609375 202.83267211914062
198.84536743164062 172.93272399902344 227.58969688415527 172.93272399902344 227.58969688415527 202.98363304138184 198.84536743164062 202.98363304138184
198.7644500732422 172.90237426757812 227.59817504882812 172.90237426757812 227.59817504882812 203.04674339294434 198.7644500732422 203.04674339294434
199.97817993164062 173.1143035888672 228.60359573364258 173.1143035888672 228.60359573364258 203.0408935546875 199.97817993164062 203.0408935546875
200.34732055664062 173.15377807617188 228.36828231811523 173.15377807617188 228.36828231811523 202.44843673706055 200.34732055664062 202.44843673706055
200.2823028564453 173.08155822753906 228.3158721923828 173.08155822753906 228.3158721923828 202.38939476013184 200.2823028564453 202.38939476013184
200.69361877441406 173.23892211914062 228.2585849761963 173.23892211914062 228.2585849761963 202.05685424804688 200.69361877441406 202.05685424804688
201.35018920898438 173.3540802001953 228.73022842407227 173.3540802001953 228.73022842407227 201.9786777496338 201.35018920898438 201.9786777496338
201.55416870117188 173.7397918701172 229.21354293823242 173.7397918701172 229.21354293823242 202.65642166137695 201.55416870117188 202.65642166137695
202.17164611816406 173.21414184570312 229.48573684692383 173.21414184570312 229.48573684692383 201.76979064941406 202.17164611816406 201.76979064941406
203.4246826171875 173.1791229248047 230.92897987365723 173.1791229248047 230.92897987365723 201.93362045288086 203.4246826171875 201.93362045288086
203.7239227294922 173.6644287109375 231.23690223693848 173.6644287109375 231.23690223693848 202.42800331115723 203.7239227294922 202.42800331115723
203.53030395507812 173.34625244140625 230.6403923034668 173.34625244140625 230.6403923034668 201.68862342834473 203.53030395507812 201.68862342834473
205.07174682617188 173.33148193359375 232.02538681030273 173.33148193359375 232.02538681030273 201.5102939605713 205.07174682617188 201.5102939605713
205.54928588867188 173.70944213867188 232.0760612487793 173.70944213867188 232.0760612487793 201.44198608398438 205.54928588867188 201.44198608398438
206.55850219726562 173.14993286132812 233.05252647399902 173.14993286132812 233.05252647399902 200.84823989868164 206.55850219726562 200.84823989868164
207.7039794921875 173.80868530273438 233.85317039489746 173.80868530273438 233.85317039489746 201.146484375 207.7039794921875 201.146484375
207.5580596923828 173.69696044921875 233.8105525970459 173.69696044921875 233.8105525970459 201.14275550842285 207.5580596923828 201.14275550842285
208.1708526611328 173.78311157226562 234.27504920959473 173.78311157226562 234.27504920959473 201.07386779785156 208.1708526611328 201.07386779785156
208.876953125 174.01449584960938 234.68574905395508 174.01449584960938 234.68574905395508 200.99642372131348 208.876953125 200.99642372131348
208.9264678955078 174.31192016601562 234.63130569458008 174.31192016601562 234.63130569458008 201.18516159057617 208.9264678955078 201.18516159057617
210.172607421875 174.64385986328125 236.0499382019043 174.64385986328125 236.0499382019043 201.69743728637695 210.172607421875 201.69743728637695
209.8692169189453 173.93626403808594 235.54555320739746 173.93626403808594 235.54555320739746 200.7797088623047 209.8692169189453 200.7797088623047
211.10989379882812 174.70518493652344 236.47212409973145 174.70518493652344 236.47212409973145 201.2202491760254 211.10989379882812 201.2202491760254
211.07595825195312 174.53115844726562 236.34991455078125 174.53115844726562 236.34991455078125 200.95393753051758 211.07595825195312 200.95393753051758
213.0030517578125 174.2561798095703 238.20904159545898 174.2561798095703 238.20904159545898 200.6079044342041 213.0030517578125 200.6079044342041
212.9296875 174.18797302246094 238.14073944091797 174.18797302246094 238.14073944091797 200.54498863220215 212.9296875 200.54498863220215
213.88442993164062 174.11453247070312 239.04444694519043 174.11453247070312 239.04444694519043 200.41819190979004 213.88442993164062 200.41819190979004
213.8667755126953 174.03353881835938 239.08162307739258 174.03353881835938 239.08162307739258 200.3945198059082 213.8667755126953 200.3945198059082
213.4406280517578 174.15866088867188 238.5827236175537 174.15866088867188 238.5827236175537 200.44358444213867 213.4406280517578 200.44358444213867
214.7428741455078 173.82440185546875 240.17898178100586 173.82440185546875 240.17898178100586 200.41670608520508 214.7428741455078 200.41670608520508
213.9019012451172 174.22286987304688 239.52687644958496 174.22286987304688 239.52687644958496 201.01262855529785 213.9019012451172 201.01262855529785
216.4456024169922 173.97323608398438 241.9297275543213 173.97323608398438 241.9297275543213 200.61574172973633 216.4456024169922 200.61574172973633
215.7755126953125 174.19766235351562 240.89757347106934 174.19766235351562 240.89757347106934 200.46164894104004 215.7755126953125 200.46164894104004
216.9763641357422 173.54281616210938 241.99671936035156 173.54281616210938 241.99671936035156 199.7004737854004 216.9763641357422 199.7004737854004
216.9619903564453 173.92440795898438 242.01016807556152 173.92440795898438 242.01016807556152 200.11115074157715 216.9619903564453 200.11115074157715
218.14535522460938 174.01609802246094 242.98870849609375 174.01609802246094 242.98870849609375 199.98870468139648 218.14535522460938 199.98870468139648
218.57229614257812 173.97933959960938 243.30224990844727 173.97933959960938 243.30224990844727 199.83339309692383 218.57229614257812 199.83339309692383
219.99569702148438 174.2010040283203 243.93691444396973 174.2010040283203 243.93691444396973 199.23046875 219.99569702148438 199.23046875
220.01638793945312 174.12008666992188 244.02531051635742 174.12008666992188 244.02531051635742 199.22033500671387 220.01638793945312 199.22033500671387
220.31387329101562 173.91917419433594 244.5833625793457 173.91917419433594 244.5833625793457 199.29183197021484 220.31387329101562 199.29183197021484
221.28244018554688 174.1204071044922 245.17456436157227 174.1204071044922 245.17456436157227 199.0985450744629 221.28244018554688 199.0985450744629
220.74850463867188 174.08621215820312 244.49842262268066 174.08621215820312 244.49842262268066 198.91568183898926 220.74850463867188 198.91568183898926
221.5542449951172 174.3560028076172 244.72673988342285 174.3560028076172 244.72673988342285 198.58180618286133 221.5542449951172 198.58180618286133
222.18798828125 174.8359375 245.49401092529297 174.8359375 245.49401092529297 199.2013397216797 222.18798828125 199.2013397216797
222.8170166015625 174.59759521484375 246.02482223510742 174.59759521484375 246.02482223510742 198.8603172302246 222.8170166015625 198.8603172302246
223.6141815185547 174.26498413085938 247.01066207885742 174.26498413085938 247.01066207885742 198.72495651245117 223.6141815185547 198.72495651245117
223.9837646484375 174.7928009033203 247.0308895111084 174.7928009033203 247.0308895111084 198.8875389099121 223.9837646484375 198.8875389099121
223.4021453857422 174.25160217285156 246.3851375579834 174.25160217285156 246.3851375579834 198.2792911529541 223.4021453857422 198.2792911529541
225.3248748779297 174.7541046142578 248.16876792907715 174.7541046142578 248.16876792907715 198.63637161254883 225.3248748779297 198.63637161254883
225.00552368164062 175.10586547851562 247.6260280609131 175.10586547851562 247.6260280609131 198.75458908081055 225.00552368164062 198.75458908081055
226.91390991210938 175.2419891357422 249.30661582946777 175.2419891357422 249.30661582946777 198.6525592803955 226.91390991210938 198.6525592803955
227.11856079101562 175.78408813476562 248.96049118041992 175.78408813476562 248.96049118041992 198.6188449859619 227.11856079101562 198.6188449859619
228.01486206054688 175.10568237304688 249.60145568847656 175.10568237304688 249.60145568847656 197.6734962463379 228.01486206054688 197.6734962463379
228.37472534179688 175.29611206054688 249.58767890930176 175.29611206054688 249.58767890930176 197.4733009338379 228.37472534179688 197.4733009338379
229.56576538085938 174.704833984375 251.14371871948242 174.704833984375 251.14371871948242 197.26361274719238 229.56576538085938 197.26361274719238
229.08627319335938 174.71844482421875 251.09305000305176 174.71844482421875 251.09305000305176 197.7255401611328 229.08627319335938 197.7255401611328
230.3354034423828 175.2037811279297 252.37870407104492 175.2037811279297 252.37870407104492 198.24905967712402 230.3354034423828 198.24905967712402
231.0879364013672 175.03326416015625 252.6117286682129 175.03326416015625 252.6117286682129 197.53541946411133 231.0879364013672 197.53541946411133
230.7109832763672 174.9759063720703 252.1460418701172 174.9759063720703 252.1460418701172 197.38529586791992 230.7109832763672 197.38529586791992
231.88720703125 175.3636474609375 253.34123992919922 175.3636474609375 253.34123992919922 197.79287147521973 231.88720703125 197.79287147521973
231.81069946289062 175.02304077148438 253.5312614440918 175.02304077148438 253.5312614440918 197.73090934753418 231.81069946289062 197.73090934753418
233.2577362060547 174.93556213378906 254.8828182220459 174.93556213378906 254.8828182220459 197.5436134338379 233.2577362060547 197.5436134338379
232.91311645507812 175.24264526367188 254.37937545776367 175.24264526367188 254.37937545776367 197.68465423583984 232.91311645507812 197.68465423583984
234.843994140625 174.6383056640625 255.9874610900879 174.6383056640625 255.9874610900879 196.7428493499756 234.843994140625 196.7428493499756
235.47164916992188 175.45559692382812 256.15230560302734 175.45559692382812 256.15230560302734 197.07629203796387 235.47164916992188 197.07629203796387
236.75119018554688 175.24658203125 257.476749420166 175.24658203125 257.476749420166 196.91422080993652 236.75119018554688 196.91422080993652
236.1232147216797 175.47695922851562 256.8904571533203 175.47695922851562 256.8904571533203 197.18817710876465 236.1232147216797 197.18817710876465
237.27706909179688 175.54661560058594 257.6324462890625 175.54661560058594 257.6324462890625 196.82724571228027 237.27706909179688 196.82724571228027
237.75765991210938 175.82278442382812 257.8290557861328 175.82278442382812 257.8290557861328 196.8065242767334 237.75765991210938 196.8065242767334
238.0773468017578 175.84823608398438 257.6133918762207 175.84823608398438 257.6133918762207 196.27228927612305 238.0773468017578 196.27228927612305
238.8468017578125 175.6669921875 258.71939849853516 175.6669921875 258.71939849853516 196.4428939819336 238.8468017578125 196.4428939819336
238.77847290039062 175.5297088623047 258.788179397583 175.5297088623047 258.788179397583 196.4489517211914 238.77847290039062 196.4489517211914
239.243896484375 175.40098571777344 259.33489990234375 175.40098571777344 259.33489990234375 196.40522003173828 239.243896484375 196.40522003173828
239.3470001220703 175.43133544921875 259.4051971435547 175.43133544921875 259.4051971435547 196.40127182006836 239.3470001220703 196.40127182006836
239.65805053710938 175.43002319335938 259.66039085388184 175.43002319335938 259.66039085388184 196.3415641784668 239.65805053710938 196.3415641784668
239.6953125 175.78907775878906 259.3792781829834 175.78907775878906 259.3792781829834 196.36777114868164 239.6953125 196.36777114868164
241.99002075195312 175.6114501953125 261.7653007507324 175.6114501953125 261.7653007507324 196.28560638427734 241.99002075195312 196.28560638427734
241.83792114257812 176.32223510742188 261.0602283477783 176.32223510742188 261.0602283477783 196.41828536987305 241.83792114257812 196.41828536987305
242.1764373779297 176.10989379882812 261.3476028442383 176.10989379882812 261.3476028442383 196.1524772644043 242.1764373779297 196.1524772644043
242.0636749267578 176.04214477539062 261.2601013183594 176.04214477539062 261.2601013183594 196.11113739013672 242.0636749267578 196.11113739013672
241.58236694335938 175.6286163330078 260.8684959411621 175.6286163330078 260.8684959411621 195.7913875579834 241.58236694335938 195.7913875579834
242.43899536132812 176.3751983642578 261.37459564208984 176.3751983642578 261.37459564208984 196.17150497436523 242.43899536132812 196.17150497436523
242.6310272216797 176.12652587890625 261.4324131011963 176.12652587890625 261.4324131011963 195.78251838684082 242.6310272216797 195.78251838684082
242.94662475585938 176.1837921142578 261.7387275695801 176.1837921142578 261.7387275695801 195.830078125 242.94662475585938 195.830078125
243.49288940429688 175.97866821289062 262.45142555236816 175.97866821289062 262.45142555236816 195.7989501953125 243.49288940429688 195.7989501953125
243.03500366210938 176.00393676757812 262.06945037841797 176.00393676757812 262.06945037841797 195.9035816192627 243.03500366210938 195.9035816192627
243.62313842773438 176.02037048339844 262.71947479248047 176.02037048339844 262.71947479248047 195.98471641540527 243.62313842773438 195.98471641540527
243.7413330078125 175.93470764160156 262.80805587768555 175.93470764160156 262.80805587768555 195.8680934906006 243.7413330078125 195.8680934906006
244.50894165039062 176.39012145996094 263.4980583190918 176.39012145996094 263.4980583190918 196.24237442016602 244.50894165039062 196.24237442016602
245.6485595703125 175.9731903076172 264.46843338012695 175.9731903076172 264.46843338012695 195.64850997924805 245.6485595703125 195.64850997924805
245.4216766357422 175.76864624023438 264.3747749328613 175.76864624023438 264.3747749328613 195.5832462310791 245.4216766357422 195.5832462310791
245.3253173828125 176.00506591796875 264.3703422546387 176.00506591796875 264.3703422546387 195.915771484375 245.3253173828125 195.915771484375
246.91189575195312 176.27088928222656 265.553653717041 176.27088928222656 265.553653717041 195.7599983215332 246.91189575195312 195.7599983215332
246.49789428710938 176.1509246826172 265.1894836425781 176.1509246826172 265.1894836425781 195.69212913513184 246.49789428710938 195.69212913513184
247.41458129882812 176.429931640625 266.0922260284424 176.429931640625 266.0922260284424 195.95655632019043 247.41458129882812 195.95655632019043
248.01589965820312 176.5548858642578 266.521203994751 176.5548858642578 266.521203994751 195.9013328552246 248.01589965820312 195.9013328552246
247.8402862548828 176.2452392578125 266.2958564758301 176.2452392578125 266.2958564758301 195.53969192504883 247.8402862548828 195.53969192504883
247.7099151611328 176.44393920898438 266.0710105895996 176.44393920898438 266.0710105895996 195.63962173461914 247.7099151611328 195.63962173461914
248.52352905273438 176.25979614257812 266.71892166137695 176.25979614257812 266.71892166137695 195.28224182128906 248.52352905273438 195.28224182128906
248.4300994873047 176.069091796875 266.8194389343262 176.069091796875 266.8194389343262 195.2943000793457 248.4300994873047 195.2943000793457
249.06356811523438 176.24533081054688 267.41937255859375 176.24533081054688 267.41937255859375 195.43548011779785 249.06356811523438 195.43548011779785
249.41915893554688 175.9136199951172 268.03406715393066 175.9136199951172 268.03406715393066 195.3746509552002 249.41915893554688 195.3746509552002
250.05203247070312 175.94100952148438 268.2721748352051 175.94100952148438 268.2721748352051 194.98933029174805 250.05203247070312 194.98933029174805
250.4123077392578 176.39027404785156 268.37731742858887 176.39027404785156 268.37731742858887 195.17186546325684 250.4123077392578 195.17186546325684
251.5421600341797 176.5557861328125 269.4595890045166 176.5557861328125 269.4595890045166 195.2876319885254 251.5421600341797 195.2876319885254
251.48428344726562 176.56683349609375 269.29682540893555 176.56683349609375 269.29682540893555 195.18902587890625 251.48428344726562 195.18902587890625
251.9176788330078 176.58071899414062 269.58334159851074 176.58071899414062 269.58334159851074 195.0493564605713 251.9176788330078 195.0493564605713
252.2469940185547 176.5792236328125 269.81214714050293 176.5792236328125 269.81214714050293 194.9427833557129 252.2469940185547 194.9427833557129
252.46090698242188 176.57345581054688 269.7735290527344 176.57345581054688 269.7735290527344 194.6730079650879 252.46090698242188 194.6730079650879
252.7980194091797 176.65615844726562 270.0090160369873 176.65615844726562 270.0090160369873 194.64946937561035 252.7980194091797 194.64946937561035
253.12033081054688 176.4821319580078 270.1896495819092 176.4821319580078 270.1896495819092 194.32732582092285 253.12033081054688 194.32732582092285
