209.0 155.0 309.0 155.0 309.0 218.0 209.0 218.0
200.8665771484375 154.5457305908203 301.0863723754883 154.5457305908203 301.0863723754883 217.68420028686523 200.8665771484375 217.68420028686523
190.8352813720703 153.30001831054688 290.65140533447266 153.30001831054688 290.65140533447266 216.18417358398438 190.8352813720703 216.18417358398438
181.87527465820312 155.6487274169922 281.7081604003906 155.6487274169922 281.7081604003906 218.54344177246094 181.87527465820312 218.54344177246094
178.2819366455078 156.65643310546875 275.66585540771484 156.65643310546875 275.66585540771484 218.00830078125 178.2819366455078 218.00830078125
172.8633270263672 156.4383087158203 269.9569549560547 156.4383087158203 269.9569549560547 217.60729217529297 172.8633270263672 217.60729217529297
164.0615234375 155.92681884765625 261.0641098022461 155.92681884765625 261.0641098022461 217.03844451904297 164.0615234375 217.03844451904297
159.9969940185547 154.50282287597656 257.0249252319336 154.50282287597656 257.0249252319336 215.63040924072266 159.9969940185547 215.63040924072266
156.95260620117188 155.5552978515625 253.34809112548828 155.5552978515625 253.34809112548828 216.28444290161133 156.95260620117188 216.28444290161133
149.9061279296875 155.88722229003906 245.5219268798828 155.88722229003906 245.5219268798828 216.1251564025879 149.9061279296875 216.1251564025879
148.90066528320312 154.99365234375 242.91651916503906 154.99365234375 242.91651916503906 214.2236213684082 148.90066528320312 214.2236213684082
143.41064453125 155.05148315429688 236.8370361328125 155.05148315429688 236.8370361328125 213.91008758544922 143.41064453125 213.91008758544922
143.91299438476562 155.67132568359375 235.7229232788086 155.67132568359375 235.7229232788086 213.51155853271484 143.91299438476562 213.51155853271484
140.6192626953125 157.9065399169922 230.8751220703125 157.9065399169922 230.8751220703125 214.76770782470703 140.6192626953125 214.76770782470703
136.57632446289062 156.84352111816406 226.18640899658203 156.84352111816406 226.18640899658203 213.29784774780273 136.57632446289062 213.29784774780273
136.89938354492188 156.6742401123047 224.56930541992188 156.6742401123047 224.56930541992188 211.90626525878906 136.89938354492188 211.90626525878906
133.4990997314453 157.85887145996094 218.73886108398438 157.85887145996094 218.73886108398438 211.55989837646484 133.4990997314453 211.55989837646484
131.2135772705078 158.1841583251953 215.1047821044922 158.1841583251953 215.1047821044922 211.03559112548828 131.2135772705078 211.03559112548828
128.77346801757812 158.51156616210938 211.69740295410156 158.51156616210938 211.69740295410156 210.75361251831055 128.77346801757812 210.75361251831055
128.7034912109375 159.54513549804688 209.55340576171875 159.54513549804688 209.55340576171875 210.48054885864258 128.7034912109375 210.48054885864258
127.20109558105469 158.2671356201172 207.24346923828125 158.2671356201172 207.24346923828125 208.69379425048828 127.20109558105469 208.69379425048828
124.3187026977539 158.3274383544922 203.74478912353516 158.3274383544922 203.74478912353516 208.36583709716797 124.3187026977539 208.36583709716797
122.9037094116211 158.08456420898438 202.74494171142578 158.08456420898438 202.74494171142578 208.38450241088867 122.9037094116211 208.38450241088867
124.17826080322266 158.2568359375 202.79553985595703 158.2568359375 202.79553985595703 207.78568649291992 124.17826080322266 207.78568649291992
122.18766784667969 157.8548126220703 200.86032104492188 157.8548126220703 200.86032104492188 207.41854858398438 122.18766784667969 207.41854858398438
123.05497741699219 157.4375457763672 200.40538787841797 157.4375457763672 200.40538787841797 206.16826629638672 123.05497741699219 206.16826629638672
122.2512435913086 158.58921813964844 198.73492431640625 158.58921813964844 198.73492431640625 206.7738914489746 122.2512435913086 206.7738914489746
121.23762512207031 159.14199829101562 196.06157684326172 159.14199829101562 196.06157684326172 206.28104400634766 121.23762512207031 206.28104400634766
121.78271484375 158.80465698242188 195.37682342529297 158.80465698242188 195.37682342529297 205.16890716552734 121.78271484375 205.16890716552734
125.28228759765625 158.90847778320312 197.31361389160156 158.90847778320312 197.31361389160156 204.28817749023438 125.28228759765625 204.28817749023438
123.53797912597656 159.2906494140625 194.74551391601562 159.2906494140625 194.74551391601562 204.15135955810547 123.53797912597656 204.15135955810547
123.900390625 158.34017944335938 195.51661682128906 158.34017944335938 195.51661682128906 203.4583625793457 123.900390625 203.4583625793457
125.32710266113281 159.45750427246094 195.94032287597656 159.45750427246094 195.94032287597656 203.94379425048828 125.32710266113281 203.94379425048828
124.75443267822266 158.89178466796875 193.78545379638672 158.89178466796875 193.78545379638672 202.38128662109375 124.75443267822266 202.38128662109375
123.98018646240234 160.5292510986328 192.1694107055664 160.5292510986328 192.1694107055664 203.48841857910156 123.98018646240234 203.48841857910156
127.577880859375 159.67861938476562 194.20957946777344 159.67861938476562 194.20957946777344 201.65654754638672 127.577880859375 201.65654754638672
127.63809967041016 159.77682495117188 194.65709686279297 159.77682495117188 194.65709686279297 201.9987564086914 127.63809967041016 201.9987564086914
128.30882263183594 160.3027801513672 194.56592559814453 160.3027801513672 194.56592559814453 202.04471969604492 128.30882263183594 202.04471969604492
130.41189575195312 160.24246215820312 195.69285583496094 160.24246215820312 195.69285583496094 201.36943435668945 130.41189575195312 201.36943435668945
132.18069458007812 159.69691467285156 197.4113006591797 159.69691467285156 197.4113006591797 200.79216384887695 132.18069458007812 200.79216384887695
132.4707489013672 159.9120635986328 197.94558715820312 159.9120635986328 197.94558715820312 201.16117095947266 132.4707489013672 201.16117095947266
133.7925567626953 159.43145751953125 198.24337005615234 159.43145751953125 198.24337005615234 200.03542709350586 133.7925567626953 200.03542709350586
134.30209350585938 160.0902557373047 198.3558807373047 160.0902557373047 198.3558807373047 200.44409561157227 134.30209350585938 200.44409561157227
135.86572265625 158.94081115722656 199.44294357299805 158.94081115722656 199.44294357299805 198.9944190979004 135.86572265625 198.9944190979004
136.5951385498047 160.35398864746094 199.6966094970703 160.35398864746094 199.6966094970703 200.1078758239746 136.5951385498047 200.1078758239746
137.66287231445312 159.75131225585938 199.59856414794922 159.75131225585938 199.59856414794922 198.7707633972168 137.66287231445312 198.7707633972168
140.7447967529297 159.2940673828125 202.49127960205078 159.2940673828125 202.49127960205078 198.19432067871094 140.7447967529297 198.19432067871094
141.53164672851562 160.44009399414062 202.38098907470703 160.44009399414062 202.38098907470703 198.77515029907227 141.53164672851562 198.77515029907227
142.9217987060547 161.0580596923828 203.0866355895996 161.0580596923828 203.0866355895996 198.96187591552734 142.9217987060547 198.96187591552734
142.274169921875 161.53192138671875 201.20323944091797 161.53192138671875 201.20323944091797 198.65720748901367 142.274169921875 198.65720748901367
146.11146545410156 162.093017578125 203.9276580810547 162.093017578125 203.9276580810547 198.51719284057617 146.11146545410156 198.51719284057617
146.6121063232422 162.47854614257812 203.4250831604004 162.47854614257812 203.4250831604004 198.27069854736328 146.6121063232422 198.27069854736328
147.09854125976562 161.9393310546875 204.04705047607422 161.9393310546875 204.04705047607422 197.8168716430664 147.09854125976562 197.8168716430664
148.5066375732422 162.51394653320312 205.6063690185547 162.51394653320312 205.6063690185547 198.48676300048828 148.5066375732422 198.48676300048828
148.67494201660156 162.146484375 204.42212295532227 162.146484375 204.42212295532227 197.26719284057617 148.67494201660156 197.26719284057617
149.9636993408203 161.86978149414062 205.59520721435547 161.86978149414062 205.59520721435547 196.9176139831543 149.9636993408203 196.9176139831543
154.1568145751953 162.4381103515625 209.5032730102539 162.4381103515625 209.5032730102539 197.3063621520996 154.1568145751953 197.3063621520996
152.8904571533203 162.0521240234375 207.7858123779297 162.0521240234375 207.7858123779297 196.63618087768555 152.8904571533203 196.63618087768555
154.53842163085938 161.1826629638672 209.03618240356445 161.1826629638672 209.03618240356445 195.5162353515625 154.53842163085938 195.5162353515625
156.34738159179688 161.326904296875 211.24944305419922 161.326904296875 211.24944305419922 195.9151840209961 156.34738159179688 195.9151840209961
158.15591430664062 161.10470581054688 212.3328971862793 161.10470581054688 212.3328971862793 195.2361831665039 158.15591430664062 195.2361831665039
162.30690002441406 161.10128784179688 215.5950469970703 161.10128784179688 215.5950469970703 194.67279815673828 162.30690002441406 194.67279815673828
163.8982391357422 161.11932373046875 216.47044372558594 161.11932373046875 216.47044372558594 194.23979568481445 163.8982391357422 194.23979568481445
165.75845336914062 160.43890380859375 218.12578582763672 160.43890380859375 218.12578582763672 193.43030548095703 165.75845336914062 193.43030548095703
164.3134307861328 160.3810272216797 216.84494400024414 160.3810272216797 216.84494400024414 193.47586822509766 164.3134307861328 193.47586822509766
164.5387725830078 160.77052307128906 216.68714141845703 160.77052307128906 216.68714141845703 193.62398529052734 164.5387725830078 193.62398529052734
165.82565307617188 160.31103515625 218.03759002685547 160.31103515625 218.03759002685547 193.20454788208008 165.82565307617188 193.20454788208008
168.27822875976562 161.00692749023438 219.77235794067383 161.00692749023438 219.77235794067383 193.4482192993164 168.27822875976562 193.4482192993164
169.74551391601562 161.2320098876953 221.0489501953125 161.2320098876953 221.0489501953125 193.55316543579102 169.74551391601562 193.55316543579102
171.89674377441406 161.3791961669922 222.24658966064453 161.3791961669922 222.24658966064453 193.09959030151367 171.89674377441406 193.09959030151367
173.21133422851562 162.14059448242188 222.98588180541992 162.14059448242188 222.98588180541992 193.49855041503906 173.21133422851562 193.49855041503906
175.42233276367188 161.9120635986328 223.80171966552734 161.9120635986328 223.80171966552734 192.3910675048828 175.42233276367188 192.3910675048828
176.5052490234375 161.3926239013672 224.1375503540039 161.3926239013672 224.1375503540039 191.40096473693848 176.5052490234375 191.40096473693848
177.53744506835938 161.4603729248047 224.21055221557617 161.4603729248047 224.21055221557617 190.86442184448242 177.53744506835938 190.86442184448242
178.69680786132812 161.3354949951172 225.08794403076172 161.3354949951172 225.08794403076172 190.56190490722656 178.69680786132812 190.56190490722656
179.99331665039062 161.99642944335938 225.7700080871582 161.99642944335938 225.7700080871582 190.8357391357422 179.99331665039062 190.8357391357422
179.97183227539062 161.347900390625 226.13911819458008 161.347900390625 226.13911819458008 190.43328475952148 179.97183227539062 190.43328475952148
181.83421325683594 161.63784790039062 227.85496520996094 161.63784790039062 227.85496520996094 190.63091659545898 181.83421325683594 190.63091659545898
183.75511169433594 162.23196411132812 229.26948165893555 162.23196411132812 229.26948165893555 190.9060115814209 183.75511169433594 190.9060115814209
183.20553588867188 162.30276489257812 228.3683967590332 162.30276489257812 228.3683967590332 190.75536155700684 183.20553588867188 190.75536155700684
184.63861083984375 162.2294464111328 229.90720748901367 162.2294464111328 229.90720748901367 190.74866104125977 184.63861083984375 190.74866104125977
185.63746643066406 161.88121032714844 230.55800247192383 161.88121032714844 230.55800247192383 190.1811466217041 185.63746643066406 190.1811466217041
188.39260864257812 162.40396118164062 232.70118713378906 162.40396118164062 232.70118713378906 190.3183650970459 188.39260864257812 190.3183650970459
189.5891876220703 161.4322967529297 233.37423706054688 161.4322967529297 233.37423706054688 189.01687622070312 189.5891876220703 189.01687622070312
191.03038024902344 161.9208221435547 235.06781768798828 161.9208221435547 235.06781768798828 189.66440391540527 191.03038024902344 189.66440391540527
191.29983520507812 161.40185546875 235.3005599975586 161.40185546875 235.3005599975586 189.1223087310791 191.29983520507812 189.1223087310791
193.46353149414062 162.02151489257812 236.57097244262695 162.02151489257812 236.57097244262695 189.17919921875 193.46353149414062 189.17919921875
195.33460998535156 162.0409393310547 237.54192352294922 162.0409393310547 237.54192352294922 188.6315402984619 195.33460998535156 188.6315402984619
196.5663604736328 162.0160369873047 238.2355079650879 162.0160369873047 238.2355079650879 188.26759338378906 196.5663604736328 188.26759338378906
198.26406860351562 162.08522033691406 239.48896026611328 162.08522033691406 239.48896026611328 188.05689430236816 198.26406860351562 188.05689430236816
200.2196502685547 162.8627471923828 241.30247497558594 162.8627471923828 241.30247497558594 188.7449188232422 200.2196502685547 188.7449188232422
200.3138427734375 162.17068481445312 241.18926239013672 162.17068481445312 241.18926239013672 187.92219161987305 200.3138427734375 187.92219161987305
202.45504760742188 161.88961791992188 242.67940521240234 161.88961791992188 242.67940521240234 187.23095703125 202.45504760742188 187.23095703125
204.40658569335938 163.00088500976562 244.16046142578125 163.00088500976562 244.16046142578125 188.04581832885742 204.40658569335938 188.04581832885742
204.5926971435547 162.5185546875 243.35024642944336 162.5185546875 243.35024642944336 186.9358024597168 204.5926971435547 186.9358024597168
205.69921875 162.06289672851562 244.31531143188477 162.06289672851562 244.31531143188477 186.3910255432129 205.69921875 186.3910255432129
207.4088592529297 162.5244598388672 245.11934661865234 162.5244598388672 245.11934661865234 186.28205680847168 207.4088592529297 186.28205680847168
210.2315216064453 161.8874053955078 247.50260543823242 161.8874053955078 247.50260543823242 185.36817741394043 210.2315216064453 185.36817741394043
210.17526245117188 162.8441925048828 247.42309951782227 162.8441925048828 247.42309951782227 186.31031799316406 210.17526245117188 186.31031799316406
211.5451202392578 162.0297393798828 248.47121810913086 162.0297393798828 248.47121810913086 185.29317092895508 211.5451202392578 185.29317092895508
212.88302612304688 162.57601928710938 249.18963623046875 162.57601928710938 249.18963623046875 185.4491729736328 212.88302612304688 185.4491729736328
213.6316375732422 163.3429718017578 249.6263198852539 163.3429718017578 249.6263198852539 186.0196132659912 213.6316375732422 186.0196132659912
215.3217315673828 162.44357299804688 250.48294067382812 162.44357299804688 250.48294067382812 184.5951271057129 215.3217315673828 184.5951271057129
216.92269897460938 162.99728393554688 251.2707405090332 162.99728393554688 251.2707405090332 184.63654136657715 216.92269897460938 184.63654136657715
217.3939971923828 162.35557556152344 251.9761199951172 162.35557556152344 251.9761199951172 184.14230346679688 217.3939971923828 184.14230346679688
217.8268280029297 162.83843994140625 252.63319396972656 162.83843994140625 252.63319396972656 184.76644325256348 217.8268280029297 184.76644325256348
218.0162811279297 162.84689331054688 252.9398078918457 162.84689331054688 252.9398078918457 184.8487091064453 218.0162811279297 184.8487091064453
218.900146484375 162.3931884765625 253.6623191833496 162.3931884765625 253.6623191833496 184.29335403442383 218.900146484375 184.29335403442383
220.46664428710938 162.86300659179688 254.355224609375 162.86300659179688 254.355224609375 184.2128086090088 220.46664428710938 184.2128086090088
222.41921997070312 163.03872680664062 255.72833251953125 163.03872680664062 255.72833251953125 184.02346420288086 222.41921997070312 184.02346420288086
224.0969696044922 162.51234436035156 256.682430267334 162.51234436035156 256.682430267334 183.04118156433105 224.0969696044922 183.04118156433105
224.3413543701172 163.70364379882812 256.554256439209 163.70364379882812 256.554256439209 183.9977684020996 224.3413543701172 183.9977684020996
225.46780395507812 163.5655517578125 257.654483795166 163.5655517578125 257.654483795166 183.84315872192383 225.46780395507812 183.84315872192383
227.31948852539062 163.463134765625 258.8814811706543 163.463134765625 258.8814811706543 183.34718894958496 227.31948852539062 183.34718894958496
228.7267303466797 163.1143035888672 259.9096565246582 163.1143035888672 259.9096565246582 182.7595443725586 228.7267303466797 182.7595443725586
