323.0 235.0 390.0 235.0 390.0 285.0 323.0 285.0
316.8106689453125 232.2808380126953 384.8788299560547 232.2808380126953 384.8788299560547 283.07796478271484 316.8106689453125 283.07796478271484
311.31817626953125 227.2462158203125 378.13934326171875 227.2462158203125 378.13934326171875 277.1127510070801 311.31817626953125 277.1127510070801
308.10247802734375 222.8228759765625 374.7365951538086 222.8228759765625 374.7365951538086 272.5498237609863 308.10247802734375 272.5498237609863
303.5997619628906 217.77859497070312 369.24713134765625 217.77859497070312 369.24713134765625 266.76916122436523 303.5997619628906 266.76916122436523
294.6932067871094 212.9306182861328 361.04539489746094 212.9306182861328 361.04539489746094 262.4471664428711 294.6932067871094 262.4471664428711
288.8114929199219 208.8120880126953 356.17921447753906 208.8120880126953 356.17921447753906 259.0864944458008 288.8114929199219 259.0864944458008
286.61041259765625 205.027099609375 352.90628814697266 205.027099609375 352.90628814697266 254.50162506103516 286.61041259765625 254.50162506103516
281.67822265625 200.5421600341797 347.13128662109375 200.5421600341797 347.13128662109375 249.38772201538086 281.67822265625 249.38772201538086
281.948486328125 201.58877563476562 346.2118606567383 201.58877563476562 346.2118606567383 249.5465087890625 281.948486328125 249.5465087890625
276.27191162109375 196.9094696044922 338.9233169555664 196.9094696044922 338.9233169555664 243.66423797607422 276.27191162109375 243.66423797607422
275.24542236328125 194.3623046875 336.0856513977051 194.3623046875 336.0856513977051 239.76544952392578 275.24542236328125 239.76544952392578
268.5138244628906 187.98641967773438 329.48016357421875 187.98641967773438 329.48016357421875 233.4836769104004 268.5138244628906 233.4836769104004
264.27008056640625 185.44923400878906 324.0096015930176 185.44923400878906 324.0096015930176 230.03095245361328 264.27008056640625 230.03095245361328
262.2730407714844 182.932373046875 320.8009223937988 182.932373046875 320.8009223937988 226.60988235473633 262.2730407714844 226.60988235473633
259.92108154296875 179.18441772460938 318.32474517822266 179.18441772460938 318.32474517822266 222.76922225952148 259.92108154296875 222.76922225952148
255.4169921875 175.5133056640625 313.9185104370117 175.5133056640625 313.9185104370117 219.17113494873047 255.4169921875 219.17113494873047
249.1838836669922 171.06167602539062 307.7779083251953 171.06167602539062 307.7779083251953 214.7885398864746 249.1838836669922 214.7885398864746
246.09158325195312 168.14443969726562 303.7442741394043 168.14443969726562 303.7442741394043 211.16881561279297 246.09158325195312 211.16881561279297
242.46875 165.0229034423828 299.64994049072266 165.0229034423828 299.64994049072266 207.6954116821289 242.46875 207.6954116821289
242.3114776611328 165.34671020507812 298.576114654541 165.34671020507812 298.576114654541 207.33522033691406 242.3114776611328 207.33522033691406
238.76022338867188 162.08773803710938 294.2422409057617 162.08773803710938 294.2422409057617 203.4922103881836 238.76022338867188 203.4922103881836
233.86917114257812 158.59152221679688 288.7717399597168 158.59152221679688 288.7717399597168 199.56356811523438 233.86917114257812 199.56356811523438
229.82046508789062 156.47169494628906 283.4619445800781 156.47169494628906 283.4619445800781 196.50262832641602 229.82046508789062 196.50262832641602
226.72036743164062 153.12191772460938 279.6126594543457 153.12191772460938 279.6126594543457 192.59375762939453 226.72036743164062 192.59375762939453
223.8723602294922 150.7548065185547 276.41736602783203 150.7548065185547 276.41736602783203 189.96747589111328 223.8723602294922 189.96747589111328
217.11959838867188 146.65701293945312 270.0304985046387 146.65701293945312 270.0304985046387 186.14273834228516 217.11959838867188 186.14273834228516
217.0202178955078 144.0802764892578 268.97340393066406 144.0802764892578 268.97340393066406 182.85129165649414 217.0202178955078 182.85129165649414
214.5057830810547 140.93588256835938 266.3986053466797 140.93588256835938 266.3986053466797 179.6618537902832 214.5057830810547 179.6618537902832
210.1654815673828 139.47100830078125 261.09546661376953 139.47100830078125 261.09546661376953 177.47844314575195 210.1654815673828 177.47844314575195
205.697509765625 137.2442626953125 256.4401321411133 137.2442626953125 256.4401321411133 175.11186981201172 205.697509765625 175.11186981201172
202.8851318359375 132.62448120117188 253.3860969543457 132.62448120117188 253.3860969543457 170.31174850463867 202.8851318359375 170.31174850463867
202.61282348632812 132.95614624023438 252.94200897216797 132.95614624023438 252.94200897216797 170.51522064208984 202.61282348632812 170.51522064208984
200.03250122070312 130.77676391601562 249.83087921142578 130.77676391601562 249.83087921142578 167.93971633911133 200.03250122070312 167.93971633911133
198.20486450195312 129.0343475341797 247.3115997314453 129.0343475341797 247.3115997314453 165.68114852905273 198.20486450195312 165.68114852905273
193.51193237304688 127.20963287353516 242.3453483581543 127.20963287353516 242.3453483581543 163.6524658203125 193.51193237304688 163.6524658203125
189.03712463378906 123.7008285522461 238.0165786743164 123.7008285522461 238.0165786743164 160.25264739990234 189.03712463378906 160.25264739990234
185.9664306640625 121.56839752197266 234.82465362548828 121.56839752197266 234.82465362548828 158.02974700927734 185.9664306640625 158.02974700927734
183.83786010742188 119.39461517333984 233.75148010253906 119.39461517333984 233.75148010253906 156.6435775756836 183.83786010742188 156.6435775756836
180.12313842773438 117.55094146728516 230.02128219604492 117.55094146728516 230.02128219604492 154.78835678100586 180.12313842773438 154.78835678100586
180.75387573242188 117.42735290527344 230.29003143310547 117.42735290527344 230.29003143310547 154.39462661743164 180.75387573242188 154.39462661743164
180.57225036621094 114.21879577636719 229.66812133789062 114.21879577636719 229.66812133789062 150.85750198364258 180.57225036621094 150.85750198364258
172.3050079345703 109.10906982421875 221.13830947875977 109.10906982421875 221.13830947875977 145.55182647705078 172.3050079345703 145.55182647705078
173.74435424804688 110.11677551269531 222.7079849243164 110.11677551269531 222.7079849243164 146.65679168701172 173.74435424804688 146.65679168701172
170.6376953125 107.22808837890625 218.6873550415039 107.22808837890625 218.6873550415039 143.0860366821289 170.6376953125 143.0860366821289
167.39239501953125 105.27671813964844 215.14928817749023 105.27671813964844 215.14928817749023 140.91618728637695 167.39239501953125 140.91618728637695
166.15870666503906 103.11795806884766 212.74945831298828 103.11795806884766 212.74945831298828 137.8871726989746 166.15870666503906 137.8871726989746
162.1934051513672 99.69183349609375 209.3814468383789 99.69183349609375 209.3814468383789 134.9067840576172 162.1934051513672 134.9067840576172
161.3565673828125 98.57417297363281 207.46491622924805 98.57417297363281 207.46491622924805 132.98338317871094 161.3565673828125 132.98338317871094
157.55123901367188 96.41273498535156 203.0130500793457 96.41273498535156 203.0130500793457 130.33945083618164 157.55123901367188 130.33945083618164
157.07778930664062 94.63470458984375 201.33866119384766 94.63470458984375 201.33866119384766 127.66519927978516 157.07778930664062 127.66519927978516
157.46176147460938 95.00044250488281 201.36516571044922 95.00044250488281 201.36516571044922 127.76416778564453 157.46176147460938 127.76416778564453
156.5064239501953 94.25113677978516 199.76058197021484 94.25113677978516 199.76058197021484 126.53034973144531 156.5064239501953 126.53034973144531
152.08465576171875 90.92890167236328 194.46585845947266 90.92890167236328 194.46585845947266 122.5566520690918 152.08465576171875 122.5566520690918
150.93931579589844 89.80316162109375 192.60735321044922 89.80316162109375 192.60735321044922 120.89870071411133 150.93931579589844 120.89870071411133
149.23023986816406 88.60250091552734 190.04774856567383 88.60250091552734 190.04774856567383 119.06331634521484 149.23023986816406 119.06331634521484
142.7694854736328 83.99457550048828 183.95734024047852 83.99457550048828 183.95734024047852 114.73176956176758 142.7694854736328 114.73176956176758
141.65553283691406 81.93297576904297 181.8234519958496 81.93297576904297 181.8234519958496 111.90902328491211 141.65553283691406 111.90902328491211
141.6849822998047 82.99730682373047 181.01816177368164 82.99730682373047 181.01816177368164 112.35041427612305 141.6849822998047 112.35041427612305
140.16395568847656 80.90211486816406 178.68669509887695 80.90211486816406 178.68669509887695 109.65041542053223 140.16395568847656 109.65041542053223
135.28585815429688 79.4356918334961 173.19731521606445 79.4356918334961 173.19731521606445 107.72781181335449 135.28585815429688 107.72781181335449
135.44406127929688 79.52008056640625 172.1338768005371 79.52008056640625 172.1338768005371 106.90053176879883 135.44406127929688 106.90053176879883
133.26004028320312 77.82821655273438 169.5832977294922 77.82821655273438 169.5832977294922 104.93511962890625 133.26004028320312 104.93511962890625
133.80392456054688 76.67972564697266 168.84213638305664 76.67972564697266 168.84213638305664 102.82763862609863 133.80392456054688 102.82763862609863
133.7362060546875 76.541748046875 167.98223876953125 76.541748046875 167.98223876953125 102.09848403930664 133.7362060546875 102.09848403930664
128.74472045898438 73.94524383544922 162.50659942626953 73.94524383544922 162.50659942626953 99.14067077636719 128.74472045898438 99.14067077636719
128.1011199951172 72.44232177734375 161.6583023071289 72.44232177734375 161.6583023071289 97.48498916625977 128.1011199951172 97.48498916625977
125.70533752441406 71.50077056884766 159.00753021240234 71.50077056884766 159.00753021240234 96.35314559936523 125.70533752441406 96.35314559936523
125.1146011352539 69.0319595336914 158.70773315429688 69.0319595336914 158.70773315429688 94.1014518737793 125.1146011352539 94.1014518737793
124.8214340209961 68.3782730102539 158.00664520263672 68.3782730102539 158.00664520263672 93.14334487915039 124.8214340209961 93.14334487915039
124.11090087890625 68.2109146118164 156.87726211547852 68.2109146118164 156.87726211547852 92.66341018676758 124.11090087890625 92.66341018676758
123.59846496582031 66.57020568847656 156.78833770751953 66.57020568847656 156.78833770751953 91.33875465393066 123.59846496582031 91.33875465393066
121.3827896118164 64.1924819946289 154.208251953125 64.1924819946289 154.208251953125 88.68908309936523 121.3827896118164 88.68908309936523
119.11329650878906 63.061279296875 151.84429550170898 63.061279296875 151.84429550170898 87.48738479614258 119.11329650878906 87.48738479614258
117.82376861572266 61.730682373046875 149.923828125 61.730682373046875 149.923828125 85.68593788146973 117.82376861572266 85.68593788146973
116.09062194824219 60.59210968017578 148.15438079833984 60.59210968017578 148.15438079833984 84.5202751159668 116.09062194824219 84.5202751159668
114.2523422241211 58.82489013671875 146.1451530456543 58.82489013671875 146.1451530456543 82.6254825592041 114.2523422241211 82.6254825592041
113.14787292480469 57.432159423828125 145.1408805847168 57.432159423828125 145.1408805847168 81.30752754211426 113.14787292480469 81.30752754211426
111.56748962402344 56.5099983215332 142.8024196624756 56.5099983215332 142.8024196624756 79.81963920593262 111.56748962402344 79.81963920593262
110.85484313964844 55.56097412109375 141.83397483825684 55.56097412109375 141.83397483825684 78.67972183227539 110.85484313964844 78.67972183227539
110.92201232910156 54.164894104003906 141.77090072631836 54.164894104003906 141.77090072631836 77.18644332885742 110.92201232910156 77.18644332885742
108.44264221191406 54.165977478027344 138.94386672973633 54.165977478027344 138.94386672973633 76.92807388305664 108.44264221191406 76.92807388305664
104.38873291015625 52.56190872192383 134.80849075317383 52.56190872192383 134.80849075317383 75.26321220397949 104.38873291015625 75.26321220397949
107.2938232421875 51.94987106323242 137.72220420837402 51.94987106323242 137.72220420837402 74.65760803222656 107.2938232421875 74.65760803222656
105.4706802368164 50.303672790527344 135.86670303344727 50.303672790527344 135.86670303344727 72.98726272583008 105.4706802368164 72.98726272583008
102.66373443603516 49.634605407714844 133.25421333312988 49.634605407714844 133.25421333312988 72.46331024169922 102.66373443603516 72.46331024169922
103.20172119140625 47.71562576293945 133.3085422515869 47.71562576293945 133.3085422515869 70.18339347839355 103.20172119140625 70.18339347839355
101.28197479248047 46.711700439453125 131.17296600341797 46.711700439453125 131.17296600341797 69.01840209960938 101.28197479248047 69.01840209960938
99.06778717041016 46.14992904663086 129.36880683898926 46.14992904663086 129.36880683898926 68.76262092590332 99.06778717041016 68.76262092590332
99.00312805175781 43.76904296875 129.9603729248047 43.76904296875 129.9603729248047 66.8714542388916 99.00312805175781 66.8714542388916
98.65449523925781 43.982444763183594 129.52789306640625 43.982444763183594 129.52789306640625 67.02228164672852 98.65449523925781 67.02228164672852
93.13202667236328 42.9786262512207 123.63445854187012 42.9786262512207 123.63445854187012 65.74162292480469 93.13202667236328 65.74162292480469
98.14790344238281 42.10869598388672 128.26676559448242 42.10869598388672 128.26676559448242 64.58544731140137 98.14790344238281 64.58544731140137
93.13880920410156 41.101280212402344 123.72612953186035 41.101280212402344 123.72612953186035 63.92762565612793 93.13880920410156 63.92762565612793
92.85279846191406 40.10723876953125 122.78194236755371 40.10723876953125 122.78194236755371 62.44240951538086 92.85279846191406 62.44240951538086
91.42794036865234 39.3540153503418 120.89355278015137 39.3540153503418 120.89355278015137 61.34326934814453 91.42794036865234 61.34326934814453
87.49961853027344 38.48234558105469 116.51350784301758 38.48234558105469 116.51350784301758 60.13449478149414 87.49961853027344 60.13449478149414
87.79689025878906 37.51655578613281 116.81999778747559 37.51655578613281 116.81999778747559 59.17558479309082 87.79689025878906 59.17558479309082
91.26433563232422 36.18876647949219 120.43851089477539 36.18876647949219 120.43851089477539 57.960533142089844 91.26433563232422 57.960533142089844
90.83671569824219 36.1898307800293 120.01767539978027 36.1898307800293 120.01767539978027 57.96665954589844 90.83671569824219 57.96665954589844
90.04322814941406 35.3899040222168 118.91990280151367 35.3899040222168 118.91990280151367 56.93965530395508 90.04322814941406 56.93965530395508
89.2209701538086 34.0157356262207 117.96593475341797 34.0157356262207 117.96593475341797 55.467193603515625 89.2209701538086 55.467193603515625
87.05864715576172 33.14140319824219 115.48208427429199 33.14140319824219 115.48208427429199 54.3529167175293 87.05864715576172 54.3529167175293
86.91439819335938 32.12691116333008 115.41235733032227 32.12691116333008 115.41235733032227 53.3940372467041 86.91439819335938 53.3940372467041
85.65478515625 30.82918357849121 114.28594398498535 30.82918357849121 114.28594398498535 52.19571113586426 85.65478515625 52.19571113586426
85.23455047607422 30.108428955078125 113.54241752624512 30.108428955078125 113.54241752624512 51.233694076538086 85.23455047607422 51.233694076538086
82.41210174560547 30.242565155029297 110.29673957824707 30.242565155029297 110.29673957824707 51.05198669433594 82.41210174560547 51.05198669433594
83.28992462158203 29.051706314086914 110.6557846069336 29.051706314086914 110.6557846069336 49.473981857299805 83.28992462158203 49.473981857299805
83.5060806274414 28.542699813842773 110.61388969421387 28.542699813842773 110.61388969421387 48.77240180969238 83.5060806274414 48.77240180969238
83.36600494384766 27.691503524780273 110.3600845336914 27.691503524780273 110.3600845336914 47.836334228515625 83.36600494384766 47.836334228515625
80.09297943115234 26.43182373046875 106.61279106140137 26.43182373046875 106.61279106140137 46.22272491455078 80.09297943115234 46.22272491455078
79.49519348144531 26.36627769470215 105.45327758789062 26.36627769470215 105.45327758789062 45.73797798156738 79.49519348144531 45.73797798156738
81.92762756347656 25.30721092224121 107.68659400939941 25.30721092224121 107.68659400939941 44.53031921386719 81.92762756347656 44.53031921386719
79.51715087890625 24.204421997070312 105.16890525817871 24.204421997070312 105.16890525817871 43.3475227355957 79.51715087890625 43.3475227355957
79.93583679199219 23.907947540283203 104.66676139831543 23.907947540283203 104.66676139831543 42.363861083984375 79.93583679199219 42.363861083984375
78.24163818359375 23.067766189575195 102.68345260620117 23.067766189575195 102.68345260620117 41.307926177978516 78.24163818359375 41.307926177978516
79.92778778076172 22.41499137878418 104.33829689025879 22.41499137878418 104.33829689025879 40.63178825378418 79.92778778076172 40.63178825378418
79.8120346069336 22.911983489990234 104.35576820373535 22.911983489990234 104.35576820373535 41.22820281982422 79.8120346069336 41.22820281982422
78.63013458251953 21.701093673706055 102.7795524597168 21.701093673706055 102.7795524597168 39.72304725646973 78.63013458251953 39.72304725646973
75.73863983154297 20.549713134765625 99.6360034942627 20.549713134765625 99.6360034942627 38.38356590270996 75.73863983154297 38.38356590270996
72.63572692871094 19.556163787841797 96.61730766296387 19.556163787841797 96.61730766296387 37.45286560058594 72.63572692871094 37.45286560058594
74.88526916503906 19.794952392578125 98.27942276000977 19.794952392578125 98.27942276000977 37.25327491760254 74.88526916503906 37.25327491760254
74.11256408691406 17.92131233215332 97.22769165039062 17.92131233215332 97.22769165039062 35.17140579223633 74.11256408691406 35.17140579223633
73.66548156738281 17.77276611328125 96.39767837524414 17.77276611328125 96.39767837524414 34.73708915710449 73.66548156738281 34.73708915710449
72.77079010009766 16.790088653564453 95.53532791137695 16.790088653564453 95.53532791137695 33.778547286987305 72.77079010009766 33.778547286987305
72.31878662109375 16.875835418701172 94.74281311035156 16.875835418701172 94.74281311035156 33.61018180847168 72.31878662109375 33.61018180847168
72.0916748046875 16.442214965820312 94.29740142822266 16.442214965820312 94.29740142822266 33.01365089416504 72.0916748046875 33.01365089416504
72.2083969116211 16.023685455322266 94.48798751831055 16.023685455322266 94.48798751831055 32.65024375915527 72.2083969116211 32.65024375915527
72.60920715332031 15.805201530456543 94.52813720703125 15.805201530456543 94.52813720703125 32.16261005401611 72.60920715332031 32.16261005401611
70.66368103027344 15.632428169250488 92.75093460083008 15.632428169250488 92.75093460083008 32.115450859069824 70.66368103027344 32.115450859069824
72.49374389648438 14.653097152709961 94.60982894897461 14.653097152709961 94.60982894897461 31.157636642456055 72.49374389648438 31.157636642456055
73.9039077758789 14.714370727539062 95.79125595092773 14.714370727539062 95.79125595092773 31.048208236694336 73.9039077758789 31.048208236694336
70.05308532714844 14.73559856414795 91.88987922668457 14.73559856414795 91.88987922668457 31.03170680999756 70.05308532714844 31.03170680999756
71.10075378417969 14.930936813354492 93.06869125366211 14.930936813354492 93.06869125366211 31.324914932250977 71.10075378417969 31.324914932250977
68.60768127441406 13.542828559875488 90.4830265045166 13.542828559875488 90.4830265045166 29.86770725250244 68.60768127441406 29.86770725250244
54.47685623168945 7.951779365539551 76.28061294555664 7.951779365539551 76.28061294555664 24.22323513031006 54.47685623168945 24.22323513031006
54.708091735839844 8.138157844543457 76.96893501281738 8.138157844543457 76.96893501281738 24.750720024108887 54.708091735839844 24.750720024108887
54.433570861816406 8.060693740844727 76.42806816101074 8.060693740844727 76.42806816101074 24.474491119384766 54.433570861816406 24.474491119384766
54.32757568359375 7.450620174407959 76.30252456665039 7.450620174407959 76.30252456665039 23.849828243255615 54.32757568359375 23.849828243255615
55.026885986328125 6.5585784912109375 77.06363487243652 6.5585784912109375 77.06363487243652 23.003908157348633 55.026885986328125 23.003908157348633
54.02710723876953 6.29829740524292 75.78511047363281 6.29829740524292 75.78511047363281 22.535605907440186 54.02710723876953 22.535605907440186
54.63569259643555 6.313790798187256 75.9932632446289 6.313790798187256 75.9932632446289 22.25226926803589 54.63569259643555 22.25226926803589
54.411865234375 5.950023651123047 75.28886604309082 5.950023651123047 75.28886604309082 21.52986717224121 54.411865234375 21.52986717224121
55.12809371948242 5.322085380554199 76.04143333435059 5.322085380554199 76.04143333435059 20.929046630859375 55.12809371948242 20.929046630859375
54.50984573364258 4.834372520446777 74.99837112426758 4.834372520446777 74.99837112426758 20.124309539794922 54.50984573364258 20.124309539794922
55.20886993408203 4.356900215148926 75.482421875 4.356900215148926 75.482421875 19.486409187316895 55.20886993408203 19.486409187316895
56.672950744628906 2.9137885570526123 76.67490005493164 2.9137885570526123 76.67490005493164 17.840609312057495 56.672950744628906 17.840609312057495
55.759552001953125 2.675685405731201 75.27676200866699 2.675685405731201 75.27676200866699 17.240761280059814 55.759552001953125 17.240761280059814
54.36664962768555 2.940758228302002 73.9596939086914 2.940758228302002 73.9596939086914 17.56242609024048 54.36664962768555 17.56242609024048
54.04514694213867 2.6742472648620605 73.1986141204834 2.6742472648620605 73.1986141204834 16.967872142791748 54.04514694213867 16.967872142791748
54.507713317871094 2.2299587726593018 73.23277473449707 2.2299587726593018 73.23277473449707 16.203876733779907 54.507713317871094 16.203876733779907
54.76240921020508 2.017787456512451 73.32980918884277 2.017787456512451 73.32980918884277 15.874046802520752 54.76240921020508 15.874046802520752
54.95313262939453 1.1085000038146973 73.29549598693848 1.1085000038146973 73.29549598693848 14.796821117401123 54.95313262939453 14.796821117401123
54.30218505859375 0.21810980141162872 72.27404594421387 0.21810980141162872 72.27404594421387 13.629938796162605 54.30218505859375 13.629938796162605
54.45142364501953 0.0 71.99431991577148 0.0 71.99431991577148 13.091707229614258 54.45142364501953 13.091707229614258
53.493446350097656 0.0 70.40225601196289 0.0 70.40225601196289 12.618509292602539 53.493446350097656 12.618509292602539
