196.0 220.0 216.0 220.0 216.0 275.0 196.0 275.0
195.77169799804688 220.07644653320312 215.74658966064453 220.07644653320312 215.74658966064453 275.00739669799805 195.77169799804688 275.00739669799805
196.03102111816406 219.7967529296875 215.6436996459961 219.7967529296875 215.6436996459961 273.7316207885742 196.03102111816406 273.7316207885742
197.0697784423828 219.79135131835938 216.62979125976562 219.79135131835938 216.62979125976562 273.5813903808594 197.0697784423828 273.5813903808594
196.87161254882812 219.59548950195312 216.88499069213867 219.59548950195312 216.88499069213867 274.6322822570801 196.87161254882812 274.6322822570801
196.3684539794922 218.76016235351562 216.43362426757812 218.76016235351562 216.43362426757812 273.9393844604492 196.3684539794922 273.9393844604492
197.3258819580078 218.9806671142578 217.4768009185791 218.9806671142578 217.4768009185791 274.395694732666 197.3258819580078 274.395694732666
196.9905548095703 217.7535858154297 217.22955703735352 217.7535858154297 217.22955703735352 273.4108428955078 196.9905548095703 273.4108428955078
196.61398315429688 218.74826049804688 216.95427703857422 218.74826049804688 216.95427703857422 274.68407440185547 196.61398315429688 274.68407440185547
196.51809692382812 218.3037109375 216.89349746704102 218.3037109375 216.89349746704102 274.33606719970703 196.51809692382812 274.33606719970703
197.3911590576172 219.7645263671875 217.62042427062988 219.7645263671875 217.62042427062988 275.3950080871582 197.3911590576172 275.3950080871582
196.6251220703125 220.1400604248047 217.05175399780273 220.1400604248047 217.05175399780273 276.3133010864258 196.6251220703125 276.3133010864258
197.1022186279297 219.20645141601562 217.62037658691406 219.20645141601562 217.62037658691406 275.6313896179199 197.1022186279297 275.6313896179199
196.78213500976562 219.2195587158203 217.36953163146973 219.2195587158203 217.36953163146973 275.834903717041 196.78213500976562 275.834903717041
196.70957946777344 220.09408569335938 217.10330772399902 220.09408569335938 217.10330772399902 276.17684173583984 196.70957946777344 276.17684173583984
196.65689086914062 219.68661499023438 216.7659969329834 219.68661499023438 216.7659969329834 274.98665618896484 196.65689086914062 274.98665618896484
196.6866455078125 219.6925506591797 216.4122257232666 219.6925506591797 216.4122257232666 273.93789291381836 196.6866455078125 273.93789291381836
195.9755401611328 218.7434539794922 215.76825332641602 218.7434539794922 215.76825332641602 273.1734046936035 195.9755401611328 273.1734046936035
196.119873046875 219.4503936767578 215.8119010925293 219.4503936767578 215.8119010925293 273.6034622192383 196.119873046875 273.6034622192383
195.8076934814453 219.7023162841797 215.72033309936523 219.7023162841797 215.72033309936523 274.4620704650879 195.8076934814453 274.4620704650879
196.32281494140625 219.15243530273438 216.12142372131348 219.15243530273438 216.12142372131348 273.5986022949219 196.32281494140625 273.5986022949219
196.6179962158203 219.49472045898438 216.2472038269043 219.49472045898438 216.2472038269043 273.47503662109375 196.6179962158203 273.47503662109375
196.9818878173828 219.5066375732422 216.6463451385498 219.5066375732422 216.6463451385498 273.5838966369629 196.9818878173828 273.5838966369629
196.46221923828125 220.2307586669922 216.1422176361084 220.2307586669922 216.1422176361084 274.3507614135742 196.46221923828125 274.3507614135742
197.35421752929688 219.71694946289062 217.0180778503418 219.71694946289062 217.0180778503418 273.7925720214844 197.35421752929688 273.7925720214844
196.63412475585938 219.52297973632812 216.3851833343506 219.52297973632812 216.3851833343506 273.8383979797363 196.63412475585938 273.8383979797363
196.39254760742188 218.70858764648438 216.26534461975098 218.70858764648438 216.26534461975098 273.3587837219238 196.39254760742188 273.3587837219238
195.9244842529297 218.58627319335938 215.90292739868164 218.58627319335938 215.90292739868164 273.5269966125488 195.9244842529297 273.5269966125488
195.9364471435547 218.9070281982422 215.98167037963867 218.9070281982422 215.98167037963867 274.03139877319336 195.9364471435547 274.03139877319336
195.78628540039062 218.89779663085938 215.9051742553711 218.89779663085938 215.9051742553711 274.2247505187988 195.78628540039062 274.2247505187988
196.03665161132812 219.18203735351562 215.86909103393555 219.18203735351562 215.86909103393555 273.72125244140625 196.03665161132812 273.72125244140625
196.07244873046875 218.19287109375 215.64409828186035 218.19287109375 215.64409828186035 272.0149116516113 196.07244873046875 272.0149116516113
195.9771728515625 217.18124389648438 215.6365966796875 217.18124389648438 215.6365966796875 271.24466705322266 195.9771728515625 271.24466705322266
195.83758544921875 217.95458984375 215.41750717163086 217.95458984375 215.41750717163086 271.79938888549805 195.83758544921875 271.79938888549805
194.75833129882812 218.85098266601562 214.22623825073242 218.85098266601562 214.22623825073242 272.38774490356445 194.75833129882812 272.38774490356445
195.15101623535156 219.06393432617188 215.01167106628418 219.06393432617188 215.01167106628418 273.68074798583984 195.15101623535156 273.68074798583984
195.68618774414062 219.0512237548828 215.10179328918457 219.0512237548828 215.10179328918457 272.444149017334 195.68618774414062 272.444149017334
193.49168395996094 219.27017211914062 213.23713302612305 219.27017211914062 213.23713302612305 273.5701713562012 193.49168395996094 273.5701713562012
194.95046997070312 221.1046600341797 214.7987766265869 221.1046600341797 214.7987766265869 275.68751525878906 194.95046997070312 275.68751525878906
194.5743865966797 219.486572265625 214.48316955566406 219.486572265625 214.48316955566406 274.2357368469238 194.5743865966797 274.2357368469238
194.32688903808594 219.13015747070312 214.6551399230957 219.13015747070312 214.6551399230957 275.0328598022461 194.32688903808594 275.0328598022461
194.97964477539062 220.4437255859375 215.04508590698242 220.4437255859375 215.04508590698242 275.6236991882324 194.97964477539062 275.6236991882324
194.98887634277344 218.85205078125 215.19274520874023 218.85205078125 215.19274520874023 274.4127082824707 194.98887634277344 274.4127082824707
194.18893432617188 219.5014190673828 214.37053298950195 219.5014190673828 214.37053298950195 275.00083923339844 194.18893432617188 275.00083923339844
195.0061798095703 220.76025390625 214.6377658843994 220.76025390625 214.6377658843994 274.7471389770508 195.0061798095703 274.7471389770508
194.88754272460938 221.47628784179688 214.4929714202881 221.47628784179688 214.4929714202881 275.39124298095703 194.88754272460938 275.39124298095703
195.3536376953125 220.8928680419922 214.76169204711914 220.8928680419922 214.76169204711914 274.26504135131836 195.3536376953125 274.26504135131836
194.78794860839844 221.03207397460938 214.30548095703125 221.03207397460938 214.30548095703125 274.70531463623047 194.78794860839844 274.70531463623047
193.92483520507812 220.61801147460938 213.55157852172852 220.61801147460938 213.55157852172852 274.5915832519531 193.92483520507812 274.5915832519531
194.05508422851562 222.2043914794922 213.44747734069824 222.2043914794922 213.44747734069824 275.5335006713867 194.05508422851562 275.5335006713867
194.9755401611328 222.0166473388672 214.39703750610352 222.0166473388672 214.39703750610352 275.42578887939453 194.9755401611328 275.42578887939453
194.4840850830078 221.0309295654297 214.08938598632812 221.0309295654297 214.08938598632812 274.9455223083496 194.4840850830078 274.9455223083496
194.9043731689453 220.915771484375 214.3726806640625 220.915771484375 214.3726806640625 274.4536323547363 194.9043731689453 274.4536323547363
193.99351501464844 222.25326538085938 213.61981201171875 222.25326538085938 213.61981201171875 276.2255973815918 193.99351501464844 276.2255973815918
194.59877014160156 222.0655059814453 214.03907203674316 222.0655059814453 214.03907203674316 275.52635192871094 194.59877014160156 275.52635192871094
194.433349609375 221.93807983398438 213.77191543579102 221.93807983398438 213.77191543579102 275.1191520690918 194.433349609375 275.1191520690918
193.92453002929688 223.30514526367188 213.12130737304688 223.30514526367188 213.12130737304688 276.0962944030762 193.92453002929688 276.0962944030762
193.94442749023438 224.5721435546875 212.77245903015137 224.5721435546875 212.77245903015137 276.3492431640625 193.94442749023438 276.3492431640625
194.20840454101562 225.98171997070312 213.07159042358398 225.98171997070312 213.07159042358398 277.8554992675781 194.20840454101562 277.8554992675781
194.156494140625 224.79666137695312 213.1719455718994 224.79666137695312 213.1719455718994 277.0891647338867 194.156494140625 277.0891647338867
195.8509521484375 224.1219940185547 214.80792236328125 224.1219940185547 214.80792236328125 276.25366973876953 195.8509521484375 276.25366973876953
194.28240966796875 225.1734161376953 213.58184432983398 225.1734161376953 213.58184432983398 278.24686431884766 194.28240966796875 278.24686431884766
194.6069793701172 224.9965057373047 213.8298282623291 224.9965057373047 213.8298282623291 277.85934829711914 194.6069793701172 277.85934829711914
194.20462036132812 223.31381225585938 213.22790908813477 223.31381225585938 213.22790908813477 275.6278610229492 194.20462036132812 275.6278610229492
194.4217987060547 223.77871704101562 213.35282516479492 223.77871704101562 213.35282516479492 275.8390426635742 194.4217987060547 275.8390426635742
194.37974548339844 224.8732147216797 213.4845199584961 224.8732147216797 213.4845199584961 277.4113426208496 194.37974548339844 277.4113426208496
194.05593872070312 222.3779754638672 212.93198585510254 222.3779754638672 212.93198585510254 274.28710174560547 194.05593872070312 274.28710174560547
193.81753540039062 224.39462280273438 212.7161750793457 224.39462280273438 212.7161750793457 276.3658752441406 193.81753540039062 276.3658752441406
193.82485961914062 225.3536834716797 212.6780891418457 225.3536834716797 212.6780891418457 277.20006561279297 193.82485961914062 277.20006561279297
194.2501220703125 224.654296875 213.09314918518066 224.654296875 213.09314918518066 276.47261810302734 194.2501220703125 276.47261810302734
194.0291290283203 223.78225708007812 213.20497512817383 223.78225708007812 213.20497512817383 276.5158271789551 194.0291290283203 276.5158271789551
193.410400390625 224.2189483642578 212.86366271972656 224.2189483642578 212.86366271972656 277.71541595458984 193.410400390625 277.71541595458984
193.2263946533203 225.95339965820312 212.65110397338867 225.95339965820312 212.65110397338867 279.3713493347168 193.2263946533203 279.3713493347168
192.91921997070312 225.0194091796875 212.53567504882812 225.0194091796875 212.53567504882812 278.96466064453125 192.91921997070312 278.96466064453125
192.75570678710938 224.14697265625 212.30241775512695 224.14697265625 212.30241775512695 277.90042877197266 192.75570678710938 277.90042877197266
193.05123901367188 225.3248291015625 212.5827121734619 225.3248291015625 212.5827121734619 279.03638458251953 193.05123901367188 279.03638458251953
192.3700714111328 222.72811889648438 211.89784240722656 222.72811889648438 211.89784240722656 276.42949295043945 192.3700714111328 276.42949295043945
192.54180908203125 223.826416015625 212.03932571411133 223.826416015625 212.03932571411133 277.4445915222168 192.54180908203125 277.4445915222168
191.85403442382812 223.0839385986328 211.66992568969727 223.0839385986328 211.66992568969727 277.57764053344727 191.85403442382812 277.57764053344727
191.84512329101562 223.00537109375 211.76449394226074 223.00537109375 211.76449394226074 277.78364181518555 191.84512329101562 277.78364181518555
191.58621215820312 223.3719024658203 211.35448837280273 223.3719024658203 211.35448837280273 277.7346649169922 191.58621215820312 277.7346649169922
191.08106994628906 224.2015380859375 210.51047706604004 224.2015380859375 210.51047706604004 277.6324043273926 191.08106994628906 277.6324043273926
190.73934936523438 223.877197265625 210.50681114196777 223.877197265625 210.50681114196777 278.2377128601074 190.73934936523438 278.2377128601074
190.6240692138672 224.1683807373047 210.4858741760254 224.1683807373047 210.4858741760254 278.78833770751953 190.6240692138672 278.78833770751953
190.32275390625 224.05160522460938 210.34683418273926 224.05160522460938 210.34683418273926 279.1178169250488 190.32275390625 279.1178169250488
190.046875 223.13540649414062 210.31501388549805 223.13540649414062 210.31501388549805 278.8727798461914 190.046875 278.8727798461914
189.62191772460938 221.8495330810547 210.24332237243652 221.8495330810547 210.24332237243652 278.55838775634766 189.62191772460938 278.55838775634766
190.013916015625 224.442626953125 210.5199375152588 224.442626953125 210.5199375152588 280.83417892456055 190.013916015625 280.83417892456055
190.0910186767578 225.5142059326172 210.5008201599121 225.5142059326172 210.5008201599121 281.64115142822266 190.0910186767578 281.64115142822266
189.87283325195312 224.7010498046875 210.17710494995117 224.7010498046875 210.17710494995117 280.5377883911133 189.87283325195312 280.5377883911133
189.4772186279297 225.65933227539062 209.64289665222168 225.65933227539062 209.64289665222168 281.11494064331055 189.4772186279297 281.11494064331055
190.12413024902344 226.38278198242188 209.9973258972168 226.38278198242188 209.9973258972168 281.0340690612793 190.12413024902344 281.0340690612793
189.5568084716797 224.5924530029297 209.7964630126953 224.5924530029297 209.7964630126953 280.25150299072266 189.5568084716797 280.25150299072266
189.55758666992188 224.6689453125 209.92852783203125 224.6689453125 209.92852783203125 280.6890335083008 189.55758666992188 280.6890335083008
189.78793334960938 226.39700317382812 209.8817958831787 226.39700317382812 209.8817958831787 281.6551284790039 189.78793334960938 281.6551284790039
189.1010284423828 226.06149291992188 208.93390655517578 226.06149291992188 208.93390655517578 280.6019096374512 189.1010284423828 280.6019096374512
189.50314331054688 226.4706573486328 209.45424270629883 226.4706573486328 209.45424270629883 281.33617782592773 189.50314331054688 281.33617782592773
187.96676635742188 225.2581329345703 207.89619827270508 225.2581329345703 207.89619827270508 280.0640640258789 187.96676635742188 280.0640640258789
188.15829467773438 227.84652709960938 208.08588027954102 227.84652709960938 208.08588027954102 282.6473808288574 188.15829467773438 282.6473808288574
187.82302856445312 226.3636932373047 207.54681777954102 226.3636932373047 207.54681777954102 280.60411071777344 187.82302856445312 280.60411071777344
186.31271362304688 226.97775268554688 205.8404941558838 226.97775268554688 205.8404941558838 280.6791458129883 186.31271362304688 280.6791458129883
186.14901733398438 227.9324493408203 205.7049446105957 227.9324493408203 205.7049446105957 281.711238861084 186.14901733398438 281.711238861084
185.8341064453125 226.91116333007812 205.64439964294434 226.91116333007812 205.64439964294434 281.3894577026367 185.8341064453125 281.3894577026367
185.09371948242188 227.760009765625 204.7504596710205 227.760009765625 204.7504596710205 281.81603240966797 185.09371948242188 281.81603240966797
185.4309844970703 227.6382598876953 205.2499599456787 227.6382598876953 205.2499599456787 282.1404266357422 185.4309844970703 282.1404266357422
184.90707397460938 226.94778442382812 205.04607772827148 226.94778442382812 205.04607772827148 282.3300247192383 184.90707397460938 282.3300247192383
184.00144958496094 227.1473846435547 204.11779403686523 227.1473846435547 204.11779403686523 282.46731185913086 184.00144958496094 282.46731185913086
183.83584594726562 225.2206268310547 204.37346267700195 225.2206268310547 204.37346267700195 281.6990509033203 183.83584594726562 281.6990509033203
182.28024291992188 223.89852905273438 203.2388210296631 223.89852905273438 203.2388210296631 281.5345993041992 182.28024291992188 281.5345993041992
182.8897247314453 224.53854370117188 203.62493515014648 224.53854370117188 203.62493515014648 281.56035232543945 182.8897247314453 281.56035232543945
182.18240356445312 222.75711059570312 203.3370876312256 222.75711059570312 203.3370876312256 280.9324722290039 182.18240356445312 280.9324722290039
