309.0 189.0 323.0 189.0 323.0 237.0 309.0 237.0
306.3336181640625 187.31039428710938 320.39294719696045 187.31039428710938 320.39294719696045 235.51380920410156 306.3336181640625 235.51380920410156
306.15167236328125 186.5562286376953 320.3268766403198 186.5562286376953 320.3268766403198 235.15692901611328 306.15167236328125 235.15692901611328
301.6014099121094 186.14175415039062 315.9491424560547 186.14175415039062 315.9491424560547 235.33398056030273 301.6014099121094 235.33398056030273
301.6028747558594 186.50741577148438 315.9791593551636 186.50741577148438 315.9791593551636 235.79753494262695 301.6028747558594 235.79753494262695
301.1192321777344 186.74771118164062 315.49350452423096 186.74771118164062 315.49350452423096 236.03092193603516 301.1192321777344 236.03092193603516
297.39288330078125 188.01467895507812 311.68009185791016 188.01467895507812 311.68009185791016 236.9993896484375 297.39288330078125 236.9993896484375
297.52740478515625 187.10411071777344 311.6575412750244 187.10411071777344 311.6575412750244 235.55028915405273 297.52740478515625 235.55028915405273
293.89324951171875 188.08206176757812 308.02494049072266 188.08206176757812 308.02494049072266 236.5335693359375 293.89324951171875 236.5335693359375
293.6806945800781 189.843994140625 307.5912628173828 189.843994140625 307.5912628173828 237.5373649597168 293.6806945800781 237.5373649597168
290.7163391113281 189.18362426757812 304.7747287750244 189.18362426757812 304.7747287750244 237.3838119506836 290.7163391113281 237.3838119506836
290.0198669433594 189.15065002441406 304.0424346923828 189.15065002441406 304.0424346923828 237.22801971435547 290.0198669433594 237.22801971435547
287.09930419921875 190.0941925048828 300.9400587081909 190.0941925048828 300.9400587081909 237.5482063293457 287.09930419921875 237.5482063293457
287.0604248046875 190.01968383789062 300.73186683654785 190.01968383789062 300.73186683654785 236.89319610595703 287.0604248046875 236.89319610595703
284.1166687011719 188.3178253173828 297.9137897491455 188.3178253173828 297.9137897491455 235.62223434448242 284.1166687011719 235.62223434448242
284.57366943359375 187.91842651367188 298.3692684173584 187.91842651367188 298.3692684173584 235.21762466430664 284.57366943359375 235.21762466430664
284.7174987792969 187.98178100585938 298.4038944244385 187.98178100585938 298.4038944244385 234.9065704345703 284.7174987792969 234.9065704345703
281.5150451660156 189.47952270507812 295.08276557922363 189.47952270507812 295.08276557922363 235.99742889404297 281.5150451660156 235.99742889404297
281.2276611328125 189.44912719726562 294.5373582839966 189.44912719726562 294.5373582839966 235.08238220214844 281.2276611328125 235.08238220214844
276.6236267089844 189.95924377441406 289.8701934814453 189.95924377441406 289.8701934814453 235.3760528564453 276.6236267089844 235.3760528564453
276.75531005859375 189.56431579589844 290.1522750854492 189.56431579589844 290.1522750854492 235.49677276611328 276.75531005859375 235.49677276611328
273.296875 191.60714721679688 286.83701515197754 191.60714721679688 286.83701515197754 238.03048706054688 273.296875 238.03048706054688
273.17840576171875 192.60586547851562 286.88728523254395 192.60586547851562 286.88728523254395 239.60773849487305 273.17840576171875 239.60773849487305
271.618408203125 189.96424865722656 285.5037097930908 189.96424865722656 285.5037097930908 237.57099533081055 271.618408203125 237.57099533081055
270.89007568359375 190.4530487060547 284.9543409347534 190.4530487060547 284.9543409347534 238.67338180541992 270.89007568359375 238.67338180541992
271.2940979003906 188.84152221679688 285.5072193145752 188.84152221679688 285.5072193145752 237.57221603393555 271.2940979003906 237.57221603393555
268.087158203125 188.357421875 282.21922874450684 188.357421875 282.21922874450684 236.81022262573242 268.087158203125 236.81022262573242
267.923828125 189.19888305664062 282.1072540283203 189.19888305664062 282.1072540283203 237.8277587890625 267.923828125 237.8277587890625
264.3354797363281 189.1310272216797 278.4190311431885 189.1310272216797 278.4190311431885 237.41747283935547 264.3354797363281 237.41747283935547
263.3509216308594 189.7163543701172 277.39962005615234 189.7163543701172 277.39962005615234 237.88330078125 263.3509216308594 237.88330078125
263.348388671875 188.7637939453125 277.3230800628662 188.7637939453125 277.3230800628662 236.677001953125 263.348388671875 236.677001953125
259.0220642089844 188.39134216308594 273.1390781402588 188.39134216308594 273.1390781402588 236.7925148010254 259.0220642089844 236.7925148010254
259.0203552246094 188.63206481933594 273.0121765136719 188.63206481933594 273.0121765136719 236.60400772094727 259.0203552246094 236.60400772094727
255.4757843017578 190.7473907470703 269.62922954559326 190.7473907470703 269.62922954559326 239.27347564697266 255.4757843017578 239.27347564697266
255.42813110351562 188.3423614501953 269.50586223602295 188.3423614501953 269.50586223602295 236.60885620117188 255.42813110351562 236.60885620117188
252.115966796875 187.880859375 266.06916522979736 187.880859375 266.06916522979736 235.7203826904297 252.115966796875 235.7203826904297
251.84341430664062 189.41116333007812 265.58836936950684 189.41116333007812 265.58836936950684 236.53671264648438 251.84341430664062 236.53671264648438
249.68838500976562 189.43431091308594 263.2742462158203 189.43431091308594 263.2742462158203 236.01439666748047 249.68838500976562 236.01439666748047
249.9578094482422 188.02774047851562 263.4676513671875 188.02774047851562 263.4676513671875 234.34718704223633 249.9578094482422 234.34718704223633
246.52783203125 188.85958862304688 259.827036857605 188.85958862304688 259.827036857605 234.45685195922852 246.52783203125 234.45685195922852
246.640625 188.21932983398438 259.7858304977417 188.21932983398438 259.7858304977417 233.2885971069336 246.640625 233.2885971069336
246.64791870117188 189.60711669921875 259.60523414611816 189.60711669921875 259.60523414611816 234.03218841552734 246.64791870117188 234.03218841552734
244.46395874023438 188.33607482910156 257.51951026916504 188.33607482910156 257.51951026916504 233.09795379638672 244.46395874023438 233.09795379638672
243.82705688476562 189.4976348876953 256.8349781036377 189.4976348876953 256.8349781036377 234.09620666503906 243.82705688476562 234.09620666503906
239.99365234375 189.67242431640625 252.99087238311768 189.67242431640625 252.99087238311768 234.23430633544922 239.99365234375 234.23430633544922
240.0057830810547 190.32412719726562 252.9964418411255 190.32412719726562 252.9964418411255 234.8635139465332 240.0057830810547 234.8635139465332
236.9755859375 188.69790649414062 250.07409954071045 188.69790649414062 250.07409954071045 233.6070785522461 236.9755859375 233.6070785522461
236.86166381835938 188.78024291992188 249.99441051483154 188.78024291992188 249.99441051483154 233.8067855834961 236.86166381835938 233.8067855834961
236.7223663330078 188.3866424560547 249.98772144317627 188.3866424560547 249.98772144317627 233.8678436279297 236.7223663330078 233.8678436279297
234.90383911132812 187.4016571044922 248.02136421203613 187.4016571044922 248.02136421203613 232.3760108947754 234.90383911132812 232.3760108947754
234.53176879882812 187.8361053466797 247.47245979309082 187.8361053466797 247.47245979309082 232.20417022705078 234.53176879882812 232.20417022705078
229.26217651367188 188.15481567382812 242.2673797607422 188.15481567382812 242.2673797607422 232.74406814575195 229.26217651367188 232.74406814575195
228.9214324951172 187.7588653564453 242.05596446990967 187.7588653564453 242.05596446990967 232.79153060913086 228.9214324951172 232.79153060913086
226.69522094726562 187.35215759277344 239.77928352355957 187.35215759277344 239.77928352355957 232.21178436279297 226.69522094726562 232.21178436279297
226.21896362304688 187.58290100097656 239.66512775421143 187.58290100097656 239.66512775421143 233.68401336669922 226.21896362304688 233.68401336669922
226.69711303710938 186.19326782226562 240.02403736114502 186.19326782226562 240.02403736114502 231.88555145263672 226.69711303710938 231.88555145263672
223.36215209960938 187.81625366210938 236.81400108337402 187.81625366210938 236.81400108337402 233.93685150146484 223.36215209960938 233.93685150146484
222.97073364257812 188.93862915039062 236.1168851852417 188.93862915039062 236.1168851852417 234.0111198425293 222.97073364257812 234.0111198425293
219.791259765625 188.05215454101562 233.08398628234863 188.05215454101562 233.08398628234863 233.62718963623047 219.791259765625 233.62718963623047
219.9835205078125 188.21168518066406 233.2305736541748 188.21168518066406 233.2305736541748 233.63012313842773 219.9835205078125 233.63012313842773
216.6106414794922 187.93423461914062 229.70753955841064 187.93423461914062 229.70753955841064 232.83785247802734 216.6106414794922 232.83785247802734
216.7499237060547 188.30191040039062 229.6566219329834 188.30191040039062 229.6566219329834 232.55341720581055 216.7499237060547 232.55341720581055
213.0870361328125 189.63644409179688 226.05760765075684 189.63644409179688 226.05760765075684 234.10694122314453 213.0870361328125 234.10694122314453
212.64443969726562 188.6041717529297 225.52602577209473 188.6041717529297 225.52602577209473 232.7695770263672 212.64443969726562 232.7695770263672
213.0975341796875 190.8168487548828 225.64060020446777 190.8168487548828 225.64060020446777 233.8216209411621 213.0975341796875 233.8216209411621
209.8424835205078 190.07180786132812 222.4437894821167 190.07180786132812 222.4437894821167 233.27626037597656 209.8424835205078 233.27626037597656
209.5012664794922 190.14122009277344 222.29804039001465 190.14122009277344 222.29804039001465 234.01585006713867 209.5012664794922 234.01585006713867
205.66635131835938 188.68966674804688 218.50057792663574 188.68966674804688 218.50057792663574 232.69270706176758 205.66635131835938 232.69270706176758
205.51123046875 190.21728515625 218.4103946685791 190.21728515625 218.4103946685791 234.44296264648438 205.51123046875 234.44296264648438
203.37222290039062 188.4077606201172 216.2672472000122 188.4077606201172 216.2672472000122 232.6192398071289 203.37222290039062 232.6192398071289
203.01223754882812 188.46990966796875 215.84667205810547 188.46990966796875 215.84667205810547 232.47365188598633 203.01223754882812 232.47365188598633
199.9710693359375 187.21897888183594 212.48870277404785 187.21897888183594 212.48870277404785 230.13654708862305 199.9710693359375 230.13654708862305
200.31625366210938 188.40481567382812 212.72478008270264 188.40481567382812 212.72478008270264 230.94830322265625 200.31625366210938 230.94830322265625
200.27130126953125 188.99380493164062 212.46347045898438 188.99380493164062 212.46347045898438 230.7954978942871 200.27130126953125 230.7954978942871
195.6561279296875 189.7036895751953 207.89692497253418 189.7036895751953 207.89692497253418 231.67210388183594 195.6561279296875 231.67210388183594
195.43539428710938 189.96815490722656 207.78536415100098 189.96815490722656 207.78536415100098 232.31087493896484 195.43539428710938 232.31087493896484
190.14572143554688 191.00405883789062 202.63533401489258 191.00405883789062 202.63533401489258 233.82555389404297 190.14572143554688 233.82555389404297
189.79998779296875 191.14332580566406 202.660888671875 191.14332580566406 202.660888671875 235.23780822753906 189.79998779296875 235.23780822753906
186.36607360839844 191.37161254882812 199.31044578552246 191.37161254882812 199.31044578552246 235.75228118896484 186.36607360839844 235.75228118896484
186.18528747558594 191.19003295898438 199.29162311553955 191.19003295898438 199.29162311553955 236.12600326538086 186.18528747558594 236.12600326538086
182.93922424316406 192.82754516601562 196.14835357666016 192.82754516601562 196.14835357666016 238.11594772338867 182.93922424316406 238.11594772338867
182.4599151611328 192.97218322753906 195.96989154815674 192.97218322753906 195.96989154815674 239.29206085205078 182.4599151611328 239.29206085205078
182.6363983154297 192.92056274414062 196.20968627929688 192.92056274414062 196.20968627929688 239.4575080871582 182.6363983154297 239.4575080871582
178.4732208251953 189.30422973632812 192.02987480163574 189.30422973632812 192.02987480163574 235.78414154052734 178.4732208251953 235.78414154052734
178.4456024169922 189.73489379882812 192.15503883361816 189.73489379882812 192.15503883361816 236.73863220214844 178.4456024169922 236.73863220214844
174.52023315429688 188.6619415283203 188.04007720947266 188.6619415283203 188.04007720947266 235.01565170288086 174.52023315429688 235.01565170288086
174.2097625732422 187.83694458007812 187.732177734375 187.83694458007812 187.732177734375 234.19947052001953 174.2097625732422 234.19947052001953
174.56752014160156 188.55905151367188 188.0599536895752 188.55905151367188 188.0599536895752 234.81878662109375 174.56752014160156 234.81878662109375
170.83401489257812 188.84091186523438 184.43846607208252 188.84091186523438 184.43846607208252 235.4847068786621 170.83401489257812 235.4847068786621
170.8701934814453 189.74783325195312 184.46637439727783 189.74783325195312 184.46637439727783 236.3632698059082 170.8701934814453 236.3632698059082
167.82162475585938 189.744873046875 181.40728759765625 189.744873046875 181.40728759765625 236.32424926757812 167.82162475585938 236.32424926757812
167.7596893310547 189.77865600585938 181.56933879852295 189.77865600585938 181.56933879852295 237.12598419189453 167.7596893310547 237.12598419189453
162.53106689453125 188.2528533935547 176.35221099853516 188.2528533935547 176.35221099853516 235.63959121704102 162.53106689453125 235.63959121704102
162.25357055664062 188.89828491210938 176.2599000930786 188.89828491210938 176.2599000930786 236.9199447631836 162.25357055664062 236.9199447631836
159.26980590820312 188.04208374023438 172.93193531036377 188.04208374023438 172.93193531036377 234.88362884521484 159.26980590820312 234.88362884521484
159.1101837158203 188.38134765625 172.68071937561035 188.38134765625 172.68071937561035 234.9088592529297 159.1101837158203 234.9088592529297
159.47317504882812 188.01275634765625 172.99801921844482 188.01275634765625 172.99801921844482 234.38361358642578 159.47317504882812 234.38361358642578
155.12612915039062 189.82879638671875 168.7731647491455 189.82879638671875 168.7731647491455 236.61859130859375 155.12612915039062 236.61859130859375
154.72268676757812 187.9158172607422 168.46462726593018 187.9158172607422 168.46462726593018 235.03099822998047 154.72268676757812 235.03099822998047
150.20767211914062 187.03530883789062 164.09639263153076 187.03530883789062 164.09639263153076 234.65373992919922 150.20767211914062 234.65373992919922
150.12789916992188 188.33058166503906 164.0048885345459 188.33058166503906 164.0048885345459 235.9087905883789 150.12789916992188 235.9087905883789
146.13229370117188 189.50621032714844 160.04029273986816 189.50621032714844 160.04029273986816 237.19074249267578 146.13229370117188 237.19074249267578
146.03282165527344 187.73919677734375 160.05880451202393 187.73919677734375 160.05880451202393 235.82824325561523 146.03282165527344 235.82824325561523
145.96127319335938 188.97361755371094 160.02609539031982 188.97361755371094 160.02609539031982 237.1958351135254 145.96127319335938 237.1958351135254
142.09730529785156 188.95144653320312 156.26154041290283 188.95144653320312 156.26154041290283 237.51450729370117 142.09730529785156 237.51450729370117
141.9416046142578 187.7613525390625 156.21881294250488 187.7613525390625 156.21881294250488 236.71175003051758 141.9416046142578 236.71175003051758
138.6567840576172 187.45101928710938 152.97427368164062 187.45101928710938 152.97427368164062 236.5395278930664 138.6567840576172 236.5395278930664
133.9177703857422 187.64303588867188 148.16083526611328 187.64303588867188 148.16083526611328 236.47637176513672 133.9177703857422 236.47637176513672
134.10098266601562 187.2072296142578 148.22014045715332 187.2072296142578 148.22014045715332 235.6157455444336 134.10098266601562 235.6157455444336
133.9298858642578 186.06591796875 148.1021022796631 186.06591796875 148.1021022796631 234.65635299682617 133.9298858642578 234.65635299682617
129.71035766601562 188.61741638183594 143.68433380126953 188.61741638183594 143.68433380126953 236.52817153930664 129.71035766601562 236.52817153930664
130.0313262939453 188.3120574951172 143.754732131958 188.3120574951172 143.754732131958 235.36371231079102 130.0313262939453 235.36371231079102
130.10562133789062 189.2084197998047 143.94282817840576 189.2084197998047 143.94282817840576 236.6502456665039 130.10562133789062 236.6502456665039
126.61746978759766 188.3214111328125 140.3476104736328 188.3214111328125 140.3476104736328 235.39615631103516 126.61746978759766 235.39615631103516
126.65419006347656 189.34805297851562 140.3067979812622 189.34805297851562 140.3067979812622 236.1569709777832 126.65419006347656 236.1569709777832
123.12385559082031 189.52886962890625 136.7153959274292 189.52886962890625 136.7153959274292 236.12841033935547 123.12385559082031 236.12841033935547
122.99107360839844 189.85986328125 136.57102012634277 189.85986328125 136.57102012634277 236.4196548461914 122.99107360839844 236.4196548461914
117.03812408447266 189.1988067626953 130.6336851119995 189.1988067626953 130.6336851119995 235.81213760375977 117.03812408447266 235.81213760375977
116.92828369140625 189.6764373779297 130.51310920715332 189.6764373779297 130.51310920715332 236.25296020507812 116.92828369140625 236.25296020507812
113.46075439453125 190.01817321777344 126.8179578781128 190.01817321777344 126.8179578781128 235.81427764892578 113.46075439453125 235.81427764892578
113.54437255859375 189.05929565429688 126.6805191040039 189.05929565429688 126.6805191040039 234.09749221801758 113.54437255859375 234.09749221801758
110.48543548583984 189.62139892578125 123.69703483581543 189.62139892578125 123.69703483581543 234.91829299926758 110.48543548583984 234.91829299926758
110.06016540527344 189.25845336914062 123.21348762512207 189.25845336914062 123.21348762512207 234.35554122924805 110.06016540527344 234.35554122924805
110.066650390625 189.56167602539062 123.42406463623047 189.56167602539062 123.42406463623047 235.3585090637207 110.066650390625 235.3585090637207
106.66468811035156 186.9568328857422 120.04944038391113 186.9568328857422 120.04944038391113 232.84739685058594 106.66468811035156 232.84739685058594
106.5287857055664 186.44346618652344 120.0771656036377 186.44346618652344 120.0771656036377 232.89503479003906 106.5287857055664 232.89503479003906
101.08084106445312 187.6382293701172 114.63945007324219 187.6382293701172 114.63945007324219 234.12487030029297 101.08084106445312 234.12487030029297
100.67205047607422 189.207763671875 114.53891468048096 189.207763671875 114.53891468048096 236.75127792358398 100.67205047607422 236.75127792358398
97.13973236083984 189.69932556152344 110.7721757888794 189.69932556152344 110.7721757888794 236.4391098022461 97.13973236083984 236.4391098022461
97.54766845703125 189.69857788085938 110.98801898956299 189.69857788085938 110.98801898956299 235.77975845336914 97.54766845703125 235.77975845336914
93.88630676269531 190.43545532226562 107.22548389434814 190.43545532226562 107.22548389434814 236.1697540283203 93.88630676269531 236.1697540283203
93.5329360961914 189.82315063476562 107.05319404602051 189.82315063476562 107.05319404602051 236.1782989501953 93.5329360961914 236.1782989501953
93.54924774169922 190.10305786132812 106.95058155059814 190.10305786132812 106.95058155059814 236.05046463012695 93.54924774169922 236.05046463012695
89.46849822998047 190.51986694335938 102.59818077087402 190.51986694335938 102.59818077087402 235.5359001159668 89.46849822998047 235.5359001159668
89.35185241699219 190.1217803955078 102.52253532409668 190.1217803955078 102.52253532409668 235.27838897705078 89.35185241699219 235.27838897705078
84.64778137207031 188.5618438720703 97.52720832824707 188.5618438720703 97.52720832824707 232.71985626220703 84.64778137207031 232.71985626220703
84.38692474365234 190.48495483398438 97.08078098297119 190.48495483398438 97.08078098297119 234.0067253112793 84.38692474365234 234.0067253112793
81.10511779785156 188.4657745361328 94.0108814239502 188.4657745361328 94.0108814239502 232.71408462524414 81.10511779785156 232.71408462524414
81.41688537597656 188.5868682861328 94.21753692626953 188.5868682861328 94.21753692626953 232.47479248046875 81.41688537597656 232.47479248046875
78.07427978515625 189.2286834716797 90.82659912109375 189.2286834716797 90.82659912109375 232.95089721679688 78.07427978515625 232.95089721679688
77.99622344970703 190.09701538085938 90.983154296875 190.09701538085938 90.983154296875 234.62361526489258 77.99622344970703 234.62361526489258
77.94725036621094 190.128662109375 90.98780250549316 190.128662109375 90.98780250549316 234.83910369873047 77.94725036621094 234.83910369873047
71.1287841796875 189.80145263671875 84.34683418273926 189.80145263671875 84.34683418273926 235.12045288085938 71.1287841796875 235.12045288085938
70.96155548095703 189.38058471679688 84.26399230957031 189.38058471679688 84.26399230957031 234.9889144897461 70.96155548095703 234.9889144897461
67.18067169189453 188.36093139648438 80.52375984191895 188.36093139648438 80.52375984191895 234.10863494873047 67.18067169189453 234.10863494873047
67.02921295166016 188.849609375 80.4424819946289 188.849609375 80.4424819946289 234.83793258666992 67.02921295166016 234.83793258666992
64.02722930908203 190.41067504882812 77.04337882995605 190.41067504882812 77.04337882995605 235.03744888305664 64.02722930908203 235.03744888305664
63.993865966796875 189.69857788085938 76.98988151550293 189.69857788085938 76.98988151550293 234.2563247680664 63.993865966796875 234.2563247680664
64.1213150024414 190.93663024902344 76.95173835754395 190.93663024902344 76.95173835754395 234.92663192749023 64.1213150024414 234.92663192749023
60.44472122192383 191.89752197265625 73.47628211975098 191.89752197265625 73.47628211975098 236.5771369934082 60.44472122192383 236.5771369934082
60.05340576171875 190.57077026367188 73.42782592773438 190.57077026367188 73.42782592773438 236.42591094970703 60.05340576171875 236.42591094970703
54.87317657470703 189.15283203125 68.2357349395752 189.15283203125 68.2357349395752 234.9672966003418 54.87317657470703 234.9672966003418
54.97312545776367 189.4421844482422 68.53557205200195 189.4421844482422 68.53557205200195 235.94197845458984 54.97312545776367 235.94197845458984
50.640464782714844 188.5284881591797 64.08087158203125 188.5284881591797 64.08087158203125 234.60985946655273 50.640464782714844 234.60985946655273
51.073551177978516 188.89381408691406 64.30555820465088 188.89381408691406 64.30555820465088 234.26067352294922 51.073551177978516 234.26067352294922
50.477718353271484 190.2640838623047 63.6742057800293 190.2640838623047 63.6742057800293 235.5091552734375 50.477718353271484 235.5091552734375
46.31804656982422 187.02212524414062 59.49075794219971 187.02212524414062 59.49075794219971 232.1856803894043 46.31804656982422 232.1856803894043
46.180809020996094 187.62997436523438 59.240939140319824 187.62997436523438 59.240939140319824 232.40753936767578 46.180809020996094 232.40753936767578
42.88859939575195 191.4237823486328 56.34976577758789 191.4237823486328 56.34976577758789 237.57633209228516 42.88859939575195 237.57633209228516
43.115814208984375 191.40786743164062 56.44134521484375 191.40786743164062 56.44134521484375 237.09537887573242 43.115814208984375 237.09537887573242
36.860443115234375 189.50405883789062 50.15194511413574 189.50405883789062 50.15194511413574 235.07489776611328 36.860443115234375 235.07489776611328
37.24888229370117 190.16867065429688 50.671067237854004 190.16867065429688 50.671067237854004 236.18756866455078 37.24888229370117 236.18756866455078
34.2221565246582 191.33261108398438 47.43557834625244 191.33261108398438 47.43557834625244 236.63574981689453 34.2221565246582 236.63574981689453
33.686248779296875 190.85507202148438 46.98113250732422 190.85507202148438 46.98113250732422 236.43750762939453 33.686248779296875 236.43750762939453
30.39169692993164 189.71090698242188 43.4084358215332 189.71090698242188 43.4084358215332 234.33970642089844 30.39169692993164 234.33970642089844
29.935134887695312 190.55825805664062 42.72492599487305 190.55825805664062 42.72492599487305 234.40895080566406 29.935134887695312 234.40895080566406
30.897216796875 190.53976440429688 43.54940414428711 190.53976440429688 43.54940414428711 233.91867446899414 30.897216796875 233.91867446899414
27.229501724243164 191.72067260742188 39.94942855834961 191.72067260742188 39.94942855834961 235.3318328857422 27.229501724243164 235.3318328857422
27.1419620513916 192.1490020751953 39.73688983917236 192.1490020751953 39.73688983917236 235.33159637451172 27.1419620513916 235.33159637451172
22.88849639892578 192.9810028076172 35.3247127532959 192.9810028076172 35.3247127532959 235.61943817138672 22.88849639892578 235.61943817138672
22.376323699951172 192.80313110351562 34.883652687072754 192.80313110351562 34.883652687072754 235.68538284301758 22.376323699951172 235.68538284301758
17.928119659423828 192.59820556640625 30.386356353759766 192.59820556640625 30.386356353759766 235.31214141845703 17.928119659423828 235.31214141845703
17.743349075317383 192.483154296875 30.26150417327881 192.483154296875 30.26150417327881 235.40252304077148 17.743349075317383 235.40252304077148
14.574302673339844 191.18051147460938 27.166460037231445 191.18051147460938 27.166460037231445 234.35359954833984 14.574302673339844 234.35359954833984
13.983789443969727 190.83285522460938 26.920966148376465 190.83285522460938 26.920966148376465 235.18885803222656 13.983789443969727 235.18885803222656
13.779943466186523 190.66372680664062 27.127488136291504 190.66372680664062 27.127488136291504 236.42670440673828 13.779943466186523 236.42670440673828
9.413630485534668 189.40464782714844 22.801608085632324 189.40464782714844 22.801608085632324 235.3062515258789 9.413630485534668 235.3062515258789
8.84178352355957 189.31944274902344 22.364707946777344 189.31944274902344 22.364707946777344 235.68372344970703 8.84178352355957 235.68372344970703
3.9544758796691895 190.4672393798828 17.28308629989624 190.4672393798828 17.28308629989624 236.16530227661133 3.9544758796691895 236.16530227661133
4.185437202453613 190.49041748046875 17.52336311340332 190.49041748046875 17.52336311340332 236.22042083740234 4.185437202453613 236.22042083740234
