348.0 235.0 364.0 235.0 364.0 267.0 348.0 267.0
342.3735656738281 230.324462890625 358.66778564453125 230.324462890625 358.66778564453125 262.91290283203125 342.3735656738281 262.91290283203125
332.261962890625 223.1082763671875 348.5915813446045 223.1082763671875 348.5915813446045 255.76751327514648 332.261962890625 255.76751327514648
326.0179748535156 219.63284301757812 342.19455909729004 219.63284301757812 342.19455909729004 251.98601150512695 326.0179748535156 251.98601150512695
316.9021911621094 212.21603393554688 332.9002857208252 212.21603393554688 332.9002857208252 244.21222305297852 316.9021911621094 244.21222305297852
311.4863586425781 209.4113311767578 327.52530097961426 209.4113311767578 327.52530097961426 241.48921585083008 311.4863586425781 241.48921585083008
302.2711181640625 204.61077880859375 318.2101535797119 204.61077880859375 318.2101535797119 236.48884963989258 302.2711181640625 236.48884963989258
296.86859130859375 200.11395263671875 312.6171340942383 200.11395263671875 312.6171340942383 231.6110382080078 296.86859130859375 231.6110382080078
291.04351806640625 195.63906860351562 306.69721031188965 195.63906860351562 306.69721031188965 226.94645309448242 291.04351806640625 226.94645309448242
282.8485412597656 190.10604858398438 298.62212657928467 190.10604858398438 298.62212657928467 221.65321922302246 282.8485412597656 221.65321922302246
278.5704650878906 186.91836547851562 294.0873336791992 186.91836547851562 294.0873336791992 217.9521026611328 278.5704650878906 217.9521026611328
270.10955810546875 181.56155395507812 285.83073139190674 181.56155395507812 285.83073139190674 213.0039005279541 270.10955810546875 213.0039005279541
267.167724609375 179.12960815429688 282.94293212890625 179.12960815429688 282.94293212890625 210.68002319335938 267.167724609375 210.68002319335938
260.07403564453125 173.0580596923828 275.76226806640625 173.0580596923828 275.76226806640625 204.4345245361328 260.07403564453125 204.4345245361328
256.2789001464844 172.63607788085938 271.79666328430176 172.63607788085938 271.79666328430176 203.67160415649414 256.2789001464844 203.67160415649414
253.0615234375 170.0343017578125 268.51660346984863 170.0343017578125 268.51660346984863 200.94446182250977 253.0615234375 200.94446182250977
246.745849609375 164.34640502929688 262.1654415130615 164.34640502929688 262.1654415130615 195.18558883666992 246.745849609375 195.18558883666992
240.2186737060547 159.00820922851562 255.4954652786255 159.00820922851562 255.4954652786255 189.56179237365723 240.2186737060547 189.56179237365723
237.0356903076172 158.4446563720703 252.4033145904541 158.4446563720703 252.4033145904541 189.17990493774414 237.0356903076172 189.17990493774414
231.2252655029297 154.01724243164062 246.32648181915283 154.01724243164062 246.32648181915283 184.2196750640869 231.2252655029297 184.2196750640869
227.28567504882812 151.39254760742188 242.25627613067627 151.39254760742188 242.25627613067627 181.33374977111816 227.28567504882812 181.33374977111816
222.20703125 147.6357879638672 237.0774631500244 147.6357879638672 237.0774631500244 177.37665176391602 222.20703125 177.37665176391602
217.64657592773438 145.13357543945312 232.389386177063 145.13357543945312 232.389386177063 174.61919593811035 217.64657592773438 174.61919593811035
211.85726928710938 142.5731658935547 226.27327728271484 142.5731658935547 226.27327728271484 171.40518188476562 211.85726928710938 171.40518188476562
208.6689453125 139.86129760742188 223.09619140625 139.86129760742188 223.09619140625 168.71578979492188 208.6689453125 168.71578979492188
206.02261352539062 139.02503967285156 220.27248668670654 139.02503967285156 220.27248668670654 167.5247859954834 206.02261352539062 167.5247859954834
201.07252502441406 134.49713134765625 215.10179138183594 134.49713134765625 215.10179138183594 162.5556640625 201.07252502441406 162.5556640625
198.4130859375 132.36453247070312 212.30083656311035 132.36453247070312 212.30083656311035 160.14003372192383 198.4130859375 160.14003372192383
193.10472106933594 129.85806274414062 206.87613201141357 129.85806274414062 206.87613201141357 157.4008846282959 193.10472106933594 157.4008846282959
190.6976318359375 128.81982421875 204.0893268585205 128.81982421875 204.0893268585205 155.60321426391602 190.6976318359375 155.60321426391602
186.13485717773438 125.2524642944336 199.37594604492188 125.2524642944336 199.37594604492188 151.7346420288086 186.13485717773438 151.7346420288086
183.5471649169922 124.93171691894531 196.64726543426514 124.93171691894531 196.64726543426514 151.1319179534912 183.5471649169922 151.1319179534912
179.46572875976562 121.17413330078125 192.4370059967041 121.17413330078125 192.4370059967041 147.1166877746582 179.46572875976562 147.1166877746582
177.1543731689453 119.40211486816406 190.08292961120605 119.40211486816406 190.08292961120605 145.25922775268555 177.1543731689453 145.25922775268555
172.71188354492188 116.80489349365234 185.4965591430664 116.80489349365234 185.4965591430664 142.3742446899414 172.71188354492188 142.3742446899414
170.98934936523438 114.81473541259766 183.51528453826904 114.81473541259766 183.51528453826904 139.866605758667 170.98934936523438 139.866605758667
165.8853302001953 112.5319595336914 178.3616247177124 112.5319595336914 178.3616247177124 137.4845485687256 165.8853302001953 137.4845485687256
163.657958984375 109.7728500366211 175.9285182952881 109.7728500366211 175.9285182952881 134.31396865844727 163.657958984375 134.31396865844727
160.5702667236328 109.90543365478516 172.6522512435913 109.90543365478516 172.6522512435913 134.06940269470215 160.5702667236328 134.06940269470215
160.0298614501953 107.74458312988281 171.84386539459229 107.74458312988281 171.84386539459229 131.37259101867676 160.0298614501953 131.37259101867676
156.1600799560547 104.59774017333984 167.89707374572754 104.59774017333984 167.89707374572754 128.07172775268555 156.1600799560547 128.07172775268555
154.14749145507812 103.98088073730469 165.76642894744873 103.98088073730469 165.76642894744873 127.2187557220459 154.14749145507812 127.2187557220459
150.9522247314453 102.8033447265625 162.53722953796387 102.8033447265625 162.53722953796387 125.97335433959961 150.9522247314453 125.97335433959961
149.5639190673828 101.06321716308594 160.94813919067383 101.06321716308594 160.94813919067383 123.83165740966797 149.5639190673828 123.83165740966797
148.58975219726562 100.22268676757812 159.81781101226807 100.22268676757812 159.81781101226807 122.67880439758301 148.58975219726562 122.67880439758301
146.30572509765625 97.85002136230469 157.48738384246826 97.85002136230469 157.48738384246826 120.21333885192871 146.30572509765625 120.21333885192871
144.3861846923828 97.06201171875 155.44068717956543 97.06201171875 155.44068717956543 119.17101669311523 144.3861846923828 119.17101669311523
142.71954345703125 94.8818359375 153.5645933151245 94.8818359375 153.5645933151245 116.57193565368652 142.71954345703125 116.57193565368652
141.1172637939453 93.6036605834961 151.7033920288086 93.6036605834961 151.7033920288086 114.77591705322266 141.1172637939453 114.77591705322266
138.7511749267578 91.82894134521484 148.96466827392578 91.82894134521484 148.96466827392578 112.25592803955078 138.7511749267578 112.25592803955078
137.65744018554688 91.81367492675781 147.70226860046387 91.81367492675781 147.70226860046387 111.72079467773438 137.65744018554688 111.72079467773438
135.07754516601562 89.68177795410156 145.1151580810547 89.68177795410156 145.1151580810547 109.5357780456543 135.07754516601562 109.5357780456543
134.18008422851562 89.02169036865234 144.252103805542 89.02169036865234 144.252103805542 108.89452934265137 134.18008422851562 108.89452934265137
133.0235595703125 88.26602172851562 143.04601192474365 88.26602172851562 143.04601192474365 107.88557815551758 133.0235595703125 107.88557815551758
130.3256378173828 86.20204162597656 140.3256378173828 86.20204162597656 140.3256378173828 105.52147483825684 130.3256378173828 105.52147483825684
128.12265014648438 85.14775085449219 138.12265014648438 85.14775085449219 138.12265014648438 103.81750106811523 128.12265014648438 103.81750106811523
126.66829681396484 83.57765197753906 136.71130180358887 83.57765197753906 136.71130180358887 101.97704696655273 126.66829681396484 101.97704696655273
125.65242767333984 82.1644287109375 135.67091751098633 82.1644287109375 135.67091751098633 100.3107852935791 125.65242767333984 100.3107852935791
123.05393981933594 81.42431640625 133.05393981933594 81.42431640625 133.05393981933594 99.30938339233398 123.05393981933594 99.30938339233398
122.13816833496094 79.9880142211914 132.16377449035645 79.9880142211914 132.16377449035645 97.62028503417969 122.13816833496094 97.62028503417969
119.97442626953125 77.93772888183594 130.0292501449585 77.93772888183594 130.0292501449585 95.38519287109375 119.97442626953125 95.38519287109375
118.90348052978516 77.70065307617188 128.92578315734863 77.70065307617188 128.92578315734863 94.99320602416992 118.90348052978516 94.99320602416992
117.10335540771484 76.62499237060547 127.13245868682861 76.62499237060547 127.13245868682861 93.71536636352539 117.10335540771484 93.71536636352539
115.5606918334961 76.25655364990234 125.63470077514648 76.25655364990234 125.63470077514648 93.24414253234863 115.5606918334961 93.24414253234863
114.00437927246094 73.92640686035156 124.09045314788818 73.92640686035156 124.09045314788818 90.88122367858887 114.00437927246094 90.88122367858887
112.75677490234375 73.14118194580078 122.82824516296387 73.14118194580078 122.82824516296387 89.79555892944336 112.75677490234375 89.79555892944336
111.0119400024414 71.79443359375 121.0977029800415 71.79443359375 121.0977029800415 88.38843154907227 111.0119400024414 88.38843154907227
109.69256591796875 70.7059097290039 119.80398559570312 70.7059097290039 119.80398559570312 87.18726348876953 109.69256591796875 87.18726348876953
108.43730163574219 70.44522857666016 118.52872657775879 70.44522857666016 118.52872657775879 86.76162338256836 108.43730163574219 86.76162338256836
107.37052917480469 68.94683074951172 117.41114521026611 68.94683074951172 117.41114521026611 84.95880126953125 107.37052917480469 84.95880126953125
106.21452331542969 67.3568344116211 116.32504367828369 67.3568344116211 116.32504367828369 83.40181159973145 106.21452331542969 83.40181159973145
104.22541809082031 66.24494934082031 114.25801658630371 66.24494934082031 114.25801658630371 81.99160766601562 104.22541809082031 81.99160766601562
102.87129211425781 66.02381896972656 112.88446617126465 66.02381896972656 112.88446617126465 81.53095245361328 102.87129211425781 81.53095245361328
101.84318542480469 64.4610595703125 111.89584636688232 64.4610595703125 111.89584636688232 79.88790702819824 101.84318542480469 79.88790702819824
99.89120483398438 62.398353576660156 109.96946334838867 62.398353576660156 109.96946334838867 77.83306407928467 99.89120483398438 77.83306407928467
99.24049377441406 61.35447311401367 109.25568199157715 61.35447311401367 109.25568199157715 76.556321144104 99.24049377441406 76.556321144104
98.35785675048828 61.808990478515625 108.38032531738281 61.808990478515625 108.38032531738281 76.89134693145752 98.35785675048828 76.89134693145752
97.1299057006836 60.265281677246094 107.1299057006836 60.265281677246094 107.1299057006836 74.9160213470459 97.1299057006836 74.9160213470459
96.7371597290039 59.33477020263672 106.74923896789551 59.33477020263672 106.74923896789551 73.81585693359375 96.7371597290039 73.81585693359375
94.60551452636719 58.4212760925293 104.60551452636719 58.4212760925293 104.60551452636719 72.55115699768066 94.60551452636719 72.55115699768066
93.4776840209961 58.24159622192383 103.49461555480957 58.24159622192383 103.49461555480957 72.28752326965332 93.4776840209961 72.28752326965332
93.00733184814453 57.50431442260742 103.07122993469238 57.50431442260742 103.07122993469238 71.57468605041504 93.00733184814453 71.57468605041504
90.73576354980469 55.299407958984375 100.91275691986084 55.299407958984375 100.91275691986084 69.51360893249512 90.73576354980469 69.51360893249512
90.09886169433594 55.1458740234375 100.2891206741333 55.1458740234375 100.2891206741333 69.37860107421875 90.09886169433594 69.37860107421875
88.85302734375 53.70647048950195 99.04317951202393 53.70647048950195 99.04317951202393 67.86621475219727 88.85302734375 67.86621475219727
87.50745391845703 53.82573318481445 97.64734172821045 53.82573318481445 97.64734172821045 67.87624263763428 87.50745391845703 67.87624263763428
85.24317932128906 51.3650016784668 95.33383274078369 51.3650016784668 95.33383274078369 65.20076847076416 85.24317932128906 65.20076847076416
84.73236083984375 51.72772979736328 94.85162353515625 51.72772979736328 94.85162353515625 65.50828266143799 84.73236083984375 65.50828266143799
83.3611068725586 51.30610275268555 93.4945821762085 51.30610275268555 93.4945821762085 64.97963809967041 83.3611068725586 64.97963809967041
82.44220733642578 49.63843536376953 92.48468589782715 49.63843536376953 92.48468589782715 63.05263805389404 82.44220733642578 63.05263805389404
81.0118408203125 48.9322509765625 91.01284599304199 48.9322509765625 91.01284599304199 62.06750679016113 81.0118408203125 62.06750679016113
80.85636138916016 48.72142791748047 90.85636138916016 48.72142791748047 90.85636138916016 61.58992004394531 80.85636138916016 61.58992004394531
79.77246856689453 47.778953552246094 89.80494117736816 47.778953552246094 89.80494117736816 60.50038528442383 79.77246856689453 60.50038528442383
77.91419982910156 47.46018600463867 87.9285020828247 47.46018600463867 87.9285020828247 59.97616100311279 77.91419982910156 59.97616100311279
77.2630844116211 47.0013542175293 87.29165840148926 47.0013542175293 87.29165840148926 59.366713523864746 77.2630844116211 59.366713523864746
76.2168960571289 46.356712341308594 86.22016429901123 46.356712341308594 86.22016429901123 58.51364517211914 76.2168960571289 58.51364517211914
74.31559753417969 45.13828659057617 84.31585121154785 45.13828659057617 84.31585121154785 57.084035873413086 74.31559753417969 57.084035873413086
73.73098754882812 44.29789352416992 83.81473159790039 44.29789352416992 83.81473159790039 56.14706516265869 73.73098754882812 56.14706516265869
71.99027252197266 42.630069732666016 82.04002571105957 42.630069732666016 82.04002571105957 54.3292760848999 71.99027252197266 54.3292760848999
70.9450912475586 42.36597442626953 80.97285652160645 42.36597442626953 80.97285652160645 53.931273460388184 70.9450912475586 53.931273460388184
