40.0 90.0 56.0 90.0 56.0 130.0 40.0 130.0
41.2869987487793 90.21195220947266 57.12308311462402 90.21195220947266 57.12308311462402 129.80216217041016 41.2869987487793 129.80216217041016
41.31142044067383 89.43473815917969 56.97720432281494 89.43473815917969 56.97720432281494 128.5991973876953 41.31142044067383 128.5991973876953
45.609867095947266 89.78547668457031 61.19051265716553 89.78547668457031 61.19051265716553 128.73708724975586 45.609867095947266 128.73708724975586
44.18729019165039 90.63031005859375 59.95253944396973 90.63031005859375 59.95253944396973 130.0434341430664 44.18729019165039 130.0434341430664
47.09302520751953 90.59329986572266 62.92418193817139 90.59329986572266 62.92418193817139 130.17119598388672 47.09302520751953 130.17119598388672
47.258209228515625 90.21784973144531 63.112399101257324 90.21784973144531 63.112399101257324 129.85332870483398 47.258209228515625 129.85332870483398
50.755699157714844 90.5586929321289 66.86034774780273 90.5586929321289 66.86034774780273 130.82032012939453 50.755699157714844 130.82032012939453
51.512664794921875 91.01616668701172 67.67439842224121 91.01616668701172 67.67439842224121 131.42050552368164 51.512664794921875 131.42050552368164
53.813201904296875 90.17668151855469 69.8436450958252 90.17668151855469 69.8436450958252 130.2527961730957 53.813201904296875 130.2527961730957
53.69561767578125 90.25883483886719 69.87461853027344 90.25883483886719 69.87461853027344 130.70634078979492 53.69561767578125 130.70634078979492
55.61861038208008 90.67089080810547 71.45977592468262 90.67089080810547 71.45977592468262 130.27381134033203 55.61861038208008 130.27381134033203
55.611846923828125 90.3350830078125 71.3937635421753 90.3350830078125 71.3937635421753 129.7898826599121 55.611846923828125 129.7898826599121
55.75444793701172 91.40885162353516 71.20340919494629 91.40885162353516 71.20340919494629 130.0312614440918 55.75444793701172 130.0312614440918
57.75020217895508 88.77750396728516 73.02001571655273 88.77750396728516 73.02001571655273 126.95204544067383 57.75020217895508 126.95204544067383
57.840240478515625 89.67704772949219 72.92654991149902 89.67704772949219 72.92654991149902 127.39282989501953 57.840240478515625 127.39282989501953
57.30699920654297 89.55043029785156 72.13129997253418 89.55043029785156 72.13129997253418 126.61119079589844 57.30699920654297 126.61119079589844
58.28523635864258 88.82228088378906 72.95137977600098 88.82228088378906 72.95137977600098 125.4876480102539 58.28523635864258 125.4876480102539
58.218231201171875 90.04325866699219 72.83207511901855 90.04325866699219 72.83207511901855 126.57787704467773 58.218231201171875 126.57787704467773
58.454933166503906 91.41777038574219 72.69998931884766 91.41777038574219 72.69998931884766 127.0304183959961 58.454933166503906 127.0304183959961
69.83558654785156 94.41999816894531 84.0009355545044 94.41999816894531 84.0009355545044 129.83338165283203 69.83558654785156 129.83338165283203
69.77302551269531 93.8502426147461 83.86544513702393 93.8502426147461 83.86544513702393 129.08130645751953 69.77302551269531 129.08130645751953
72.02456665039062 94.39217376708984 85.88296031951904 94.39217376708984 85.88296031951904 129.0381736755371 72.02456665039062 129.0381736755371
71.6581039428711 94.91099548339844 85.50170612335205 94.91099548339844 85.50170612335205 129.52001571655273 71.6581039428711 129.52001571655273
74.99372863769531 94.62391662597656 88.84207725524902 94.62391662597656 88.84207725524902 129.24480438232422 74.99372863769531 129.24480438232422
74.93196868896484 94.08983612060547 88.95818138122559 94.08983612060547 88.95818138122559 129.15538787841797 74.93196868896484 129.15538787841797
74.7433090209961 94.42341613769531 88.7169599533081 94.42341613769531 88.7169599533081 129.3575668334961 74.7433090209961 129.3575668334961
77.73633575439453 94.53667449951172 91.66254997253418 94.53667449951172 91.66254997253418 129.35223388671875 77.73633575439453 129.35223388671875
77.60520935058594 94.58705139160156 91.65903186798096 94.58705139160156 91.65903186798096 129.72163009643555 77.60520935058594 129.72163009643555
80.95690155029297 92.86656188964844 95.45000457763672 92.86656188964844 95.45000457763672 129.0993423461914 80.95690155029297 129.0993423461914
85.33978271484375 93.04399108886719 100.01120281219482 93.04399108886719 100.01120281219482 129.7225685119629 85.33978271484375 129.7225685119629
85.12300109863281 92.15791320800781 100.02799987792969 92.15791320800781 100.02799987792969 129.42044067382812 85.12300109863281 129.42044067382812
84.58659362792969 92.19485473632812 99.59933757781982 92.19485473632812 99.59933757781982 129.72674942016602 84.58659362792969 129.72674942016602
86.6085433959961 92.1129150390625 102.06761360168457 92.1129150390625 102.06761360168457 130.76062774658203 86.6085433959961 130.76062774658203
86.48658752441406 91.51441192626953 102.20041942596436 91.51441192626953 102.20041942596436 130.79903030395508 86.48658752441406 130.79903030395508
91.36839294433594 94.22087097167969 106.83009815216064 94.22087097167969 106.83009815216064 132.87517547607422 91.36839294433594 132.87517547607422
92.10415649414062 95.15133666992188 107.41694641113281 95.15133666992188 107.41694641113281 133.43335342407227 92.10415649414062 133.43335342407227
94.68244934082031 94.74436950683594 110.36022472381592 94.74436950683594 110.36022472381592 133.93885040283203 94.68244934082031 133.93885040283203
93.87232971191406 93.0803451538086 110.04147911071777 93.0803451538086 110.04147911071777 133.50326538085938 93.87232971191406 133.50326538085938
93.34101867675781 92.135009765625 109.81099319458008 92.135009765625 109.81099319458008 133.30999374389648 93.34101867675781 133.30999374389648
95.16639709472656 91.30558013916016 111.83382034301758 91.30558013916016 111.83382034301758 132.97419357299805 95.16639709472656 132.97419357299805
95.24737548828125 91.16712951660156 112.04147148132324 91.16712951660156 112.04147148132324 133.15242385864258 95.24737548828125 133.15242385864258
97.97528076171875 88.50663757324219 114.68778419494629 88.50663757324219 114.68778419494629 130.28794860839844 97.97528076171875 130.28794860839844
100.2790298461914 88.89372253417969 117.05547332763672 88.89372253417969 117.05547332763672 130.8348846435547 100.2790298461914 130.8348846435547
99.800048828125 87.95976257324219 116.89790916442871 87.95976257324219 116.89790916442871 130.70447158813477 99.800048828125 130.70447158813477
99.43309020996094 88.50123596191406 116.29190826416016 88.50123596191406 116.29190826416016 130.6483383178711 99.43309020996094 130.6483383178711
104.3836669921875 89.13093566894531 121.15865707397461 89.13093566894531 121.15865707397461 131.06847381591797 104.3836669921875 131.06847381591797
104.04335021972656 90.884765625 121.00885200500488 90.884765625 121.00885200500488 133.29858016967773 104.04335021972656 133.29858016967773
107.1805648803711 89.78591918945312 124.21764755249023 89.78591918945312 124.21764755249023 132.3786849975586 107.1805648803711 132.3786849975586
107.4530258178711 90.44512176513672 124.41300773620605 90.44512176513672 124.41300773620605 132.84513473510742 107.4530258178711 132.84513473510742
109.87333679199219 89.26359558105469 126.8891544342041 89.26359558105469 126.8891544342041 131.8031997680664 109.87333679199219 131.8031997680664
110.37236022949219 90.07568359375 127.44118118286133 90.07568359375 127.44118118286133 132.74779510498047 110.37236022949219 132.74779510498047
113.89042663574219 89.84043884277344 130.8328399658203 89.84043884277344 130.8328399658203 132.19653701782227 113.89042663574219 132.19653701782227
114.2608871459961 89.98844909667969 131.2186336517334 89.98844909667969 131.2186336517334 132.38288116455078 114.2608871459961 132.38288116455078
116.01802062988281 90.20935821533203 132.92618942260742 90.20935821533203 132.92618942260742 132.47984313964844 116.01802062988281 132.47984313964844
116.20573425292969 90.73216247558594 132.98910331726074 90.73216247558594 132.98910331726074 132.6906509399414 116.20573425292969 132.6906509399414
118.71241760253906 88.78897857666016 135.68186950683594 88.78897857666016 135.68186950683594 131.21267700195312 118.71241760253906 131.21267700195312
118.69810485839844 88.79434967041016 135.9811897277832 88.79434967041016 135.9811897277832 132.00213241577148 118.69810485839844 132.00213241577148
118.51844787597656 89.87016296386719 135.92491912841797 89.87016296386719 135.92491912841797 133.38641738891602 118.51844787597656 133.38641738891602
124.6824722290039 90.5083236694336 142.19844436645508 90.5083236694336 142.19844436645508 134.2983283996582 124.6824722290039 134.2983283996582
124.22137451171875 90.740966796875 141.6759033203125 90.740966796875 141.6759033203125 134.3773651123047 124.22137451171875 134.3773651123047
127.39715576171875 92.20633697509766 144.76841926574707 92.20633697509766 144.76841926574707 135.63457489013672 127.39715576171875 135.63457489013672
127.46253967285156 92.0692367553711 144.71762657165527 92.0692367553711 144.71762657165527 135.20703125 127.46253967285156 135.20703125
131.8861083984375 92.35441589355469 148.8864631652832 92.35441589355469 148.8864631652832 134.85537338256836 131.8861083984375 134.85537338256836
131.9022674560547 92.87066650390625 148.6359977722168 92.87066650390625 148.6359977722168 134.7050666809082 131.9022674560547 134.7050666809082
134.2482452392578 91.37398529052734 150.8359832763672 91.37398529052734 150.8359832763672 132.84339904785156 134.2482452392578 132.84339904785156
133.89376831054688 91.77230834960938 150.4149570465088 91.77230834960938 150.4149570465088 133.07534790039062 133.89376831054688 133.07534790039062
136.63287353515625 90.70912170410156 153.28484344482422 90.70912170410156 153.28484344482422 132.33911514282227 136.63287353515625 132.33911514282227
136.75009155273438 90.77867126464844 153.25173568725586 90.77867126464844 153.25173568725586 132.0328483581543 136.75009155273438 132.0328483581543
139.2134552001953 90.65162658691406 156.04539489746094 90.65162658691406 156.04539489746094 132.7315444946289 139.2134552001953 132.7315444946289
139.3258056640625 89.94837951660156 156.37078857421875 89.94837951660156 156.37078857421875 132.56090545654297 139.3258056640625 132.56090545654297
139.318115234375 90.58026123046875 156.5170078277588 90.58026123046875 156.5170078277588 133.57756423950195 139.318115234375 133.57756423950195
142.40640258789062 90.98795318603516 159.7648868560791 90.98795318603516 159.7648868560791 134.38423919677734 142.40640258789062 134.38423919677734
142.81959533691406 91.34474182128906 159.8963565826416 91.34474182128906 159.8963565826416 134.03671264648438 142.81959533691406 134.03671264648438
146.76136779785156 91.77655792236328 163.46628952026367 91.77655792236328 163.46628952026367 133.53892517089844 146.76136779785156 133.53892517089844
149.69781494140625 90.54551696777344 166.5789909362793 90.54551696777344 166.5789909362793 132.7485237121582 149.69781494140625 132.7485237121582
149.96861267089844 90.64912414550781 166.84640884399414 90.64912414550781 166.84640884399414 132.84368133544922 149.96861267089844 132.84368133544922
150.37744140625 90.853759765625 167.30984115600586 90.853759765625 167.30984115600586 133.18482208251953 150.37744140625 133.18482208251953
152.29405212402344 90.17256927490234 169.14208030700684 90.17256927490234 169.14208030700684 132.29269409179688 152.29405212402344 132.29269409179688
152.4249725341797 90.76663208007812 169.42022895812988 90.76663208007812 169.42022895812988 133.25482940673828 152.4249725341797 133.25482940673828
153.357666015625 89.46998596191406 170.18420791625977 89.46998596191406 170.18420791625977 131.53639602661133 153.357666015625 131.53639602661133
152.92269897460938 89.58106994628906 169.81171989440918 89.58106994628906 169.81171989440918 131.8036766052246 152.92269897460938 131.8036766052246
154.55528259277344 89.41395568847656 171.58939743041992 89.41395568847656 171.58939743041992 131.9993019104004 154.55528259277344 131.9993019104004
154.2696990966797 88.11216735839844 171.30629348754883 88.11216735839844 171.30629348754883 130.7037124633789 154.2696990966797 130.7037124633789
162.40365600585938 88.70589447021484 179.53268241882324 88.70589447021484 179.53268241882324 131.52852630615234 162.40365600585938 131.52852630615234
162.3607177734375 90.2989273071289 179.53569412231445 90.2989273071289 179.53569412231445 133.23643493652344 162.3607177734375 133.23643493652344
164.51806640625 92.05650329589844 181.3071174621582 92.05650329589844 181.3071174621582 134.0291976928711 164.51806640625 134.0291976928711
164.5040283203125 91.81156921386719 181.3562889099121 91.81156921386719 181.3562889099121 133.94228744506836 164.5040283203125 133.94228744506836
165.4005126953125 92.75948333740234 182.21392822265625 92.75948333740234 182.21392822265625 134.79308700561523 165.4005126953125 134.79308700561523
168.55804443359375 93.6500244140625 185.23355674743652 93.6500244140625 185.23355674743652 135.33887100219727 168.55804443359375 135.33887100219727
168.1830291748047 93.46183776855469 184.77134323120117 93.46183776855469 184.77134323120117 134.93268585205078 168.1830291748047 134.93268585205078
173.17466735839844 91.77900695800781 189.64748573303223 91.77900695800781 189.64748573303223 132.96111297607422 173.17466735839844 132.96111297607422
172.73583984375 91.06672668457031 189.3477325439453 91.06672668457031 189.3477325439453 132.59651947021484 172.73583984375 132.59651947021484
174.8674774169922 89.34606170654297 191.6909065246582 89.34606170654297 191.6909065246582 131.40469360351562 174.8674774169922 131.40469360351562
175.00845336914062 89.97789001464844 191.46287155151367 89.97789001464844 191.46287155151367 131.1139907836914 175.00845336914062 131.1139907836914
177.42298889160156 90.52754974365234 194.0369052886963 90.52754974365234 194.0369052886963 132.06239318847656 177.42298889160156 132.06239318847656
177.2767791748047 90.64556121826172 193.87766647338867 90.64556121826172 193.87766647338867 132.14783477783203 177.2767791748047 132.14783477783203
180.0421142578125 90.67118072509766 196.8823184967041 90.67118072509766 196.8823184967041 132.77174377441406 180.0421142578125 132.77174377441406
179.900390625 90.0606460571289 196.7387866973877 90.0606460571289 196.7387866973877 132.15668869018555 179.900390625 132.15668869018555
182.5464324951172 90.33499908447266 199.1670742034912 90.33499908447266 199.1670742034912 131.88665771484375 182.5464324951172 131.88665771484375
182.95535278320312 89.43450927734375 199.70046615600586 89.43450927734375 199.70046615600586 131.2973518371582 182.95535278320312 131.2973518371582
186.4985809326172 91.4852066040039 203.26712799072266 91.4852066040039 203.26712799072266 133.40663146972656 186.4985809326172 133.40663146972656
186.0594024658203 91.24024963378906 202.59137535095215 91.24024963378906 202.59137535095215 132.5702362060547 186.0594024658203 132.5702362060547
189.75718688964844 91.39696502685547 206.42660522460938 91.39696502685547 206.42660522460938 133.0705680847168 189.75718688964844 133.0705680847168
189.61903381347656 91.8624267578125 206.17828750610352 91.8624267578125 206.17828750610352 133.26061248779297 189.61903381347656 133.26061248779297
194.11155700683594 91.5433120727539 210.89359664916992 91.5433120727539 210.89359664916992 133.4984588623047 194.11155700683594 133.4984588623047
193.70291137695312 91.79252624511719 210.37947845458984 91.79252624511719 210.37947845458984 133.48399353027344 193.70291137695312 133.48399353027344
193.97732543945312 91.46788024902344 210.50774955749512 91.46788024902344 210.50774955749512 132.7939910888672 193.97732543945312 132.7939910888672
196.880126953125 91.52427673339844 213.51302528381348 91.52427673339844 213.51302528381348 133.10657119750977 196.880126953125 133.10657119750977
197.01095581054688 91.29804992675781 213.82862854003906 91.29804992675781 213.82862854003906 133.34228134155273 197.01095581054688 133.34228134155273
199.85842895507812 91.33805847167969 216.4798469543457 91.33805847167969 216.4798469543457 132.89165115356445 199.85842895507812 132.89165115356445
199.86026000976562 91.36067199707031 216.60071182250977 91.36067199707031 216.60071182250977 133.21184921264648 199.86026000976562 133.21184921264648
202.5076904296875 92.0002212524414 218.8561782836914 92.0002212524414 218.8561782836914 132.87148666381836 202.5076904296875 132.87148666381836
202.7645721435547 93.54230499267578 219.00274848937988 93.54230499267578 219.00274848937988 134.13778686523438 202.7645721435547 134.13778686523438
206.44482421875 93.71650695800781 222.4648094177246 93.71650695800781 222.4648094177246 133.76650619506836 206.44482421875 133.76650619506836
206.3890838623047 93.78780364990234 222.20466327667236 93.78780364990234 222.20466327667236 133.32678604125977 206.3890838623047 133.32678604125977
210.53872680664062 91.96435546875 226.3824062347412 91.96435546875 226.3824062347412 131.57358932495117 210.53872680664062 131.57358932495117
210.12954711914062 93.1755599975586 226.00805854797363 93.1755599975586 226.00805854797363 132.87187576293945 210.12954711914062 132.87187576293945
213.1044158935547 92.32017517089844 228.86009693145752 92.32017517089844 228.86009693145752 131.70941543579102 213.1044158935547 131.70941543579102
213.36605834960938 92.5625 229.41673851013184 92.5625 229.41673851013184 132.68923950195312 213.36605834960938 132.68923950195312
217.3676300048828 91.27076721191406 233.58162879943848 91.27076721191406 233.58162879943848 131.80580520629883 217.3676300048828 131.80580520629883
217.36962890625 91.4010009765625 233.6853199005127 91.4010009765625 233.6853199005127 132.1902732849121 217.36962890625 132.1902732849121
217.9285888671875 91.35321044921875 234.26002883911133 91.35321044921875 234.26002883911133 132.18185806274414 217.9285888671875 132.18185806274414
219.8975830078125 91.35340881347656 236.45832061767578 91.35340881347656 236.45832061767578 132.75530242919922 219.8975830078125 132.75530242919922
220.17141723632812 91.95028686523438 236.50758743286133 91.95028686523438 236.50758743286133 132.7907600402832 220.17141723632812 132.7907600402832
222.4657745361328 91.72898864746094 239.03494453430176 91.72898864746094 239.03494453430176 133.15196228027344 222.4657745361328 133.15196228027344
222.6368408203125 91.45577239990234 239.51644897460938 91.45577239990234 239.51644897460938 133.65484619140625 222.6368408203125 133.65484619140625
225.8948211669922 92.0297622680664 242.66083908081055 92.0297622680664 242.66083908081055 133.9448585510254 225.8948211669922 133.9448585510254
226.60580444335938 91.73382568359375 243.38552856445312 91.73382568359375 243.38552856445312 133.68318939208984 226.60580444335938 133.68318939208984
229.70950317382812 92.07563781738281 246.59627151489258 92.07563781738281 246.59627151489258 134.29261779785156 229.70950317382812 134.29261779785156
229.6074981689453 92.76539611816406 246.47576904296875 92.76539611816406 246.47576904296875 134.93613815307617 229.6074981689453 134.93613815307617
232.56185913085938 89.6637954711914 249.58548545837402 89.6637954711914 249.58548545837402 132.22293090820312 232.56185913085938 132.22293090820312
233.0411376953125 90.69438171386719 250.04090881347656 90.69438171386719 250.04090881347656 133.19387435913086 233.0411376953125 133.19387435913086
236.2286376953125 90.86622619628906 253.42824363708496 90.86622619628906 253.42824363708496 133.8653106689453 236.2286376953125 133.8653106689453
236.3430633544922 91.35250091552734 253.41377067565918 91.35250091552734 253.41377067565918 134.0293426513672 236.3430633544922 134.0293426513672
236.47225952148438 91.12931823730469 253.58948516845703 91.12931823730469 253.58948516845703 133.9224624633789 236.47225952148438 133.9224624633789
238.41433715820312 89.54032135009766 255.66395950317383 89.54032135009766 255.66395950317383 132.66445922851562 238.41433715820312 132.66445922851562
238.1855926513672 89.65006256103516 255.33680152893066 89.65006256103516 255.33680152893066 132.52816772460938 238.1855926513672 132.52816772460938
242.02340698242188 92.16813659667969 259.0377712249756 92.16813659667969 259.0377712249756 134.70412826538086 242.02340698242188 134.70412826538086
242.030517578125 92.49700927734375 258.86393547058105 92.49700927734375 258.86393547058105 134.58063507080078 242.030517578125 134.58063507080078
244.83401489257812 93.22417449951172 261.6123924255371 93.22417449951172 261.6123924255371 135.1702003479004 244.83401489257812 135.1702003479004
245.3485870361328 93.86251831054688 261.9492931365967 93.86251831054688 261.9492931365967 135.36436462402344 245.3485870361328 135.36436462402344
245.4005584716797 93.70161437988281 262.1650276184082 93.70161437988281 262.1650276184082 135.6128692626953 245.4005584716797 135.6128692626953
246.99160766601562 93.210205078125 263.5010013580322 93.210205078125 263.5010013580322 134.48377227783203 246.99160766601562 134.48377227783203
246.8521270751953 93.56415557861328 263.16887283325195 93.56415557861328 263.16887283325195 134.35609817504883 246.8521270751953 134.35609817504883
251.3376922607422 87.91856384277344 267.7460594177246 87.91856384277344 267.7460594177246 128.93956756591797 251.3376922607422 128.93956756591797
252.96511840820312 84.92122650146484 269.0246276855469 84.92122650146484 269.0246276855469 125.07008361816406 252.96511840820312 125.07008361816406
259.5166320800781 81.32756042480469 275.7419624328613 81.32756042480469 275.7419624328613 121.8909683227539 259.5166320800781 121.8909683227539
254.738525390625 84.91688537597656 270.80444717407227 84.91688537597656 270.80444717407227 125.08176803588867 254.738525390625 125.08176803588867
258.775146484375 78.18473815917969 274.8685245513916 78.18473815917969 274.8685245513916 118.41826629638672 258.775146484375 118.41826629638672
259.0354919433594 77.36824798583984 275.1673774719238 77.36824798583984 275.1673774719238 117.69804382324219 259.0354919433594 117.69804382324219
259.39117431640625 82.98768615722656 275.5031089782715 82.98768615722656 275.5031089782715 123.2676010131836 259.39117431640625 123.2676010131836
259.7444763183594 84.77001953125 275.65311908721924 84.77001953125 275.65311908721924 124.54170227050781 259.7444763183594 124.54170227050781
259.66766357421875 76.61843872070312 275.89037895202637 76.61843872070312 275.89037895202637 117.1753044128418 259.66766357421875 117.1753044128418
259.6245422363281 75.87211608886719 276.29896354675293 75.87211608886719 276.29896354675293 117.5582504272461 259.6245422363281 117.5582504272461
259.4283142089844 81.6622085571289 275.99302864074707 81.6622085571289 275.99302864074707 123.0740737915039 259.4283142089844 123.0740737915039
259.76519775390625 82.0257568359375 276.1131172180176 82.0257568359375 276.1131172180176 122.8956298828125 259.76519775390625 122.8956298828125
263.6642150878906 83.08832550048828 280.17444801330566 83.08832550048828 280.17444801330566 124.36398315429688 263.6642150878906 124.36398315429688
273.9652404785156 93.5941390991211 290.33367347717285 93.5941390991211 290.33367347717285 134.5152931213379 273.9652404785156 134.5152931213379
273.6668395996094 92.84866333007812 290.0182991027832 92.84866333007812 290.0182991027832 133.7273826599121 273.6668395996094 133.7273826599121
275.7115478515625 92.46876525878906 292.1132926940918 92.46876525878906 292.1132926940918 133.47319793701172 275.7115478515625 133.47319793701172
275.47247314453125 92.40126037597656 292.0274314880371 92.40126037597656 292.0274314880371 133.7887306213379 275.47247314453125 133.7887306213379
280.02276611328125 90.2032470703125 296.7384490966797 90.2032470703125 296.7384490966797 131.99252700805664 280.02276611328125 131.99252700805664
280.1558837890625 91.11256408691406 296.831262588501 91.11256408691406 296.831262588501 132.80108261108398 280.1558837890625 132.80108261108398
283.3396911621094 91.80077362060547 300.04233169555664 91.80077362060547 300.04233169555664 133.55744552612305 283.3396911621094 133.55744552612305
282.86419677734375 90.35630798339844 299.9994316101074 90.35630798339844 299.9994316101074 133.19446563720703 282.86419677734375 133.19446563720703
285.62408447265625 91.0850830078125 302.9815273284912 91.0850830078125 302.9815273284912 134.478759765625 285.62408447265625 134.478759765625
284.893310546875 91.39169311523438 302.55821228027344 91.39169311523438 302.55821228027344 135.55401992797852 284.893310546875 135.55401992797852
288.7564697265625 90.72140502929688 306.722261428833 90.72140502929688 306.722261428833 135.63595581054688 288.7564697265625 135.63595581054688
289.11773681640625 90.19749450683594 307.41655349731445 90.19749450683594 307.41655349731445 135.94461059570312 289.11773681640625 135.94461059570312
292.543212890625 90.74820709228516 310.9146156311035 90.74820709228516 310.9146156311035 136.67678451538086 292.543212890625 136.67678451538086
292.3392028808594 91.16822052001953 310.7988586425781 91.16822052001953 310.7988586425781 137.3174285888672 292.3392028808594 137.3174285888672
292.27978515625 90.08317565917969 310.57739067077637 90.08317565917969 310.57739067077637 135.82726287841797 292.27978515625 135.82726287841797
295.07806396484375 89.74181365966797 313.6253547668457 89.74181365966797 313.6253547668457 136.11011123657227 295.07806396484375 136.11011123657227
295.02874755859375 90.11946105957031 313.7482109069824 90.11946105957031 313.7482109069824 136.91819381713867 295.02874755859375 136.91819381713867
299.97357177734375 89.33566284179688 318.91967391967773 89.33566284179688 318.91967391967773 136.70099639892578 299.97357177734375 136.70099639892578
299.98394775390625 88.72921752929688 319.06629371643066 88.72921752929688 319.06629371643066 136.4351577758789 299.98394775390625 136.4351577758789
299.52459716796875 88.22415161132812 318.84979248046875 88.22415161132812 318.84979248046875 136.53721618652344 299.52459716796875 136.53721618652344
304.03070068359375 88.83404541015625 323.367151260376 88.83404541015625 323.367151260376 137.17525100708008 304.03070068359375 137.17525100708008
