249.0 221.0 296.0 221.0 296.0 256.0 249.0 256.0
245.34078979492188 218.0789031982422 292.3053092956543 218.0789031982422 292.3053092956543 253.05248260498047 245.34078979492188 253.05248260498047
246.48245239257812 217.1826171875 293.900936126709 217.1826171875 293.900936126709 252.49425506591797 246.48245239257812 252.49425506591797
246.63674926757812 218.6515350341797 294.27495193481445 218.6515350341797 294.27495193481445 254.12679290771484 246.63674926757812 254.12679290771484
243.0353240966797 214.31411743164062 290.86658477783203 214.31411743164062 290.86658477783203 249.93314361572266 243.0353240966797 249.93314361572266
242.95492553710938 214.98385620117188 290.9849510192871 214.98385620117188 290.9849510192871 250.7509002685547 242.95492553710938 250.7509002685547
239.44461059570312 211.61624145507812 286.9840278625488 211.61624145507812 286.9840278625488 247.01793670654297 239.44461059570312 247.01793670654297
238.58071899414062 211.363525390625 286.27925872802734 211.363525390625 286.27925872802734 246.88371658325195 238.58071899414062 246.88371658325195
235.9432373046875 208.6272735595703 283.06198501586914 208.6272735595703 283.06198501586914 243.71570587158203 235.9432373046875 243.71570587158203
236.4859161376953 208.7899169921875 283.31254959106445 208.7899169921875 283.31254959106445 243.66081619262695 236.4859161376953 243.66081619262695
233.60281372070312 205.2506866455078 279.7101020812988 205.2506866455078 279.7101020812988 239.5859031677246 233.60281372070312 239.5859031677246
233.137939453125 205.8119659423828 279.79501724243164 205.8119659423828 279.79501724243164 240.55660247802734 233.137939453125 240.55660247802734
230.4042510986328 202.9014434814453 276.4486656188965 202.9014434814453 276.4486656188965 237.18983840942383 230.4042510986328 237.18983840942383
230.2953338623047 203.49815368652344 276.3201026916504 203.49815368652344 276.3201026916504 237.77191925048828 230.2953338623047 237.77191925048828
227.29794311523438 200.8547821044922 272.99524307250977 200.8547821044922 272.99524307250977 234.88468551635742 227.29794311523438 234.88468551635742
227.67416381835938 200.7488250732422 272.80313873291016 200.7488250732422 272.80313873291016 234.3555145263672 227.67416381835938 234.3555145263672
224.8015899658203 197.56723022460938 269.93485260009766 197.56723022460938 269.93485260009766 231.17711639404297 224.8015899658203 231.17711639404297
224.3096160888672 197.58319091796875 269.34398651123047 197.58319091796875 269.34398651123047 231.11943435668945 224.3096160888672 231.11943435668945
224.9969482421875 197.59022521972656 269.3674507141113 197.59022521972656 269.3674507141113 230.63209915161133 224.9969482421875 230.63209915161133
222.4586944580078 195.0592803955078 266.59415435791016 195.0592803955078 266.59415435791016 227.9261245727539 222.4586944580078 227.9261245727539
223.00466918945312 195.5688018798828 266.56678771972656 195.5688018798828 266.56678771972656 228.00869369506836 223.00466918945312 228.00869369506836
220.55325317382812 192.86343383789062 264.1285934448242 192.86343383789062 264.1285934448242 225.31317520141602 220.55325317382812 225.31317520141602
220.6649627685547 192.93508911132812 263.6707191467285 192.93508911132812 263.6707191467285 224.96067428588867 220.6649627685547 224.96067428588867
216.08267211914062 188.84535217285156 258.51294326782227 188.84535217285156 258.51294326782227 220.4423828125 216.08267211914062 220.4423828125
216.85958862304688 188.8284454345703 258.64643478393555 188.8284454345703 258.64643478393555 219.94633102416992 216.85958862304688 219.94633102416992
214.28787231445312 186.3453369140625 255.78600311279297 186.3453369140625 255.78600311279297 217.2482204437256 214.28787231445312 217.2482204437256
212.14047241210938 185.59963989257812 252.98954010009766 185.59963989257812 252.98954010009766 216.0191764831543 212.14047241210938 216.0191764831543
213.42971801757812 185.45596313476562 253.16234970092773 185.45596313476562 253.16234970092773 215.0441131591797 213.42971801757812 215.0441131591797
213.8425750732422 185.86111450195312 252.76611328125 185.86111450195312 252.76611328125 214.84674644470215 213.8425750732422 214.84674644470215
210.05850219726562 183.04537963867188 248.7698745727539 183.04537963867188 248.7698745727539 211.8730125427246 210.05850219726562 211.8730125427246
211.25479125976562 183.40707397460938 249.54058456420898 183.40707397460938 249.54058456420898 211.91778564453125 211.25479125976562 211.91778564453125
208.42245483398438 180.7193603515625 246.12807083129883 180.7193603515625 246.12807083129883 208.7980251312256 208.42245483398438 208.7980251312256
207.8572540283203 180.7611541748047 246.00202178955078 180.7611541748047 246.00202178955078 209.16684913635254 207.8572540283203 209.16684913635254
205.7900848388672 177.7048797607422 243.83413696289062 177.7048797607422 243.83413696289062 206.03557205200195 205.7900848388672 206.03557205200195
205.1185760498047 177.79727172851562 243.82386779785156 177.79727172851562 243.82386779785156 206.62038040161133 205.1185760498047 206.62038040161133
203.4091796875 175.11196899414062 241.7074966430664 175.11196899414062 241.7074966430664 203.63201332092285 203.4091796875 203.63201332092285
204.08786010742188 175.26132202148438 241.81896209716797 175.26132202148438 241.81896209716797 203.35897254943848 204.08786010742188 203.35897254943848
200.9499969482422 172.22915649414062 238.2237777709961 172.22915649414062 238.2237777709961 199.98624801635742 200.9499969482422 199.98624801635742
201.41796875 172.33563232421875 238.44177627563477 172.33563232421875 238.44177627563477 199.90657424926758 201.41796875 199.90657424926758
197.21578979492188 170.4935302734375 234.87977600097656 170.4935302734375 234.87977600097656 198.54119873046875 197.21578979492188 198.54119873046875
198.65658569335938 170.7617950439453 236.0497283935547 170.7617950439453 236.0497283935547 198.60776901245117 198.65658569335938 198.60776901245117
196.6144561767578 168.39608764648438 232.89588928222656 168.39608764648438 232.89588928222656 195.4141902923584 196.6144561767578 195.4141902923584
196.9070281982422 168.93020629882812 232.87006378173828 168.93020629882812 232.87006378173828 195.71120643615723 196.9070281982422 195.71120643615723
194.36300659179688 166.04653930664062 230.16099166870117 166.04653930664062 230.16099166870117 192.7046298980713 194.36300659179688 192.7046298980713
194.24563598632812 166.45822143554688 229.54857635498047 166.45822143554688 229.54857635498047 192.74766159057617 194.24563598632812 192.74766159057617
191.3217010498047 163.21731567382812 226.89556121826172 163.21731567382812 226.89556121826172 189.70850563049316 191.3217010498047 189.70850563049316
191.08541870117188 163.81076049804688 226.53299713134766 163.81076049804688 226.53299713134766 190.20791053771973 191.08541870117188 190.20791053771973
189.76593017578125 162.03883361816406 224.16400909423828 162.03883361816406 224.16400909423828 187.65443992614746 189.76593017578125 187.65443992614746
189.35733032226562 162.37791442871094 223.2826690673828 162.37791442871094 223.2826690673828 187.6414794921875 189.35733032226562 187.6414794921875
187.6594696044922 160.1170654296875 221.23190307617188 160.1170654296875 221.23190307617188 185.117826461792 187.6594696044922 185.117826461792
188.46112060546875 159.76785278320312 221.40365600585938 159.76785278320312 221.40365600585938 184.29954147338867 188.46112060546875 184.29954147338867
188.4773406982422 160.18212890625 221.01135635375977 160.18212890625 221.01135635375977 184.40960121154785 188.4773406982422 184.40960121154785
186.37181091308594 158.3433074951172 217.8854522705078 158.3433074951172 217.8854522705078 181.81092643737793 186.37181091308594 181.81092643737793
187.64462280273438 158.93475341796875 218.69846534729004 158.93475341796875 218.69846534729004 182.0599708557129 187.64462280273438 182.0599708557129
182.85888671875 155.74411010742188 213.41075706481934 155.74411010742188 213.41075706481934 178.49551963806152 182.85888671875 178.49551963806152
183.15438842773438 155.2560577392578 213.32497215270996 155.2560577392578 213.32497215270996 177.72352981567383 183.15438842773438 177.72352981567383
181.89390563964844 153.86727905273438 211.7717342376709 153.86727905273438 211.7717342376709 176.11674118041992 181.89390563964844 176.11674118041992
181.83766174316406 153.23184204101562 211.6686496734619 153.23184204101562 211.6686496734619 175.4464225769043 181.83766174316406 175.4464225769043
177.3778839111328 152.5775146484375 207.91626358032227 152.5775146484375 207.91626358032227 175.3188762664795 177.3778839111328 175.3188762664795
178.21095275878906 151.62049865722656 209.07226181030273 151.62049865722656 209.07226181030273 174.6023406982422 178.21095275878906 174.6023406982422
174.1685028076172 149.93495178222656 205.2791805267334 149.93495178222656 205.2791805267334 173.10249519348145 174.1685028076172 173.10249519348145
174.83798217773438 149.24740600585938 206.47574424743652 149.24740600585938 206.47574424743652 172.8074607849121 174.83798217773438 172.8074607849121
170.68067932128906 147.74468994140625 202.50682067871094 147.74468994140625 202.50682067871094 171.4450283050537 170.68067932128906 171.4450283050537
171.37930297851562 148.18771362304688 202.96574020385742 148.18771362304688 202.96574020385742 171.70955085754395 171.37930297851562 171.70955085754395
169.1737060546875 146.30123901367188 200.52553939819336 146.30123901367188 200.52553939819336 169.64836883544922 169.1737060546875 169.64836883544922
168.5366668701172 146.15615844726562 200.05051040649414 146.15615844726562 200.05051040649414 169.6239356994629 168.5366668701172 169.6239356994629
164.9312744140625 144.67861938476562 196.48146057128906 144.67861938476562 196.48146057128906 168.17346000671387 164.9312744140625 168.17346000671387
164.4449005126953 144.53570556640625 196.73993682861328 144.53570556640625 196.73993682861328 168.58522415161133 164.4449005126953 168.58522415161133
163.0211639404297 142.2030487060547 195.46960067749023 142.2030487060547 195.46960067749023 166.36680221557617 163.0211639404297 166.36680221557617
162.2765655517578 142.26266479492188 194.95367813110352 142.26266479492188 194.95367813110352 166.5967082977295 162.2765655517578 166.5967082977295
161.18862915039062 140.92886352539062 193.10809326171875 140.92886352539062 193.10809326171875 164.6987018585205 161.18862915039062 164.6987018585205
161.27780151367188 140.64651489257812 192.95584106445312 140.64651489257812 192.95584106445312 164.23656845092773 161.27780151367188 164.23656845092773
159.51332092285156 138.8379364013672 190.9454002380371 138.8379364013672 190.9454002380371 162.24482917785645 159.51332092285156 162.24482917785645
159.00820922851562 139.20736694335938 190.80889320373535 139.20736694335938 190.80889320373535 162.88875198364258 159.00820922851562 162.88875198364258
157.28536987304688 136.71507263183594 189.05236434936523 136.71507263183594 189.05236434936523 160.3713722229004 157.28536987304688 160.3713722229004
157.09397888183594 137.19039916992188 189.10811614990234 137.19039916992188 189.10811614990234 161.0307388305664 157.09397888183594 161.0307388305664
154.39671325683594 135.78611755371094 186.00542640686035 135.78611755371094 186.00542640686035 159.32454299926758 154.39671325683594 159.32454299926758
154.3251495361328 134.80587768554688 186.0672950744629 134.80587768554688 186.0672950744629 158.44366645812988 154.3251495361328 158.44366645812988
152.08042907714844 133.40550231933594 183.86347007751465 133.40550231933594 183.86347007751465 157.07374572753906 152.08042907714844 157.07374572753906
151.57847595214844 134.00265502929688 183.35231590270996 134.00265502929688 183.35231590270996 157.66404724121094 151.57847595214844 157.66404724121094
150.1025848388672 131.64768981933594 182.60672760009766 131.64768981933594 182.60672760009766 155.85292434692383 150.1025848388672 155.85292434692383
150.22476196289062 131.8284149169922 182.35067749023438 131.8284149169922 182.35067749023438 155.7519931793213 150.22476196289062 155.7519931793213
150.0916748046875 131.50405883789062 181.94321250915527 131.50405883789062 181.94321250915527 155.2233123779297 150.0916748046875 155.2233123779297
148.5224609375 130.186279296875 180.4556484222412 130.186279296875 180.4556484222412 153.96633529663086 148.5224609375 153.96633529663086
148.9209442138672 130.22628784179688 180.7942008972168 130.22628784179688 180.7942008972168 153.9617156982422 148.9209442138672 153.9617156982422
146.4919891357422 127.94095611572266 178.65792083740234 127.94095611572266 178.65792083740234 151.8943328857422 146.4919891357422 151.8943328857422
144.4136962890625 126.8939437866211 176.69219207763672 126.8939437866211 176.69219207763672 150.93114471435547 144.4136962890625 150.93114471435547
144.930908203125 126.50505065917969 176.92039108276367 126.50505065917969 176.92039108276367 150.32703018188477 144.930908203125 150.32703018188477
142.708984375 125.40169525146484 174.15216636657715 125.40169525146484 174.15216636657715 148.81685256958008 142.708984375 148.81685256958008
143.3243408203125 125.74593353271484 174.1979637145996 125.74593353271484 174.1979637145996 148.7369499206543 143.3243408203125 148.7369499206543
143.1527862548828 125.83113098144531 173.86851119995117 125.83113098144531 173.86851119995117 148.70456504821777 143.1527862548828 148.70456504821777
140.52542114257812 123.88093566894531 171.16924476623535 123.88093566894531 171.16924476623535 146.70082664489746 140.52542114257812 146.70082664489746
141.21847534179688 123.3989486694336 171.6089744567871 123.3989486694336 171.6089744567871 146.03019523620605 141.21847534179688 146.03019523620605
140.61392211914062 123.6739273071289 170.64093589782715 123.6739273071289 170.64093589782715 146.03449249267578 140.61392211914062 146.03449249267578
139.7548065185547 122.56253814697266 170.1094627380371 122.56253814697266 170.1094627380371 145.16709327697754 139.7548065185547 145.16709327697754
137.5523681640625 119.94486236572266 168.11822509765625 119.94486236572266 168.11822509765625 142.706693649292 137.5523681640625 142.706693649292
137.09466552734375 120.34024810791016 167.5825653076172 120.34024810791016 167.5825653076172 143.04402542114258 137.09466552734375 143.04402542114258
135.81988525390625 118.61312103271484 166.12351608276367 118.61312103271484 166.12351608276367 141.1796760559082 135.81988525390625 141.1796760559082
136.73533630371094 118.95406341552734 166.52487182617188 118.95406341552734 166.52487182617188 141.1377830505371 136.73533630371094 141.1377830505371
134.5950469970703 117.24275207519531 164.64064598083496 117.24275207519531 164.64064598083496 139.61715698242188 134.5950469970703 139.61715698242188
135.31967163085938 117.23248291015625 165.0406436920166 117.23248291015625 165.0406436920166 139.36514472961426 135.31967163085938 139.36514472961426
132.7887725830078 115.92433166503906 162.36890602111816 115.92433166503906 162.36890602111816 137.95211219787598 132.7887725830078 137.95211219787598
133.0383758544922 116.0526123046875 162.26825332641602 116.0526123046875 162.26825332641602 137.8195629119873 133.0383758544922 137.8195629119873
131.39193725585938 115.52174377441406 160.53818702697754 115.52174377441406 160.53818702697754 137.2264175415039 131.39193725585938 137.2264175415039
131.62501525878906 115.07115173339844 161.01611709594727 115.07115173339844 161.01611709594727 136.95816230773926 131.62501525878906 136.95816230773926
129.89479064941406 113.9116439819336 159.2325553894043 113.9116439819336 159.2325553894043 135.75893783569336 129.89479064941406 135.75893783569336
129.7784423828125 113.645751953125 158.86310386657715 113.645751953125 158.86310386657715 135.30456352233887 129.7784423828125 135.30456352233887
128.32638549804688 112.19050598144531 157.96244430541992 112.19050598144531 157.96244430541992 134.2599334716797 128.32638549804688 134.2599334716797
128.49452209472656 111.8038101196289 157.61785507202148 111.8038101196289 157.61785507202148 133.4914207458496 128.49452209472656 133.4914207458496
126.53558349609375 111.50518798828125 155.63556480407715 111.50518798828125 155.63556480407715 133.17540740966797 126.53558349609375 133.17540740966797
126.7855224609375 110.74056243896484 155.5102596282959 110.74056243896484 155.5102596282959 132.13134574890137 126.7855224609375 132.13134574890137
125.67353820800781 110.33760070800781 154.04646682739258 110.33760070800781 154.04646682739258 131.4663963317871 125.67353820800781 131.4663963317871
125.18463134765625 110.5929946899414 153.4578037261963 110.5929946899414 153.4578037261963 131.64750289916992 125.18463134765625 131.64750289916992
124.40384674072266 109.00811767578125 152.4307632446289 109.00811767578125 152.4307632446289 129.87924194335938 124.40384674072266 129.87924194335938
124.45133972167969 109.37939453125 152.04159927368164 109.37939453125 152.04159927368164 129.92534828186035 124.45133972167969 129.92534828186035
123.8204574584961 108.76920318603516 151.0700569152832 108.76920318603516 151.0700569152832 129.06147384643555 123.8204574584961 129.06147384643555
124.4598159790039 108.70445251464844 151.0714282989502 108.70445251464844 151.0714282989502 128.52162551879883 124.4598159790039 128.52162551879883
122.3329849243164 107.57270812988281 149.10888481140137 107.57270812988281 149.10888481140137 127.5122241973877 122.3329849243164 127.5122241973877
122.3265609741211 107.68031311035156 149.20392990112305 107.68031311035156 149.20392990112305 127.69538879394531 122.3265609741211 127.69538879394531
121.24073791503906 106.11720275878906 147.86784744262695 106.11720275878906 147.86784744262695 125.94591522216797 121.24073791503906 125.94591522216797
121.1998291015625 105.9382553100586 148.02213668823242 105.9382553100586 148.02213668823242 125.91232872009277 121.1998291015625 125.91232872009277
118.90352630615234 105.043701171875 145.94673919677734 105.043701171875 145.94673919677734 125.18227767944336 118.90352630615234 125.18227767944336
119.3474349975586 105.38238525390625 146.40368461608887 105.38238525390625 146.40368461608887 125.53067016601562 119.3474349975586 125.53067016601562
117.61392974853516 103.31529235839844 144.75695991516113 103.31529235839844 144.75695991516113 123.52820205688477 117.61392974853516 123.52820205688477
117.69627380371094 103.79007720947266 144.33626174926758 103.79007720947266 144.33626174926758 123.62837982177734 117.69627380371094 123.62837982177734
118.09896087646484 103.88749694824219 144.76893424987793 103.88749694824219 144.76893424987793 123.74812698364258 118.09896087646484 123.74812698364258
117.21484375 102.66123962402344 143.64923477172852 102.66123962402344 143.64923477172852 122.346435546875 117.21484375 122.346435546875
117.4311294555664 102.37357330322266 144.15979194641113 102.37357330322266 144.15979194641113 122.27790832519531 117.4311294555664 122.27790832519531
116.2052001953125 101.54639434814453 142.6810359954834 101.54639434814453 142.6810359954834 121.26245307922363 116.2052001953125 121.26245307922363
113.65167236328125 100.34598541259766 140.09604454040527 100.34598541259766 140.09604454040527 120.03861427307129 113.65167236328125 120.03861427307129
114.37271881103516 100.0699234008789 140.8520622253418 100.0699234008789 140.8520622253418 119.7885971069336 114.37271881103516 119.7885971069336
113.32414245605469 99.47028350830078 139.51934242248535 99.47028350830078 139.51934242248535 118.97736167907715 113.32414245605469 118.97736167907715
113.38441467285156 99.75486755371094 139.0386199951172 99.75486755371094 139.0386199951172 118.85907363891602 113.38441467285156 118.85907363891602
112.76396179199219 98.38392639160156 138.3452033996582 98.38392639160156 138.3452033996582 117.43379592895508 112.76396179199219 117.43379592895508
112.40384674072266 98.32527160644531 138.25186920166016 98.32527160644531 138.25186920166016 117.57381057739258 112.40384674072266 117.57381057739258
113.0408706665039 98.16284942626953 138.93321990966797 98.16284942626953 138.93321990966797 117.44439697265625 113.0408706665039 117.44439697265625
110.91569519042969 96.53091430664062 136.81010055541992 96.53091430664062 136.81010055541992 115.81399154663086 110.91569519042969 115.81399154663086
110.754150390625 96.65623474121094 136.0313320159912 96.65623474121094 136.0313320159912 115.47967720031738 110.754150390625 115.47967720031738
109.94377136230469 96.2634048461914 134.84734916687012 96.2634048461914 134.84734916687012 114.80863189697266 109.94377136230469 114.80863189697266
109.55204772949219 95.969482421875 134.4306755065918 95.969482421875 134.4306755065918 114.49612808227539 109.55204772949219 114.49612808227539
108.89485168457031 95.25862121582031 133.59080696105957 95.25862121582031 133.59080696105957 113.64923477172852 108.89485168457031 113.64923477172852
108.9224624633789 95.3358154296875 133.46592330932617 95.3358154296875 133.46592330932617 113.61286735534668 108.9224624633789 113.61286735534668
107.2678451538086 94.00559997558594 132.3502082824707 94.00559997558594 132.3502082824707 112.68396377563477 107.2678451538086 112.68396377563477
107.3624496459961 94.40385437011719 132.00320053100586 94.40385437011719 132.00320053100586 112.75336074829102 107.3624496459961 112.75336074829102
106.67364501953125 93.44307708740234 131.25780296325684 93.44307708740234 131.25780296325684 111.75044059753418 106.67364501953125 111.75044059753418
107.13536071777344 93.37064361572266 131.3342456817627 93.37064361572266 131.3342456817627 111.3911018371582 107.13536071777344 111.3911018371582
106.03094482421875 92.67820739746094 130.0223388671875 92.67820739746094 130.0223388671875 110.54415321350098 106.03094482421875 110.54415321350098
105.48558044433594 92.7051773071289 129.39335250854492 92.7051773071289 129.39335250854492 110.50885200500488 105.48558044433594 110.50885200500488
104.9461898803711 91.13580322265625 129.06587028503418 91.13580322265625 129.06587028503418 109.09728240966797 104.9461898803711 109.09728240966797
104.9805908203125 91.3464126586914 129.10617065429688 91.3464126586914 129.10617065429688 109.31228446960449 104.9805908203125 109.31228446960449
103.70711517333984 90.61585998535156 127.70735359191895 90.61585998535156 127.70735359191895 108.48839378356934 103.70711517333984 108.48839378356934
103.6346435546875 90.30278015136719 127.5001049041748 90.30278015136719 127.5001049041748 108.07494735717773 103.6346435546875 108.07494735717773
103.56437683105469 90.63545227050781 127.64365768432617 90.63545227050781 127.64365768432617 108.56684684753418 103.56437683105469 108.56684684753418
102.409423828125 89.06884765625 126.85602951049805 89.06884765625 126.85602951049805 107.2737808227539 102.409423828125 107.2737808227539
102.27434539794922 89.30366516113281 126.57089614868164 89.30366516113281 126.57089614868164 107.39685440063477 102.27434539794922 107.39685440063477
101.58137512207031 88.26531219482422 125.85396194458008 88.26531219482422 125.85396194458008 106.34065628051758 101.58137512207031 106.34065628051758
101.4599609375 87.42850494384766 125.6208553314209 87.42850494384766 125.6208553314209 105.42067527770996 101.4599609375 105.42067527770996
101.273681640625 87.48536682128906 125.4356575012207 87.48536682128906 125.4356575012207 105.47834205627441 101.273681640625 105.47834205627441
99.44212341308594 86.83149719238281 123.55929565429688 86.83149719238281 123.55929565429688 104.79110717773438 99.44212341308594 104.79110717773438
99.74187469482422 87.07173919677734 123.78653144836426 87.07173919677734 123.78653144836426 104.97734832763672 99.74187469482422 104.97734832763672
98.76180267333984 85.31243896484375 123.00981903076172 85.31243896484375 123.00981903076172 103.36948776245117 98.76180267333984 103.36948776245117
98.69278717041016 85.41131591796875 123.05345916748047 85.41131591796875 123.05345916748047 103.5522575378418 98.69278717041016 103.5522575378418
99.00202178955078 86.00460052490234 122.82453155517578 86.00460052490234 122.82453155517578 103.74478149414062 99.00202178955078 103.74478149414062
98.28938293457031 85.63368225097656 121.75191307067871 85.63368225097656 121.75191307067871 103.10579299926758 98.28938293457031 103.10579299926758
98.2269287109375 85.67259979248047 121.17805099487305 85.67259979248047 121.17805099487305 102.76387405395508 98.2269287109375 102.76387405395508
96.86333465576172 84.35273742675781 119.81012535095215 84.35273742675781 119.81012535095215 101.44078636169434 96.86333465576172 101.44078636169434
96.3405990600586 82.99811553955078 119.14733695983887 82.99811553955078 119.14733695983887 99.98187065124512 96.3405990600586 99.98187065124512
96.3668441772461 83.08740234375 119.03852653503418 83.08740234375 119.03852653503418 99.97058486938477 96.3668441772461 99.97058486938477
96.09818267822266 82.86796569824219 118.71605491638184 82.86796569824219 118.71605491638184 99.71107864379883 96.09818267822266 99.71107864379883
95.40592956542969 82.19767761230469 117.9678897857666 82.19767761230469 117.9678897857666 98.99915504455566 95.40592956542969 98.99915504455566
94.9474105834961 82.37126922607422 117.56770706176758 82.37126922607422 117.56770706176758 99.21619033813477 94.9474105834961 99.21619033813477
