175.0 65.0 188.0 65.0 188.0 89.0 175.0 89.0
177.50753784179688 65.09183502197266 190.51527404785156 65.09183502197266 190.51527404785156 89.10611724853516 177.50753784179688 89.10611724853516
177.2061309814453 65.33503723144531 190.45040130615234 65.33503723144531 190.45040130615234 89.7859992980957 177.2061309814453 89.7859992980957
179.5685577392578 64.45201110839844 192.97553539276123 64.45201110839844 192.97553539276123 89.20335578918457 179.5685577392578 89.20335578918457
180.65841674804688 63.83056640625 194.23712348937988 63.83056640625 194.23712348937988 88.8989486694336 180.65841674804688 88.8989486694336
180.67710876464844 64.30058288574219 194.32172203063965 64.30058288574219 194.32172203063965 89.49063682556152 180.67710876464844 89.49063682556152
182.00282287597656 63.307647705078125 195.51253032684326 63.307647705078125 195.51253032684326 88.2486457824707 182.00282287597656 88.2486457824707
182.3594207763672 62.2373046875 195.88712882995605 62.2373046875 195.88712882995605 87.2115364074707 182.3594207763672 87.2115364074707
181.98870849609375 62.75313186645508 195.5355625152588 62.75313186645508 195.5355625152588 87.76271057128906 181.98870849609375 87.76271057128906
183.69415283203125 62.86823654174805 197.27649688720703 62.86823654174805 197.27649688720703 87.94333457946777 183.69415283203125 87.94333457946777
183.9355926513672 64.0713882446289 197.6609468460083 64.0713882446289 197.6609468460083 89.4105052947998 183.9355926513672 89.4105052947998
185.9115753173828 61.931488037109375 199.75560569763184 61.931488037109375 199.75560569763184 87.48970031738281 185.9115753173828 87.48970031738281
185.75 61.64722442626953 199.44729614257812 61.64722442626953 199.44729614257812 86.93454170227051 185.75 86.93454170227051
187.4483184814453 60.57752227783203 201.0973949432373 60.57752227783203 201.0973949432373 85.77581977844238 187.4483184814453 85.77581977844238
187.1409454345703 60.55261993408203 200.85576152801514 60.55261993408203 200.85576152801514 85.87228393554688 187.1409454345703 85.87228393554688
188.94967651367188 59.567848205566406 202.73447704315186 59.567848205566406 202.73447704315186 85.0167121887207 188.94967651367188 85.0167121887207
188.7779541015625 59.805931091308594 202.6716823577881 59.805931091308594 202.6716823577881 85.45589447021484 188.7779541015625 85.45589447021484
190.40048217773438 58.6674919128418 204.33055877685547 58.6674919128418 204.33055877685547 84.38455963134766 190.40048217773438 84.38455963134766
190.62417602539062 58.0109748840332 204.80596351623535 58.0109748840332 204.80596351623535 84.19274139404297 190.62417602539062 84.19274139404297
190.54861450195312 59.122459411621094 204.60828971862793 59.122459411621094 204.60828971862793 85.07878875732422 190.54861450195312 85.07878875732422
192.21102905273438 58.622955322265625 206.19059944152832 58.622955322265625 206.19059944152832 84.43140029907227 192.21102905273438 84.43140029907227
192.3973388671875 58.43772506713867 206.38049125671387 58.43772506713867 206.38049125671387 84.25278282165527 192.3973388671875 84.25278282165527
193.98324584960938 58.66808319091797 207.8146619796753 58.66808319091797 207.8146619796753 84.20301246643066 193.98324584960938 84.20301246643066
193.96310424804688 58.70017623901367 207.58431243896484 58.70017623901367 207.58431243896484 83.8470287322998 193.96310424804688 83.8470287322998
195.72805786132812 58.671142578125 209.45620441436768 58.671142578125 209.45620441436768 84.01542091369629 195.72805786132812 84.01542091369629
195.7178955078125 58.611236572265625 209.31658744812012 58.611236572265625 209.31658744812012 83.71652030944824 195.7178955078125 83.71652030944824
195.60281372070312 57.79111862182617 209.52946949005127 57.79111862182617 209.52946949005127 83.50187301635742 195.60281372070312 83.50187301635742
197.45010375976562 57.55553436279297 211.38619995117188 57.55553436279297 211.38619995117188 83.28371810913086 197.45010375976562 83.28371810913086
197.25582885742188 57.24552536010742 211.20659828186035 57.24552536010742 211.20659828186035 83.00079536437988 197.25582885742188 83.00079536437988
197.8084716796875 56.38948440551758 211.9595890045166 56.38948440551758 211.9595890045166 82.5146255493164 197.8084716796875 82.5146255493164
197.7963409423828 55.729637145996094 212.01112937927246 55.729637145996094 212.01112937927246 81.97232246398926 197.7963409423828 81.97232246398926
199.16433715820312 56.74858856201172 213.3953857421875 56.74858856201172 213.3953857421875 83.02128982543945 199.16433715820312 83.02128982543945
199.08949279785156 56.593414306640625 213.42691326141357 56.593414306640625 213.42691326141357 83.0624942779541 199.08949279785156 83.0624942779541
199.0494842529297 56.31163787841797 213.40593719482422 56.31163787841797 213.40593719482422 82.81585884094238 199.0494842529297 82.81585884094238
200.33233642578125 55.70005416870117 214.73829460144043 55.70005416870117 214.73829460144043 82.2956714630127 200.33233642578125 82.2956714630127
200.43484497070312 55.62537384033203 214.54050636291504 55.62537384033203 214.54050636291504 81.66659736633301 200.43484497070312 81.66659736633301
201.95046997070312 54.64959716796875 215.84606170654297 54.64959716796875 215.84606170654297 80.30299758911133 201.95046997070312 80.30299758911133
201.3496856689453 55.55269241333008 215.0954532623291 55.55269241333008 215.0954532623291 80.92949485778809 201.3496856689453 80.92949485778809
201.79336547851562 54.99616241455078 215.50847148895264 54.99616241455078 215.50847148895264 80.31635856628418 201.79336547851562 80.31635856628418
203.2682342529297 55.33807373046875 217.1205244064331 55.33807373046875 217.1205244064331 80.91153335571289 203.2682342529297 80.91153335571289
203.4854278564453 55.8702507019043 217.26965522766113 55.8702507019043 217.26965522766113 81.31805419921875 203.4854278564453 81.31805419921875
204.800048828125 54.39130401611328 218.57958030700684 54.39130401611328 218.57958030700684 79.83043670654297 204.800048828125 79.83043670654297
204.70199584960938 54.48895263671875 218.44676971435547 54.48895263671875 218.44676971435547 79.86391639709473 204.70199584960938 79.86391639709473
206.2564239501953 54.992584228515625 220.0624647140503 54.992584228515625 220.0624647140503 80.48065567016602 206.2564239501953 80.48065567016602
206.3106231689453 54.37117385864258 219.9211301803589 54.37117385864258 219.9211301803589 79.49826240539551 206.3106231689453 79.49826240539551
206.42367553710938 54.08589553833008 219.99708366394043 54.08589553833008 219.99708366394043 79.14449310302734 206.42367553710938 79.14449310302734
207.5409393310547 53.827354431152344 221.05799865722656 53.827354431152344 221.05799865722656 78.78192329406738 207.5409393310547 78.78192329406738
207.47439575195312 54.5136604309082 221.01127433776855 54.5136604309082 221.01127433776855 79.50481796264648 207.47439575195312 79.50481796264648
208.88717651367188 53.309715270996094 222.21179485321045 53.309715270996094 222.21179485321045 77.90900802612305 208.88717651367188 77.90900802612305
208.90634155273438 52.51032638549805 222.24929523468018 52.51032638549805 222.24929523468018 77.14347076416016 208.90634155273438 77.14347076416016
210.2720489501953 52.380455017089844 223.71300983428955 52.380455017089844 223.71300983428955 77.19453620910645 210.2720489501953 77.19453620910645
210.54409790039062 52.749717712402344 224.06647300720215 52.749717712402344 224.06647300720215 77.7140998840332 210.54409790039062 77.7140998840332
211.23486328125 51.475799560546875 224.7986545562744 51.475799560546875 224.7986545562744 76.51664161682129 211.23486328125 76.51664161682129
211.58438110351562 51.601600646972656 225.01573753356934 51.601600646972656 225.01573753356934 76.39795112609863 211.58438110351562 76.39795112609863
211.6986846923828 51.455169677734375 225.42559814453125 51.455169677734375 225.42559814453125 76.79716300964355 211.6986846923828 76.79716300964355
211.99356079101562 51.41254806518555 225.66338634490967 51.41254806518555 225.66338634490967 76.6491470336914 211.99356079101562 76.6491470336914
211.8523406982422 51.51493453979492 225.3670835494995 51.51493453979492 225.3670835494995 76.46522903442383 211.8523406982422 76.46522903442383
213.50747680664062 51.376487731933594 226.8828525543213 51.376487731933594 226.8828525543213 76.06949043273926 213.50747680664062 76.06949043273926
213.35165405273438 51.338714599609375 226.74366760253906 51.338714599609375 226.74366760253906 76.06243324279785 213.35165405273438 76.06243324279785
213.3983917236328 51.41080856323242 226.811616897583 51.41080856323242 226.811616897583 76.17368698120117 213.3983917236328 76.17368698120117
214.0250244140625 51.48247528076172 227.46035289764404 51.48247528076172 227.46035289764404 76.28615951538086 214.0250244140625 76.28615951538086
213.977294921875 51.01315689086914 227.41647911071777 51.01315689086914 227.41647911071777 75.82395935058594 213.977294921875 75.82395935058594
214.98861694335938 50.47981643676758 228.4808349609375 50.47981643676758 228.4808349609375 75.3885269165039 214.98861694335938 75.3885269165039
214.8287353515625 50.43193435668945 228.4343137741089 50.43193435668945 228.4343137741089 75.5499267578125 214.8287353515625 75.5499267578125
216.0502471923828 50.18442153930664 229.43327617645264 50.18442153930664 229.43327617645264 74.89155387878418 216.0502471923828 74.89155387878418
215.99288940429688 50.1275520324707 229.40691566467285 50.1275520324707 229.40691566467285 74.89190864562988 215.99288940429688 74.89190864562988
217.17764282226562 49.753517150878906 230.3743486404419 49.753517150878906 230.3743486404419 74.11666488647461 217.17764282226562 74.11666488647461
217.02340698242188 49.380775451660156 230.37339210510254 49.380775451660156 230.37339210510254 74.02690124511719 217.02340698242188 74.02690124511719
217.0594024658203 49.59284210205078 230.13921356201172 49.59284210205078 230.13921356201172 73.74018478393555 217.0594024658203 73.74018478393555
217.8912353515625 49.79485321044922 230.8146209716797 49.79485321044922 230.8146209716797 73.65341186523438 217.8912353515625 73.65341186523438
218.09805297851562 50.800453186035156 230.6048936843872 50.800453186035156 230.6048936843872 73.89000701904297 218.09805297851562 73.89000701904297
219.6490936279297 49.74256134033203 232.3750286102295 49.74256134033203 232.3750286102295 73.2365951538086 219.6490936279297 73.2365951538086
219.7340087890625 50.067039489746094 232.49095821380615 50.067039489746094 232.49095821380615 73.61833190917969 219.7340087890625 73.61833190917969
220.8701171875 50.091453552246094 233.4571180343628 50.091453552246094 233.4571180343628 73.32899475097656 220.8701171875 73.32899475097656
220.997802734375 50.037750244140625 233.50006294250488 50.037750244140625 233.50006294250488 73.11884880065918 220.997802734375 73.11884880065918
221.68185424804688 49.557830810546875 234.19435119628906 49.557830810546875 234.19435119628906 72.65782737731934 221.68185424804688 72.65782737731934
221.7154083251953 49.32286834716797 234.2647123336792 49.32286834716797 234.2647123336792 72.49081802368164 221.7154083251953 72.49081802368164
221.42691040039062 48.91572952270508 234.09995079040527 48.91572952270508 234.09995079040527 72.31211471557617 221.42691040039062 72.31211471557617
222.72265625 47.76642608642578 235.42213249206543 47.76642608642578 235.42213249206543 71.21161651611328 222.72265625 71.21161651611328
222.62539672851562 48.632259368896484 235.21948051452637 48.632259368896484 235.21948051452637 71.88288116455078 222.62539672851562 71.88288116455078
223.0457763671875 48.508338928222656 235.68579578399658 48.508338928222656 235.68579578399658 71.84376335144043 223.0457763671875 71.84376335144043
223.0966796875 48.25221252441406 235.70258140563965 48.25221252441406 235.70258140563965 71.5246524810791 223.0966796875 71.5246524810791
222.9757537841797 47.85576248168945 235.73163032531738 47.85576248168945 235.73163032531738 71.40507888793945 222.9757537841797 71.40507888793945
224.18612670898438 46.642295837402344 237.17105102539062 46.642295837402344 237.17105102539062 70.61446952819824 224.18612670898438 70.61446952819824
224.17434692382812 47.22486877441406 237.18166160583496 47.22486877441406 237.18166160583496 71.23837661743164 224.17434692382812 71.23837661743164
224.8562469482422 47.06076431274414 237.68407726287842 47.06076431274414 237.68407726287842 70.74291801452637 224.8562469482422 70.74291801452637
224.6482696533203 46.87232208251953 237.6957302093506 46.87232208251953 237.6957302093506 70.95994758605957 224.6482696533203 70.95994758605957
225.3216094970703 46.35622024536133 238.3385772705078 46.35622024536133 238.3385772705078 70.3875503540039 225.3216094970703 70.3875503540039
225.38784790039062 46.34095764160156 238.59989166259766 46.34095764160156 238.59989166259766 70.7324275970459 225.38784790039062 70.7324275970459
226.5947265625 45.8693733215332 239.9162473678589 45.8693733215332 239.9162473678589 70.46295356750488 226.5947265625 70.46295356750488
225.9300994873047 46.07395935058594 239.36265563964844 46.07395935058594 239.36265563964844 70.87252807617188 225.9300994873047 70.87252807617188
225.86376953125 45.78530502319336 239.49643898010254 45.78530502319336 239.49643898010254 70.95331382751465 225.86376953125 70.95331382751465
226.7798614501953 45.569374084472656 240.18586921691895 45.569374084472656 240.18586921691895 70.31892967224121 226.7798614501953 70.31892967224121
226.5889892578125 45.39799499511719 239.78381061553955 45.39799499511719 239.78381061553955 69.7576675415039 226.5889892578125 69.7576675415039
227.24862670898438 45.91838836669922 240.23692798614502 45.91838836669922 240.23692798614502 69.89679336547852 227.24862670898438 69.89679336547852
227.5945281982422 46.20671081542969 240.46560955047607 46.20671081542969 240.46560955047607 69.96871185302734 227.5945281982422 69.96871185302734
228.65982055664062 46.14725875854492 241.2675905227661 46.14725875854492 241.2675905227661 69.42314529418945 228.65982055664062 69.42314529418945
228.8015594482422 46.06458282470703 241.34143733978271 46.06458282470703 241.34143733978271 69.21513175964355 228.8015594482422 69.21513175964355
229.11459350585938 46.25278854370117 241.59801578521729 46.25278854370117 241.59801578521729 69.29911231994629 229.11459350585938 69.29911231994629
229.86172485351562 45.12127685546875 242.3886604309082 45.12127685546875 242.3886604309082 68.24793243408203 229.86172485351562 68.24793243408203
229.7433319091797 45.1031608581543 242.49633979797363 45.1031608581543 242.49633979797363 68.64717864990234 229.7433319091797 68.64717864990234
230.90237426757812 43.95176315307617 243.64017295837402 43.95176315307617 243.64017295837402 67.46770477294922 230.90237426757812 67.46770477294922
231.05056762695312 44.36792755126953 243.74153900146484 44.36792755126953 243.74153900146484 67.79741859436035 231.05056762695312 67.79741859436035
231.86380004882812 44.105369567871094 244.34395599365234 44.105369567871094 244.34395599365234 67.14566421508789 231.86380004882812 67.14566421508789
231.81088256835938 43.996726989746094 244.30958557128906 43.996726989746094 244.30958557128906 67.07126045227051 231.81088256835938 67.07126045227051
231.7078094482422 44.613136291503906 244.19270133972168 44.613136291503906 244.19270133972168 67.66217231750488 231.7078094482422 67.66217231750488
231.40359497070312 44.34465026855469 243.99846267700195 44.34465026855469 243.99846267700195 67.59671783447266 231.40359497070312 67.59671783447266
231.2782745361328 44.280540466308594 243.84388160705566 44.280540466308594 243.84388160705566 67.47858810424805 231.2782745361328 67.47858810424805
232.97756958007812 43.519004821777344 245.29151153564453 43.519004821777344 245.29151153564453 66.25243949890137 232.97756958007812 66.25243949890137
232.946533203125 43.93130111694336 245.20931339263916 43.93130111694336 245.20931339263916 66.57028388977051 232.946533203125 66.57028388977051
233.06674194335938 43.55020523071289 245.26491451263428 43.55020523071289 245.26491451263428 66.06991386413574 233.06674194335938 66.06991386413574
232.7675323486328 44.019039154052734 244.6552505493164 44.019039154052734 244.6552505493164 65.96560287475586 232.7675323486328 65.96560287475586
233.0579833984375 43.88783645629883 244.77257537841797 43.88783645629883 244.77257537841797 65.5147819519043 233.0579833984375 65.5147819519043
234.1069793701172 44.012107849121094 245.74697494506836 44.012107849121094 245.74697494506836 65.5013370513916 234.1069793701172 65.5013370513916
234.14907836914062 44.04116439819336 245.78849601745605 44.04116439819336 245.78849601745605 65.52932739257812 234.14907836914062 65.52932739257812
234.7052459716797 43.62932586669922 246.1747989654541 43.62932586669922 246.1747989654541 64.80389213562012 234.7052459716797 64.80389213562012
234.71658325195312 43.4884033203125 245.9447259902954 43.4884033203125 245.9447259902954 64.21728897094727 234.71658325195312 64.21728897094727
235.5389862060547 43.3145637512207 246.80359363555908 43.3145637512207 246.80359363555908 64.11076927185059 235.5389862060547 64.11076927185059
235.30001831054688 43.32823944091797 246.54239463806152 43.32823944091797 246.54239463806152 64.08340072631836 235.30001831054688 64.08340072631836
237.0011749267578 43.45232391357422 248.26546096801758 43.45232391357422 248.26546096801758 64.24793434143066 237.0011749267578 64.24793434143066
236.96487426757812 43.14118957519531 248.32636547088623 43.14118957519531 248.32636547088623 64.11625289916992 236.96487426757812 64.11625289916992
237.12191772460938 43.85243606567383 248.3115644454956 43.85243606567383 248.3115644454956 64.51024627685547 237.12191772460938 64.51024627685547
237.75967407226562 43.90048599243164 248.82165336608887 43.90048599243164 248.82165336608887 64.32260131835938 237.75967407226562 64.32260131835938
237.7873077392578 43.66720199584961 248.77966785430908 43.66720199584961 248.77966785430908 63.96078872680664 237.7873077392578 63.96078872680664
239.1052703857422 42.95410919189453 250.023118019104 42.95410919189453 250.023118019104 63.11013412475586 239.1052703857422 63.11013412475586
239.01828002929688 43.606117248535156 249.7256898880005 43.606117248535156 249.7256898880005 63.37364196777344 239.01828002929688 63.37364196777344
239.14755249023438 41.683067321777344 249.97165489196777 41.683067321777344 249.97165489196777 61.666025161743164 239.14755249023438 61.666025161743164
239.1815948486328 41.6801872253418 250.10635948181152 41.6801872253418 250.10635948181152 61.84898376464844 239.1815948486328 61.84898376464844
239.2417449951172 41.83311080932617 250.12858772277832 41.83311080932617 250.12858772277832 61.93189811706543 239.2417449951172 61.93189811706543
240.24227905273438 40.83794021606445 251.2034330368042 40.83794021606445 251.2034330368042 61.073917388916016 240.24227905273438 61.073917388916016
240.23245239257812 41.29779815673828 251.1589069366455 41.29779815673828 251.1589069366455 61.4697151184082 240.23245239257812 61.4697151184082
240.4662322998047 41.382511138916016 251.28517818450928 41.382511138916016 251.28517818450928 61.3559513092041 240.4662322998047 61.3559513092041
240.80648803710938 40.95463180541992 251.5417423248291 40.95463180541992 251.5417423248291 60.7735652923584 240.80648803710938 60.7735652923584
241.0500030517578 40.8162956237793 251.8720998764038 40.8162956237793 251.8720998764038 60.795555114746094 241.0500030517578 60.795555114746094
241.2657928466797 41.08315658569336 252.08262157440186 41.08315658569336 252.08262157440186 61.052690505981445 241.2657928466797 61.052690505981445
241.156494140625 40.64435958862305 251.90494537353516 40.64435958862305 251.90494537353516 60.4876594543457 241.156494140625 60.4876594543457
241.6628875732422 40.81505584716797 252.32060146331787 40.81505584716797 252.32060146331787 60.490840911865234 241.6628875732422 60.490840911865234
241.90567016601562 40.936279296875 252.53559970855713 40.936279296875 252.53559970855713 60.56077003479004 241.90567016601562 60.56077003479004
242.3739471435547 40.60460662841797 252.87023735046387 40.60460662841797 252.87023735046387 59.982378005981445 242.3739471435547 59.982378005981445
242.41757202148438 40.16575622558594 253.14087581634521 40.16575622558594 253.14087581634521 59.962629318237305 242.41757202148438 59.962629318237305
243.29678344726562 40.17266082763672 253.953875541687 40.17266082763672 253.953875541687 59.84729766845703 243.29678344726562 59.84729766845703
243.40127563476562 40.256866455078125 253.95252990722656 40.256866455078125 253.95252990722656 59.73611068725586 243.40127563476562 59.73611068725586
243.25259399414062 40.37470245361328 253.75191688537598 40.37470245361328 253.75191688537598 59.75807189941406 243.25259399414062 59.75807189941406
244.25967407226562 40.536216735839844 254.67553520202637 40.536216735839844 254.67553520202637 59.7655029296875 244.25967407226562 59.7655029296875
244.26193237304688 40.512474060058594 254.67720985412598 40.512474060058594 254.67720985412598 59.74068069458008 244.26193237304688 59.74068069458008
244.44412231445312 40.03577423095703 254.7477855682373 40.03577423095703 254.7477855682373 59.05792236328125 244.44412231445312 59.05792236328125
244.3435821533203 40.15050506591797 254.64766693115234 40.15050506591797 254.64766693115234 59.173431396484375 244.3435821533203 59.173431396484375
245.8172149658203 40.55084991455078 256.13680362701416 40.55084991455078 256.13680362701416 59.60239791870117 245.8172149658203 59.60239791870117
245.70803833007812 40.36438751220703 255.97447776794434 40.36438751220703 255.97447776794434 59.317813873291016 245.70803833007812 59.317813873291016
245.82223510742188 40.437644958496094 256.1291904449463 40.437644958496094 256.1291904449463 59.46586799621582 245.82223510742188 59.46586799621582
246.99923706054688 40.652610778808594 257.08916664123535 40.652610778808594 257.08916664123535 59.16509246826172 246.99923706054688 59.16509246826172
246.9063262939453 40.17625045776367 257.1126766204834 40.17625045776367 257.1126766204834 58.85112762451172 246.9063262939453 58.85112762451172
247.80654907226562 39.47705078125 258.09913063049316 39.47705078125 258.09913063049316 58.2690544128418 247.80654907226562 58.2690544128418
247.8329620361328 39.526405334472656 258.01573944091797 39.526405334472656 258.01573944091797 58.108436584472656 247.8329620361328 58.108436584472656
248.56503295898438 39.02009201049805 258.7079486846924 39.02009201049805 258.7079486846924 57.50701332092285 248.56503295898438 57.50701332092285
248.68826293945312 38.77051544189453 258.92212867736816 38.77051544189453 258.92212867736816 57.3626708984375 248.68826293945312 57.3626708984375
248.70166015625 38.41961669921875 258.92853355407715 38.41961669921875 258.92853355407715 56.9069766998291 248.70166015625 56.9069766998291
249.01669311523438 38.83974838256836 259.20497703552246 38.83974838256836 259.20497703552246 57.16330528259277 249.01669311523438 57.16330528259277
248.9740753173828 39.07607650756836 259.11283016204834 39.07607650756836 259.11283016204834 57.13261604309082 248.9740753173828 57.13261604309082
249.61050415039062 38.1616325378418 259.7366075515747 38.1616325378418 259.7366075515747 56.195640563964844 249.61050415039062 56.195640563964844
249.6919708251953 38.735801696777344 259.7328414916992 38.735801696777344 259.7328414916992 56.44595146179199 249.6919708251953 56.44595146179199
249.69064331054688 39.01763153076172 259.76259326934814 39.01763153076172 259.76259326934814 56.55995559692383 249.69064331054688 56.55995559692383
250.24649047851562 38.136383056640625 260.49492168426514 38.136383056640625 260.49492168426514 55.951866149902344 250.24649047851562 55.951866149902344
250.1405792236328 38.237918853759766 260.36972427368164 38.237918853759766 260.36972427368164 56.019874572753906 250.1405792236328 56.019874572753906
250.1128692626953 38.82452392578125 260.1625394821167 38.82452392578125 260.1625394821167 56.16017532348633 250.1128692626953 56.16017532348633
250.0330810546875 38.76575469970703 260.1225118637085 38.76575469970703 260.1225118637085 56.084978103637695 250.0330810546875 56.084978103637695
249.89804077148438 38.69257736206055 259.94881439208984 38.69257736206055 259.94881439208984 55.897369384765625 249.89804077148438 55.897369384765625
250.70626831054688 38.05992889404297 260.7393808364868 38.05992889404297 260.7393808364868 55.021705627441406 250.70626831054688 55.021705627441406
250.4869384765625 38.405540466308594 260.5270004272461 38.405540466308594 260.5270004272461 55.33929634094238 250.4869384765625 55.33929634094238
251.4918975830078 38.500484466552734 261.6120615005493 38.500484466552734 261.6120615005493 55.48889350891113 251.4918975830078 55.48889350891113
251.4962921142578 37.85307312011719 261.7072858810425 37.85307312011719 261.7072858810425 54.87250328063965 251.4962921142578 54.87250328063965
251.38192749023438 37.45343780517578 261.55031394958496 37.45343780517578 261.55031394958496 54.3816032409668 251.38192749023438 54.3816032409668
251.30044555664062 37.616249084472656 261.304479598999 37.616249084472656 261.304479598999 54.05524826049805 251.30044555664062 54.05524826049805
251.5586700439453 37.731380462646484 261.6020030975342 37.731380462646484 261.6020030975342 53.949092864990234 251.5586700439453 53.949092864990234
252.6439971923828 37.84521484375 262.6439971923828 37.84521484375 262.6439971923828 53.625505447387695 252.6439971923828 53.625505447387695
252.67919921875 37.54581069946289 262.80180740356445 37.54581069946289 262.80180740356445 53.48755741119385 252.67919921875 53.48755741119385
252.69277954101562 38.06210708618164 262.7831287384033 38.06210708618164 262.7831287384033 53.913761138916016 252.69277954101562 53.913761138916016
252.9966278076172 38.27337646484375 263.00500297546387 38.27337646484375 263.00500297546387 53.78648376464844 252.9966278076172 53.78648376464844
252.98727416992188 38.066375732421875 263.0089168548584 38.066375732421875 263.0089168548584 53.279218673706055 252.98727416992188 53.279218673706055
253.55191040039062 37.930091857910156 263.59430503845215 37.930091857910156 263.59430503845215 52.91844940185547 253.55191040039062 52.91844940185547
253.13058471679688 37.84623718261719 263.1305847167969 37.84623718261719 263.1305847167969 52.50090026855469 253.13058471679688 52.50090026855469
254.0751953125 37.29800796508789 264.10958671569824 37.29800796508789 264.10958671569824 51.71821212768555 254.0751953125 51.71821212768555
254.0950927734375 37.52736282348633 264.1160430908203 37.52736282348633 264.1160430908203 51.757089614868164 254.0950927734375 51.757089614868164
254.3506317138672 37.56833267211914 264.4138774871826 37.56833267211914 264.4138774871826 51.80191612243652 254.3506317138672 51.80191612243652
254.24209594726562 37.68168258666992 264.2738618850708 37.68168258666992 264.2738618850708 51.728267669677734 254.24209594726562 51.728267669677734
255.06411743164062 37.026939392089844 265.21371936798096 37.026939392089844 265.21371936798096 51.13569355010986 255.06411743164062 51.13569355010986
254.7986602783203 36.81452560424805 265.0719051361084 36.81452560424805 265.0719051361084 51.02212142944336 254.7986602783203 51.02212142944336
254.60037231445312 37.043643951416016 265.0353660583496 37.043643951416016 265.0353660583496 51.47493362426758 254.60037231445312 51.47493362426758
254.7330322265625 37.186397552490234 265.0836372375488 37.186397552490234 265.0836372375488 51.50097846984863 254.7330322265625 51.50097846984863
254.80056762695312 37.16032791137695 265.0673770904541 37.16032791137695 265.0673770904541 51.35902214050293 254.80056762695312 51.35902214050293
255.8037567138672 35.94071960449219 266.3419008255005 35.94071960449219 266.3419008255005 50.51466083526611 255.8037567138672 50.51466083526611
254.7482147216797 36.493892669677734 265.44555854797363 36.493892669677734 265.44555854797363 51.28800106048584 254.7482147216797 51.28800106048584
254.0027313232422 36.066070556640625 264.7495927810669 36.066070556640625 264.7495927810669 50.928659439086914 254.0027313232422 50.928659439086914
254.2675323486328 36.076255798339844 264.8441400527954 36.076255798339844 264.8441400527954 50.703389167785645 254.2675323486328 50.703389167785645
254.56723022460938 36.21636199951172 265.13366317749023 36.21636199951172 265.13366317749023 50.829423904418945 254.56723022460938 50.829423904418945
255.3519744873047 36.12774658203125 265.86112785339355 36.12774658203125 265.86112785339355 50.661593437194824 255.3519744873047 50.661593437194824
255.5454864501953 36.05519485473633 266.0608024597168 36.05519485473633 266.0608024597168 50.59756374359131 255.5454864501953 50.59756374359131
255.7958526611328 36.32206726074219 266.096887588501 36.32206726074219 266.096887588501 50.56809425354004 255.7958526611328 50.56809425354004
255.93612670898438 35.92240905761719 266.27282428741455 35.92240905761719 266.27282428741455 50.18194580078125 255.93612670898438 50.18194580078125
256.7198486328125 35.57633590698242 267.11174488067627 35.57633590698242 267.11174488067627 49.90310478210449 256.7198486328125 49.90310478210449
256.67657470703125 35.165138244628906 267.18220806121826 35.165138244628906 267.18220806121826 49.648709297180176 256.67657470703125 49.648709297180176
256.8090515136719 35.3165283203125 267.2963333129883 35.3165283203125 267.2963333129883 49.774800300598145 256.8090515136719 49.774800300598145
257.3814392089844 33.970680236816406 267.87896823883057 33.970680236816406 267.87896823883057 48.44307994842529 257.3814392089844 48.44307994842529
257.34368896484375 33.79890060424805 268.13182830810547 33.79890060424805 268.13182830810547 48.671950340270996 257.34368896484375 48.671950340270996
257.86993408203125 34.16975402832031 268.73136043548584 34.16975402832031 268.73136043548584 49.14384174346924 257.86993408203125 49.14384174346924
257.4881896972656 33.83043670654297 268.5019054412842 33.83043670654297 268.5019054412842 49.01447772979736 257.4881896972656 49.01447772979736
258.19342041015625 33.322959899902344 269.22911834716797 33.322959899902344 269.22911834716797 48.53730583190918 258.19342041015625 48.53730583190918
258.29144287109375 33.61524200439453 269.2912120819092 33.61524200439453 269.2912120819092 48.78005504608154 258.29144287109375 48.78005504608154
258.1492919921875 33.197296142578125 269.00955390930176 33.197296142578125 269.00955390930176 48.16977882385254 258.1492919921875 48.16977882385254
258.7392883300781 33.57490921020508 269.65573596954346 33.57490921020508 269.65573596954346 48.62485313415527 258.7392883300781 48.62485313415527
258.96246337890625 33.57456588745117 270.07275199890137 33.57456588745117 270.07275199890137 48.89174747467041 258.96246337890625 48.89174747467041
259.3809509277344 33.10836410522461 270.5677013397217 33.10836410522461 270.5677013397217 48.530959129333496 259.3809509277344 48.530959129333496
259.2464294433594 33.009193420410156 270.35601806640625 33.009193420410156 270.35601806640625 48.32541084289551 259.2464294433594 48.32541084289551
259.43353271484375 33.028099060058594 270.5631113052368 33.028099060058594 270.5631113052368 48.37187671661377 259.43353271484375 48.37187671661377
259.3517150878906 33.09539031982422 270.45923614501953 33.09539031982422 270.45923614501953 48.40875720977783 259.3517150878906 48.40875720977783
259.23382568359375 33.185848236083984 270.4090061187744 33.185848236083984 270.4090061187744 48.59249305725098 259.23382568359375 48.59249305725098
259.6443176269531 32.563499450683594 270.8606948852539 32.563499450683594 270.8606948852539 48.026939392089844 259.6443176269531 48.026939392089844
259.56622314453125 32.727622985839844 270.89807415008545 32.727622985839844 270.89807415008545 48.350260734558105 259.56622314453125 48.350260734558105
260.1319274902344 32.509849548339844 271.5346851348877 32.509849548339844 271.5346851348877 48.230241775512695 260.1319274902344 48.230241775512695
259.8284606933594 32.559959411621094 271.24883460998535 32.559959411621094 271.24883460998535 48.30463695526123 259.8284606933594 48.30463695526123
259.9884033203125 32.40655517578125 271.5560817718506 32.40655517578125 271.5560817718506 48.35431480407715 259.9884033203125 48.35431480407715
259.6470947265625 32.414878845214844 270.80901527404785 32.414878845214844 270.80901527404785 47.803239822387695 259.6470947265625 47.803239822387695
260.2663269042969 32.418731689453125 271.2103490829468 32.418731689453125 271.2103490829468 47.50668811798096 260.2663269042969 47.50668811798096
261.00701904296875 32.15992736816406 271.89934062957764 32.15992736816406 271.89934062957764 47.176605224609375 261.00701904296875 47.176605224609375
260.99212646484375 32.164649963378906 271.830228805542 32.164649963378906 271.830228805542 47.10657978057861 260.99212646484375 47.10657978057861
261.4636535644531 31.896509170532227 272.39397716522217 31.896509170532227 272.39397716522217 46.965579986572266 261.4636535644531 46.965579986572266
261.4578857421875 32.063392639160156 272.5182237625122 32.063392639160156 272.5182237625122 47.31170845031738 261.4578857421875 47.31170845031738
261.211181640625 31.84297752380371 272.5062646865845 31.84297752380371 272.5062646865845 47.41492462158203 261.211181640625 47.41492462158203
261.63970947265625 31.466320037841797 272.9497308731079 31.466320037841797 272.9497308731079 47.05886173248291 261.63970947265625 47.05886173248291
261.5070495605469 31.686931610107422 272.7449998855591 31.686931610107422 272.7449998855591 47.18011283874512 261.5070495605469 47.18011283874512
262.6224060058594 30.81538963317871 274.1024179458618 30.81538963317871 274.1024179458618 46.64228820800781 262.6224060058594 46.64228820800781
262.31591796875 30.69917869567871 273.98738384246826 30.69917869567871 273.98738384246826 46.79002571105957 262.31591796875 46.79002571105957
262.66717529296875 30.23993492126465 274.2440519332886 30.23993492126465 274.2440519332886 46.20037651062012 262.66717529296875 46.20037651062012
262.7167053222656 30.380863189697266 274.35297203063965 30.380863189697266 274.35297203063965 46.42318153381348 262.7167053222656 46.42318153381348
263.12322998046875 30.023693084716797 274.83170223236084 30.023693084716797 274.83170223236084 46.165557861328125 263.12322998046875 46.165557861328125
262.89373779296875 29.75518798828125 274.7231855392456 29.75518798828125 274.7231855392456 46.0638370513916 262.89373779296875 46.0638370513916
262.8785400390625 29.528217315673828 275.04566955566406 29.528217315673828 275.04566955566406 46.302412033081055 262.8785400390625 46.302412033081055
262.2680358886719 29.952571868896484 274.386381149292 29.952571868896484 274.386381149292 46.65951156616211 262.2680358886719 46.65951156616211
262.50360107421875 29.63741683959961 274.64294815063477 29.63741683959961 274.64294815063477 46.37331008911133 262.50360107421875 46.37331008911133
263.00177001953125 29.423320770263672 275.16766262054443 29.423320770263672 275.16766262054443 46.1958122253418 263.00177001953125 46.1958122253418
263.09747314453125 29.284154891967773 275.2287082672119 29.284154891967773 275.2287082672119 46.00886535644531 263.09747314453125 46.00886535644531
263.0356140136719 29.334735870361328 275.06860637664795 29.334735870361328 275.06860637664795 45.92400360107422 263.0356140136719 45.92400360107422
263.54425048828125 29.553531646728516 275.6134395599365 29.553531646728516 275.6134395599365 46.19269943237305 263.54425048828125 46.19269943237305
263.58795166015625 29.382038116455078 275.6866407394409 29.382038116455078 275.6866407394409 46.06187438964844 263.58795166015625 46.06187438964844
263.72259521484375 28.89422035217285 275.90618896484375 28.89422035217285 275.90618896484375 45.691110610961914 263.72259521484375 45.691110610961914
263.61126708984375 29.223033905029297 275.85979652404785 29.223033905029297 275.85979652404785 46.10944747924805 263.61126708984375 46.10944747924805
264.15679931640625 28.642627716064453 276.4130802154541 28.642627716064453 276.4130802154541 45.53972625732422 264.15679931640625 45.53972625732422
263.72119140625 28.408496856689453 276.15714836120605 28.408496856689453 276.15714836120605 45.553306579589844 263.72119140625 45.553306579589844
263.90814208984375 28.638973236083984 276.3732500076294 28.638973236083984 276.3732500076294 45.823970794677734 263.90814208984375 45.823970794677734
