288.0 224.0 340.0 224.0 340.0 261.0 288.0 261.0
281.7314453125 219.01486206054688 334.37934494018555 219.01486206054688 334.37934494018555 256.47586822509766 281.7314453125 256.47586822509766
273.2021789550781 212.65658569335938 325.6890869140625 212.65658569335938 325.6890869140625 250.00304412841797 273.2021789550781 250.00304412841797
269.820556640625 209.38916015625 322.48601150512695 209.38916015625 322.48601150512695 246.86266326904297 269.820556640625 246.86266326904297
261.66912841796875 203.67623901367188 314.06561279296875 203.67623901367188 314.06561279296875 240.95835494995117 261.66912841796875 240.95835494995117
258.85345458984375 200.31060791015625 311.0572090148926 200.31060791015625 311.0572090148926 237.4555892944336 258.85345458984375 237.4555892944336
252.75350952148438 194.77584838867188 304.6795463562012 194.77584838867188 304.6795463562012 231.72322845458984 252.75350952148438 231.72322845458984
250.0561981201172 192.30203247070312 300.47937774658203 192.30203247070312 300.47937774658203 228.18007278442383 250.0561981201172 228.18007278442383
242.815185546875 186.5616912841797 292.8667869567871 186.5616912841797 292.8667869567871 222.1753387451172 242.815185546875 222.1753387451172
240.1802215576172 184.7239990234375 290.0436325073242 184.7239990234375 290.0436325073242 220.20374298095703 240.1802215576172 220.20374298095703
233.49392700195312 179.583251953125 282.73424530029297 179.583251953125 282.73424530029297 214.6196403503418 233.49392700195312 214.6196403503418
229.94357299804688 176.98768615722656 278.5077896118164 176.98768615722656 278.5077896118164 211.5430030822754 229.94357299804688 211.5430030822754
224.4058380126953 171.9483642578125 272.8307914733887 171.9483642578125 272.8307914733887 206.40459442138672 224.4058380126953 206.40459442138672
221.9678955078125 169.86965942382812 270.1502571105957 169.86965942382812 270.1502571105957 204.1532745361328 221.9678955078125 204.1532745361328
215.02389526367188 165.10470581054688 262.84578704833984 165.10470581054688 262.84578704833984 199.13183212280273 215.02389526367188 199.13183212280273
211.5787353515625 163.05308532714844 259.47748947143555 163.05308532714844 259.47748947143555 197.13490295410156 211.5787353515625 197.13490295410156
206.0806427001953 157.7689971923828 253.95066833496094 157.7689971923828 253.95066833496094 191.83037185668945 206.0806427001953 191.83037185668945
202.63258361816406 156.24447631835938 249.5274200439453 156.24447631835938 249.5274200439453 189.61196899414062 202.63258361816406 189.61196899414062
201.83090209960938 153.96725463867188 247.94636917114258 153.96725463867188 247.94636917114258 186.78019332885742 201.83090209960938 186.78019332885742
195.8856201171875 150.2126007080078 241.1373062133789 150.2126007080078 241.1373062133789 182.41092681884766 195.8856201171875 182.41092681884766
191.6527557373047 145.6011505126953 236.59302520751953 145.6011505126953 236.59302520751953 177.57789611816406 191.6527557373047 177.57789611816406
189.0647735595703 144.85061645507812 233.27870178222656 144.85061645507812 233.27870178222656 176.3105411529541 189.0647735595703 176.3105411529541
186.6719207763672 142.7029266357422 230.3668441772461 142.7029266357422 230.3668441772461 173.79355812072754 186.6719207763672 173.79355812072754
181.9708251953125 139.6996612548828 224.40860748291016 139.6996612548828 224.40860748291016 169.89578819274902 181.9708251953125 169.89578819274902
179.0867462158203 137.24667358398438 221.05384063720703 137.24667358398438 221.05384063720703 167.10788917541504 179.0867462158203 167.10788917541504
174.9739990234375 133.86746215820312 216.14264297485352 133.86746215820312 216.14264297485352 163.16054725646973 174.9739990234375 163.16054725646973
174.2607421875 132.42282104492188 214.03328704833984 132.42282104492188 214.03328704833984 160.72252464294434 174.2607421875 160.72252464294434
170.1280975341797 129.5240020751953 209.44810485839844 129.5240020751953 209.44810485839844 157.501708984375 170.1280975341797 157.501708984375
168.8782196044922 128.29251098632812 207.35053253173828 128.29251098632812 207.35053253173828 155.66704940795898 168.8782196044922 155.66704940795898
163.56625366210938 125.26191711425781 201.72789764404297 125.26191711425781 201.72789764404297 152.4154052734375 163.56625366210938 152.4154052734375
162.3840789794922 123.71468353271484 200.45753860473633 123.71468353271484 200.45753860473633 150.80542373657227 162.3840789794922 150.80542373657227
158.5169677734375 121.12162780761719 195.63468551635742 121.12162780761719 195.63468551635742 147.53232192993164 158.5169677734375 147.53232192993164
157.6310272216797 118.76371765136719 194.3553352355957 118.76371765136719 194.3553352355957 144.8944854736328 157.6310272216797 144.8944854736328
152.67286682128906 115.6857681274414 189.25690841674805 115.6857681274414 189.25690841674805 141.71673202514648 152.67286682128906 141.71673202514648
152.50845336914062 114.85664367675781 188.09945678710938 114.85664367675781 188.09945678710938 140.18102264404297 152.50845336914062 140.18102264404297
148.4654998779297 112.51606750488281 183.46434783935547 112.51606750488281 183.46434783935547 137.4191074371338 148.4654998779297 137.4191074371338
147.5214385986328 110.6103744506836 182.33109283447266 110.6103744506836 182.33109283447266 135.3787956237793 147.5214385986328 135.3787956237793
144.93783569335938 109.72269439697266 179.42859649658203 109.72269439697266 179.42859649658203 134.26420974731445 144.93783569335938 134.26420974731445
141.19717407226562 107.30696868896484 175.40399169921875 107.30696868896484 175.40399169921875 131.64644813537598 141.19717407226562 131.64644813537598
140.24755859375 106.28611755371094 173.69580841064453 106.28611755371094 173.69580841064453 130.0858497619629 140.24755859375 130.0858497619629
137.38470458984375 103.64383697509766 170.2143783569336 103.64383697509766 170.2143783569336 127.0034294128418 137.38470458984375 127.0034294128418
136.59619140625 102.39680480957031 169.3957633972168 102.39680480957031 169.3957633972168 125.7349796295166 136.59619140625 125.7349796295166
133.0259246826172 100.76185607910156 165.2833595275879 100.76185607910156 165.2833595275879 123.71427726745605 133.0259246826172 123.71427726745605
131.7838592529297 99.4443359375 163.31253623962402 99.4443359375 163.31253623962402 121.87821578979492 131.7838592529297 121.87821578979492
129.3686065673828 96.48356628417969 160.38677597045898 96.48356628417969 160.38677597045898 118.55420303344727 129.3686065673828 118.55420303344727
128.173828125 95.46404266357422 158.6533260345459 95.46404266357422 158.6533260345459 117.15139389038086 128.173828125 117.15139389038086
127.32771301269531 95.43724060058594 157.32937240600586 95.43724060058594 157.32937240600586 116.78459358215332 127.32771301269531 116.78459358215332
124.95123291015625 92.88883209228516 154.63201332092285 92.88883209228516 154.63201332092285 114.00786590576172 124.95123291015625 114.00786590576172
123.12911224365234 91.50994873046875 152.833158493042 91.50994873046875 152.833158493042 112.64553833007812 123.12911224365234 112.64553833007812
120.96803283691406 90.41426849365234 149.89863204956055 90.41426849365234 149.89863204956055 110.9995231628418 120.96803283691406 110.9995231628418
119.02691650390625 88.81780242919922 148.0733127593994 88.81780242919922 148.0733127593994 109.4854507446289 119.02691650390625 109.4854507446289
117.37091064453125 87.22518920898438 146.11572647094727 87.22518920898438 146.11572647094727 107.67825126647949 117.37091064453125 107.67825126647949
116.2763900756836 85.73762512207031 144.21382331848145 85.73762512207031 144.21382331848145 105.61620140075684 116.2763900756836 105.61620140075684
114.39195251464844 84.35491943359375 141.97829818725586 84.35491943359375 141.97829818725586 103.98368453979492 114.39195251464844 103.98368453979492
113.93983459472656 83.47920989990234 141.04473876953125 83.47920989990234 141.04473876953125 102.76540756225586 113.93983459472656 102.76540756225586
111.4625244140625 82.17780303955078 138.62870407104492 82.17780303955078 138.62870407104492 101.50760078430176 111.4625244140625 101.50760078430176
111.0273666381836 80.9763412475586 137.98976516723633 80.9763412475586 137.98976516723633 100.16114234924316 111.0273666381836 100.16114234924316
108.6304931640625 78.94638061523438 135.4223232269287 78.94638061523438 135.4223232269287 98.00981521606445 108.6304931640625 98.00981521606445
107.89692687988281 78.13732147216797 134.49761581420898 78.13732147216797 134.49761581420898 97.06475448608398 107.89692687988281 97.06475448608398
105.69063568115234 76.43312072753906 132.18109512329102 76.43312072753906 132.18109512329102 95.2821216583252 105.69063568115234 95.2821216583252
104.89149475097656 75.4919204711914 130.95233726501465 75.4919204711914 130.95233726501465 94.03523063659668 104.89149475097656 94.03523063659668
103.09757995605469 73.98539733886719 128.96447372436523 73.98539733886719 128.96447372436523 92.39070510864258 103.09757995605469 92.39070510864258
102.16157531738281 73.68907165527344 128.0156307220459 73.68907165527344 128.0156307220459 92.08524322509766 102.16157531738281 92.08524322509766
99.36344909667969 71.12982177734375 124.96366310119629 71.12982177734375 124.96366310119629 89.34537696838379 99.36344909667969 89.34537696838379
99.17390441894531 70.6323013305664 124.77656555175781 70.6323013305664 124.77656555175781 88.8495979309082 99.17390441894531 88.8495979309082
98.33674621582031 70.61102294921875 123.55083084106445 70.61102294921875 123.55083084106445 88.55183219909668 98.33674621582031 88.55183219909668
96.94439697265625 68.82341003417969 122.04692077636719 68.82341003417969 122.04692077636719 86.68483924865723 96.94439697265625 86.68483924865723
96.52806854248047 68.71490478515625 120.90394401550293 68.71490478515625 120.90394401550293 86.05929565429688 96.52806854248047 86.05929565429688
94.964599609375 67.79642486572266 119.08371353149414 67.79642486572266 119.08371353149414 84.9581184387207 94.964599609375 84.9581184387207
93.47410583496094 66.42579650878906 117.2555046081543 66.42579650878906 117.2555046081543 83.34719467163086 93.47410583496094 83.34719467163086
92.00355529785156 65.28348541259766 115.67696952819824 65.28348541259766 115.67696952819824 82.12804985046387 92.00355529785156 82.12804985046387
91.6375732421875 64.34391021728516 115.09693145751953 64.34391021728516 115.09693145751953 81.03616523742676 91.6375732421875 81.03616523742676
90.47319793701172 63.70734405517578 113.57202529907227 63.70734405517578 113.57202529907227 80.14306831359863 90.47319793701172 80.14306831359863
88.73694610595703 61.999359130859375 111.79497146606445 61.999359130859375 111.79497146606445 78.40605354309082 88.73694610595703 78.40605354309082
86.77021026611328 60.8098030090332 109.72485542297363 60.8098030090332 109.72485542297363 77.14293670654297 86.77021026611328 77.14293670654297
86.46119689941406 60.7985954284668 108.98936080932617 60.7985954284668 108.98936080932617 76.8282699584961 86.46119689941406 76.8282699584961
84.68583679199219 59.1239128112793 106.81395530700684 59.1239128112793 106.81395530700684 74.86894035339355 84.68583679199219 74.86894035339355
83.75846862792969 58.54990768432617 105.62265014648438 58.54990768432617 105.62265014648438 74.10713386535645 83.75846862792969 74.10713386535645
81.78404235839844 57.28661346435547 103.45403480529785 57.28661346435547 103.45403480529785 72.70566749572754 81.78404235839844 72.70566749572754
80.93087768554688 56.67588424682617 102.53131484985352 56.67588424682617 102.53131484985352 72.04544734954834 80.93087768554688 72.04544734954834
80.22264862060547 55.515525817871094 101.57083511352539 55.515525817871094 101.57083511352539 70.70560264587402 80.22264862060547 70.70560264587402
78.58672332763672 54.267662048339844 99.45792770385742 54.267662048339844 99.45792770385742 69.11834907531738 78.58672332763672 69.11834907531738
77.29570007324219 53.236328125 97.90090370178223 53.236328125 97.90090370178223 67.89774513244629 77.29570007324219 67.89774513244629
76.59246826171875 52.81392288208008 97.18239212036133 52.81392288208008 97.18239212036133 67.46446895599365 76.59246826171875 67.46446895599365
76.44779968261719 52.75514602661133 96.8271312713623 52.75514602661133 96.8271312713623 67.2558479309082 76.44779968261719 67.2558479309082
74.60322570800781 51.63433837890625 94.92732810974121 51.63433837890625 94.92732810974121 66.09574127197266 74.60322570800781 66.09574127197266
74.22557067871094 50.79584884643555 94.33985900878906 50.79584884643555 94.33985900878906 65.10796165466309 74.22557067871094 65.10796165466309
72.46458435058594 49.99583053588867 92.2503776550293 49.99583053588867 92.2503776550293 64.07420539855957 72.46458435058594 64.07420539855957
72.05873107910156 49.05889129638672 91.60121154785156 49.05889129638672 91.60121154785156 62.96413993835449 72.05873107910156 62.96413993835449
71.2114028930664 48.27122116088867 90.65185165405273 48.27122116088867 90.65185165405273 62.1038703918457 71.2114028930664 62.1038703918457
70.53718566894531 47.954315185546875 89.65901184082031 47.954315185546875 89.65901184082031 61.56025218963623 70.53718566894531 61.56025218963623
68.32946014404297 46.43098831176758 87.19440841674805 46.43098831176758 87.19440841674805 59.854143142700195 68.32946014404297 59.854143142700195
68.17662811279297 46.209083557128906 86.66909408569336 46.209083557128906 86.66909408569336 59.36720275878906 68.17662811279297 59.36720275878906
66.97624969482422 45.2591438293457 85.0927963256836 45.2591438293457 85.0927963256836 58.14978218078613 66.97624969482422 58.14978218078613
66.22306060791016 44.40813446044922 84.09206199645996 44.40813446044922 84.09206199645996 57.12263584136963 66.22306060791016 57.12263584136963
64.76959228515625 43.50223922729492 82.85800552368164 43.50223922729492 82.85800552368164 56.372859954833984 64.76959228515625 56.372859954833984
64.03643798828125 42.869911193847656 81.89848518371582 42.869911193847656 81.89848518371582 55.57946300506592 64.03643798828125 55.57946300506592
62.86865234375 41.78194046020508 80.66628646850586 41.78194046020508 80.66628646850586 54.44565963745117 62.86865234375 54.44565963745117
62.34746170043945 41.6560173034668 79.72176361083984 41.6560173034668 79.72176361083984 54.01851749420166 62.34746170043945 54.01851749420166
62.23688507080078 41.13935089111328 79.27852439880371 41.13935089111328 79.27852439880371 53.26515007019043 62.23688507080078 53.26515007019043
60.802650451660156 40.146400451660156 77.79686737060547 40.146400451660156 77.79686737060547 52.2384557723999 60.802650451660156 52.2384557723999
59.977142333984375 40.057533264160156 76.8657112121582 40.057533264160156 76.8657112121582 52.07441520690918 59.977142333984375 52.07441520690918
58.940513610839844 38.42096710205078 75.75741386413574 38.42096710205078 75.75741386413574 50.38685321807861 58.940513610839844 50.38685321807861
58.3564453125 38.082374572753906 74.98952865600586 38.082374572753906 74.98952865600586 49.91746807098389 58.3564453125 49.91746807098389
57.49915313720703 37.448001861572266 74.16239738464355 37.448001861572266 74.16239738464355 49.304555892944336 57.49915313720703 49.304555892944336
56.8115234375 36.86206817626953 73.25412178039551 36.86206817626953 73.25412178039551 48.561622619628906 56.8115234375 48.561622619628906
55.5224723815918 35.8542594909668 71.81967163085938 35.8542594909668 71.81967163085938 47.45035743713379 55.5224723815918 47.45035743713379
54.581207275390625 35.040069580078125 70.5460557937622 35.040069580078125 70.5460557937622 46.39968681335449 54.581207275390625 46.39968681335449
54.11669921875 34.62805938720703 70.24441146850586 34.62805938720703 70.24441146850586 46.103559494018555 54.11669921875 46.103559494018555
53.58868408203125 34.17433166503906 69.5787410736084 34.17433166503906 69.5787410736084 45.55188465118408 53.58868408203125 45.55188465118408
