104.0 69.0 125.0 69.0 125.0 109.0 104.0 109.0
102.9268569946289 67.95884704589844 124.08258438110352 67.95884704589844 124.08258438110352 108.2554702758789 102.9268569946289 108.2554702758789
101.12249755859375 64.62239074707031 122.61296844482422 64.62239074707031 122.61296844482422 105.5566177368164 101.12249755859375 105.5566177368164
101.42875671386719 63.48571014404297 122.6404914855957 63.48571014404297 122.6404914855957 103.88900756835938 101.42875671386719 103.88900756835938
100.63184356689453 62.849403381347656 121.71780014038086 62.849403381347656 121.71780014038086 103.01312255859375 100.63184356689453 103.01312255859375
99.8501968383789 62.10646438598633 121.05961990356445 62.10646438598633 121.05961990356445 102.5053596496582 99.8501968383789 102.5053596496582
98.9911880493164 60.45984649658203 120.13055801391602 60.45984649658203 120.13055801391602 100.72530746459961 98.9911880493164 100.72530746459961
99.71282196044922 58.714988708496094 120.6465950012207 58.714988708496094 120.6465950012207 98.58883666992188 99.71282196044922 98.58883666992188
100.07694244384766 59.1729621887207 120.66973114013672 59.1729621887207 120.66973114013672 98.3973159790039 100.07694244384766 98.3973159790039
99.95780181884766 58.12983322143555 120.6249008178711 58.12983322143555 120.6249008178711 97.49573135375977 99.95780181884766 97.49573135375977
101.22343444824219 58.161888122558594 121.81661987304688 58.161888122558594 121.81661987304688 97.38699722290039 101.22343444824219 97.38699722290039
102.07977294921875 58.16240310668945 122.68745803833008 58.16240310668945 122.68745803833008 97.41513061523438 102.07977294921875 97.41513061523438
105.2616958618164 55.060089111328125 126.14004898071289 55.060089111328125 126.14004898071289 94.82837677001953 105.2616958618164 94.82837677001953
107.89439392089844 54.3210334777832 128.89218521118164 54.3210334777832 128.89218521118164 94.31682205200195 107.89439392089844 94.31682205200195
109.94136810302734 53.5504264831543 130.51222610473633 53.5504264831543 130.51222610473633 92.73301315307617 109.94136810302734 92.73301315307617
112.97636413574219 53.4220085144043 133.5119171142578 53.4220085144043 133.5119171142578 92.53734970092773 112.97636413574219 92.53734970092773
112.86311340332031 53.92047119140625 133.1964817047119 53.92047119140625 133.1964817047119 92.65069580078125 112.86311340332031 92.65069580078125
113.6541748046875 56.31346893310547 133.90884399414062 56.31346893310547 133.90884399414062 94.89379119873047 113.6541748046875 94.89379119873047
118.16349029541016 53.01726150512695 138.2717342376709 53.01726150512695 138.2717342376709 91.31867980957031 118.16349029541016 91.31867980957031
123.01143646240234 51.80839920043945 143.04938507080078 51.80839920043945 143.04938507080078 89.97592163085938 123.01143646240234 89.97592163085938
125.8881607055664 50.91777801513672 145.94395065307617 50.91777801513672 145.94395065307617 89.11928176879883 125.8881607055664 89.11928176879883
129.42897033691406 52.27239990234375 149.49045181274414 52.27239990234375 149.49045181274414 90.4847412109375 129.42897033691406 90.4847412109375
129.8394012451172 52.448463439941406 149.57017135620117 52.448463439941406 149.57017135620117 90.03087997436523 129.8394012451172 90.03087997436523
131.9370574951172 54.531272888183594 151.4218864440918 54.531272888183594 151.4218864440918 91.64523315429688 131.9370574951172 91.64523315429688
134.721923828125 53.4416389465332 154.30977821350098 53.4416389465332 154.30977821350098 90.75183486938477 134.721923828125 90.75183486938477
137.75662231445312 52.3173828125 157.30900955200195 52.3173828125 157.30900955200195 89.56002044677734 137.75662231445312 89.56002044677734
141.074462890625 51.091712951660156 160.74481773376465 51.091712951660156 160.74481773376465 88.55904769897461 141.074462890625 88.55904769897461
144.13807678222656 50.26638412475586 163.7987403869629 50.26638412475586 163.7987403869629 87.71525955200195 144.13807678222656 87.71525955200195
147.57241821289062 50.55896759033203 166.8917007446289 50.55896759033203 166.8917007446289 87.35758972167969 147.57241821289062 87.35758972167969
147.15357971191406 51.309722900390625 166.31655502319336 51.309722900390625 166.31655502319336 87.81061935424805 147.15357971191406 87.81061935424805
149.76614379882812 53.41472244262695 168.520902633667 53.41472244262695 168.520902633667 89.13806533813477 149.76614379882812 89.13806533813477
153.1197967529297 50.55070114135742 171.78672218322754 50.55070114135742 171.78672218322754 86.10673904418945 153.1197967529297 86.10673904418945
156.64588928222656 50.467376708984375 175.41289901733398 50.467376708984375 175.41289901733398 86.21404647827148 156.64588928222656 86.21404647827148
159.48519897460938 49.09562301635742 178.6487693786621 49.09562301635742 178.6487693786621 85.5976448059082 159.48519897460938 85.5976448059082
162.86459350585938 48.27714157104492 182.3452091217041 48.27714157104492 182.3452091217041 85.383056640625 162.86459350585938 85.383056640625
163.27383422851562 47.754364013671875 182.34292221069336 47.754364013671875 182.34292221069336 84.07642364501953 163.27383422851562 84.07642364501953
166.76449584960938 48.78826141357422 185.62059020996094 48.78826141357422 185.62059020996094 84.70462036132812 166.76449584960938 84.70462036132812
169.16720581054688 48.22770309448242 188.3536148071289 48.22770309448242 188.3536148071289 84.77323532104492 169.16720581054688 84.77323532104492
171.94601440429688 46.904197692871094 191.21444129943848 46.904197692871094 191.21444129943848 83.60595321655273 171.94601440429688 83.60595321655273
175.66903686523438 48.40406036376953 194.91435432434082 48.40406036376953 194.91435432434082 85.06179809570312 175.66903686523438 85.06179809570312
178.7047576904297 48.35984420776367 198.00926780700684 48.35984420776367 198.00926780700684 85.13032913208008 178.7047576904297 85.13032913208008
181.79339599609375 49.65174102783203 201.0871925354004 49.65174102783203 201.0871925354004 86.40181732177734 181.79339599609375 86.40181732177734
181.79574584960938 49.32622528076172 200.93921089172363 49.32622528076172 200.93921089172363 85.78995895385742 181.79574584960938 85.78995895385742
185.1008758544922 48.79810333251953 204.2721824645996 48.79810333251953 204.2721824645996 85.31486892700195 185.1008758544922 85.31486892700195
187.2740936279297 48.70618438720703 206.5725212097168 48.70618438720703 206.5725212097168 85.465087890625 187.2740936279297 85.465087890625
189.8582000732422 48.92854690551758 209.09160995483398 48.92854690551758 209.09160995483398 85.5636100769043 189.8582000732422 85.5636100769043
191.96917724609375 49.815879821777344 211.35732460021973 49.815879821777344 211.35732460021973 86.74568176269531 191.96917724609375 86.74568176269531
195.1947784423828 51.48021697998047 214.65302085876465 51.48021697998047 214.65302085876465 88.54353332519531 195.1947784423828 88.54353332519531
197.479248046875 52.144874572753906 216.73776626586914 52.144874572753906 216.73776626586914 88.82776641845703 197.479248046875 88.82776641845703
197.50523376464844 52.75371551513672 216.59153747558594 52.75371551513672 216.59153747558594 89.10858154296875 197.50523376464844 89.10858154296875
198.5159912109375 53.77660369873047 218.02081680297852 53.77660369873047 218.02081680297852 90.92865753173828 198.5159912109375 90.92865753173828
199.76730346679688 53.351318359375 218.99633407592773 53.351318359375 218.99633407592773 89.9780502319336 199.76730346679688 89.9780502319336
200.49755859375 54.22893142700195 219.7413330078125 54.22893142700195 219.7413330078125 90.88374710083008 200.49755859375 90.88374710083008
201.78988647460938 55.287445068359375 221.12813186645508 55.287445068359375 221.12813186645508 92.1222038269043 201.78988647460938 92.1222038269043
202.08258056640625 57.686119079589844 221.1769199371338 57.686119079589844 221.1769199371338 94.05629348754883 202.08258056640625 94.05629348754883
202.1509246826172 57.86347579956055 221.48508834838867 57.86347579956055 221.48508834838867 94.69046020507812 202.1509246826172 94.69046020507812
202.7668914794922 58.138877868652344 222.31093788146973 58.138877868652344 222.31093788146973 95.36563873291016 202.7668914794922 95.36563873291016
202.9672393798828 58.47846221923828 222.61331939697266 58.47846221923828 222.61331939697266 95.89957427978516 202.9672393798828 95.89957427978516
203.0701141357422 59.34938430786133 222.8791389465332 59.34938430786133 222.8791389465332 97.08086776733398 203.0701141357422 97.08086776733398
203.07296752929688 59.951377868652344 222.55249786376953 59.951377868652344 222.55249786376953 97.05525207519531 203.07296752929688 97.05525207519531
203.74209594726562 61.08534622192383 223.4614486694336 61.08534622192383 223.4614486694336 98.64602279663086 203.74209594726562 98.64602279663086
202.95455932617188 61.633705139160156 222.97513961791992 61.633705139160156 222.97513961791992 99.76814651489258 202.95455932617188 99.76814651489258
202.96530151367188 62.51097869873047 223.21316528320312 62.51097869873047 223.21316528320312 101.07833862304688 202.96530151367188 101.07833862304688
202.8616180419922 62.13092041015625 223.30323791503906 62.13092041015625 223.30323791503906 101.06734466552734 202.8616180419922 101.06734466552734
202.57943725585938 62.8260498046875 223.22039794921875 62.8260498046875 223.22039794921875 102.14216995239258 202.57943725585938 102.14216995239258
201.93215942382812 62.88774490356445 222.36839485168457 62.88774490356445 222.36839485168457 101.81391143798828 201.93215942382812 101.81391143798828
202.4521942138672 64.25022888183594 222.88765335083008 64.25022888183594 222.88765335083008 103.17491912841797 202.4521942138672 103.17491912841797
201.96401977539062 65.4544448852539 222.49551010131836 65.4544448852539 222.49551010131836 104.56204986572266 201.96401977539062 104.56204986572266
202.10739135742188 65.8246078491211 222.61077499389648 65.8246078491211 222.61077499389648 104.87867736816406 202.10739135742188 104.87867736816406
201.8455810546875 65.04963684082031 222.03853225708008 65.04963684082031 222.03853225708008 103.51240539550781 201.8455810546875 103.51240539550781
200.39205932617188 64.36878967285156 220.79644012451172 64.36878967285156 220.79644012451172 103.23427963256836 200.39205932617188 103.23427963256836
199.03102111816406 66.94803619384766 219.27238082885742 66.94803619384766 219.27238082885742 105.50300598144531 199.03102111816406 105.50300598144531
198.32803344726562 67.64754486083984 218.68733978271484 67.64754486083984 218.68733978271484 106.42717742919922 198.32803344726562 106.42717742919922
198.58047485351562 67.4361572265625 218.68243598937988 67.4361572265625 218.68243598937988 105.7256088256836 198.58047485351562 105.7256088256836
196.339599609375 64.95856475830078 216.41249084472656 64.95856475830078 216.41249084472656 103.19264602661133 196.339599609375 103.19264602661133
195.3849639892578 64.51660919189453 215.337797164917 64.51660919189453 215.337797164917 102.52201080322266 195.3849639892578 102.52201080322266
193.933349609375 63.63074493408203 213.830415725708 63.63074493408203 213.830415725708 101.5299186706543 193.933349609375 101.5299186706543
192.15176391601562 62.63200759887695 212.00893020629883 62.63200759887695 212.00893020629883 100.45518112182617 192.15176391601562 100.45518112182617
190.70584106445312 60.531776428222656 210.9682502746582 60.531776428222656 210.9682502746582 99.1268424987793 190.70584106445312 99.1268424987793
189.80606079101562 57.349761962890625 210.33575439453125 57.349761962890625 210.33575439453125 96.45394134521484 189.80606079101562 96.45394134521484
188.72703552246094 56.70949172973633 209.48036766052246 56.70949172973633 209.48036766052246 96.23965072631836 188.72703552246094 96.23965072631836
188.96646118164062 56.39170455932617 209.74868774414062 56.39170455932617 209.74868774414062 95.97689819335938 188.96646118164062 95.97689819335938
188.02622985839844 56.1656608581543 209.00139999389648 56.1656608581543 209.00139999389648 96.11836242675781 188.02622985839844 96.11836242675781
188.0667266845703 54.27143478393555 208.85777473449707 54.27143478393555 208.85777473449707 93.87342834472656 188.0667266845703 93.87342834472656
187.19049072265625 51.14817428588867 208.09604454040527 51.14817428588867 208.09604454040527 90.9682731628418 187.19049072265625 90.9682731628418
186.78253173828125 50.82402420043945 207.66450691223145 50.82402420043945 207.66450691223145 90.59920883178711 186.78253173828125 90.59920883178711
187.21253967285156 50.771976470947266 207.80276107788086 50.771976470947266 207.80276107788086 89.99143981933594 187.21253967285156 89.99143981933594
186.17149353027344 50.208160400390625 206.87749099731445 50.208160400390625 206.87749099731445 89.64815139770508 186.17149353027344 89.64815139770508
186.2397003173828 49.634910583496094 206.65338516235352 49.634910583496094 206.65338516235352 88.51811599731445 186.2397003173828 88.51811599731445
185.273681640625 48.696189880371094 205.71121406555176 48.696189880371094 205.71121406555176 87.62481689453125 185.273681640625 87.62481689453125
184.9810028076172 47.10991287231445 205.1200466156006 47.10991287231445 205.1200466156006 85.4699935913086 184.9810028076172 85.4699935913086
184.5211944580078 46.56937789916992 204.9487590789795 46.56937789916992 204.9487590789795 85.47902297973633 184.5211944580078 85.47902297973633
184.2615509033203 45.89799118041992 204.86291313171387 45.89799118041992 204.86291313171387 85.13867568969727 184.2615509033203 85.13867568969727
183.90184020996094 46.06962966918945 204.63911819458008 46.06962966918945 204.63911819458008 85.5692024230957 183.90184020996094 85.5692024230957
183.8817138671875 45.40904998779297 204.64505004882812 45.40904998779297 204.64505004882812 84.95825576782227 183.8817138671875 84.95825576782227
183.60372924804688 45.16929244995117 204.01910400390625 45.16929244995117 204.01910400390625 84.05571365356445 183.60372924804688 84.05571365356445
183.4181365966797 44.916847229003906 203.27182960510254 44.916847229003906 203.27182960510254 82.7333984375 183.4181365966797 82.7333984375
183.78758239746094 43.23384475708008 203.7057113647461 43.23384475708008 203.7057113647461 81.17313385009766 183.78758239746094 81.17313385009766
183.02169799804688 42.132171630859375 203.0938262939453 42.132171630859375 203.0938262939453 80.36479568481445 183.02169799804688 80.36479568481445
182.60488891601562 42.724143981933594 202.5024356842041 42.724143981933594 202.5024356842041 80.62422943115234 182.60488891601562 80.62422943115234
182.64730834960938 42.64396286010742 202.26558303833008 42.64396286010742 202.26558303833008 80.0120964050293 182.64730834960938 80.0120964050293
182.01834106445312 40.85878372192383 201.53783226013184 40.85878372192383 201.53783226013184 78.03875732421875 182.01834106445312 78.03875732421875
181.5498504638672 41.24159240722656 200.89360237121582 41.24159240722656 200.89360237121582 78.08682632446289 181.5498504638672 78.08682632446289
181.1881866455078 39.79741668701172 200.49572372436523 39.79741668701172 200.49572372436523 76.57366943359375 181.1881866455078 76.57366943359375
180.62672424316406 39.59966278076172 200.02408981323242 39.59966278076172 200.02408981323242 76.5470199584961 180.62672424316406 76.5470199584961
180.54275512695312 38.30254364013672 199.87278366088867 38.30254364013672 199.87278366088867 75.12163925170898 180.54275512695312 75.12163925170898
180.36325073242188 38.05769729614258 199.42196655273438 38.05769729614258 199.42196655273438 74.36000442504883 180.36325073242188 74.36000442504883
180.31942749023438 37.902549743652344 199.43060493469238 37.902549743652344 199.43060493469238 74.30477905273438 180.31942749023438 74.30477905273438
179.45909118652344 37.502403259277344 198.50161933898926 37.502403259277344 198.50161933898926 73.77386856079102 179.45909118652344 73.77386856079102
179.38644409179688 37.37456512451172 198.3886013031006 37.37456512451172 198.3886013031006 73.56913757324219 179.38644409179688 73.56913757324219
179.05911254882812 36.43568801879883 197.96779251098633 36.43568801879883 197.96779251098633 72.45220947265625 179.05911254882812 72.45220947265625
178.34878540039062 35.27181625366211 197.31931686401367 35.27181625366211 197.31931686401367 71.4061508178711 178.34878540039062 71.4061508178711
178.72744750976562 34.446346282958984 197.49481201171875 34.446346282958984 197.49481201171875 70.19369888305664 178.72744750976562 70.19369888305664
177.6080780029297 34.896602630615234 196.61318588256836 34.896602630615234 196.61318588256836 71.09679794311523 177.6080780029297 71.09679794311523
177.78591918945312 34.5816535949707 196.64926528930664 34.5816535949707 196.64926528930664 70.51182174682617 177.78591918945312 70.51182174682617
177.3302001953125 33.798057556152344 196.42352676391602 33.798057556152344 196.42352676391602 70.1662826538086 177.3302001953125 70.1662826538086
176.64346313476562 33.1871223449707 195.25408363342285 33.1871223449707 195.25408363342285 68.63590621948242 176.64346313476562 68.63590621948242
176.22801208496094 32.88571548461914 194.6190643310547 32.88571548461914 194.6190643310547 67.9162712097168 176.22801208496094 67.9162712097168
175.7885284423828 32.35987091064453 194.18222427368164 32.35987091064453 194.18222427368164 67.39545822143555 175.7885284423828 67.39545822143555
176.13742065429688 32.52149200439453 194.41298484802246 32.52149200439453 194.41298484802246 67.33206939697266 176.13742065429688 67.33206939697266
175.4839630126953 31.25943946838379 193.91034507751465 31.25943946838379 193.91034507751465 66.35728645324707 175.4839630126953 66.35728645324707
175.28005981445312 31.460948944091797 193.78278350830078 31.460948944091797 193.78278350830078 66.7042121887207 175.28005981445312 66.7042121887207
174.91708374023438 31.77664566040039 192.9812297821045 31.77664566040039 192.9812297821045 66.18452835083008 174.91708374023438 66.18452835083008
174.79066467285156 33.891998291015625 192.74478149414062 33.891998291015625 192.74478149414062 68.09030151367188 174.79066467285156 68.09030151367188
175.52755737304688 34.015052795410156 193.3012409210205 34.015052795410156 193.3012409210205 67.86967468261719 175.52755737304688 67.86967468261719
174.9097900390625 33.54294967651367 192.4525547027588 33.54294967651367 192.4525547027588 66.95772171020508 174.9097900390625 66.95772171020508
174.47296142578125 32.15962219238281 191.87973594665527 32.15962219238281 191.87973594665527 65.31536865234375 174.47296142578125 65.31536865234375
173.9378204345703 31.746952056884766 191.10740280151367 31.746952056884766 191.10740280151367 64.45090103149414 173.9378204345703 64.45090103149414
173.4261932373047 30.926410675048828 190.56825637817383 30.926410675048828 190.56825637817383 63.57794189453125 173.4261932373047 63.57794189453125
173.01229858398438 31.37872886657715 190.06268882751465 31.37872886657715 190.06268882751465 63.85564613342285 173.01229858398438 63.85564613342285
173.16371154785156 30.82576560974121 190.09499549865723 30.82576560974121 190.09499549865723 63.075815200805664 173.16371154785156 63.075815200805664
172.76388549804688 31.67696189880371 189.36386108398438 31.67696189880371 189.36386108398438 63.295949935913086 172.76388549804688 63.295949935913086
171.34962463378906 30.04579734802246 188.0789031982422 30.04579734802246 188.0789031982422 61.91107749938965 171.34962463378906 61.91107749938965
171.61415100097656 30.862905502319336 188.0716896057129 30.862905502319336 188.0716896057129 62.2105827331543 171.61415100097656 62.2105827331543
170.28054809570312 29.45867347717285 186.68587684631348 29.45867347717285 186.68587684631348 60.7068977355957 170.28054809570312 60.7068977355957
169.1405487060547 27.339405059814453 185.36383247375488 27.339405059814453 185.36383247375488 58.240875244140625 169.1405487060547 58.240875244140625
169.19044494628906 28.148584365844727 185.20449829101562 28.148584365844727 185.20449829101562 58.651519775390625 169.19044494628906 58.651519775390625
169.0070037841797 28.21612548828125 184.65229034423828 28.21612548828125 184.65229034423828 58.01665115356445 169.0070037841797 58.01665115356445
168.00311279296875 26.61136245727539 183.62571239471436 26.61136245727539 183.62571239471436 56.36867713928223 168.00311279296875 56.36867713928223
167.13265991210938 25.014257431030273 182.88263988494873 25.014257431030273 182.88263988494873 55.01420021057129 167.13265991210938 55.01420021057129
166.2828826904297 25.356754302978516 181.8411283493042 25.356754302978516 181.8411283493042 54.99148941040039 166.2828826904297 54.99148941040039
165.1660919189453 26.550140380859375 180.50546073913574 26.550140380859375 180.50546073913574 55.76796913146973 165.1660919189453 55.76796913146973
163.705322265625 27.13627052307129 178.8326873779297 27.13627052307129 178.8326873779297 55.95028114318848 163.705322265625 55.95028114318848
163.84246826171875 27.629613876342773 178.63062477111816 27.629613876342773 178.63062477111816 55.797515869140625 163.84246826171875 55.797515869140625
163.04898071289062 26.6591854095459 177.9488925933838 26.6591854095459 177.9488925933838 55.03995704650879 163.04898071289062 55.03995704650879
161.4630584716797 25.34842872619629 176.2281370162964 25.34842872619629 176.2281370162964 53.47237586975098 161.4630584716797 53.47237586975098
160.75921630859375 24.214170455932617 175.55305671691895 24.214170455932617 175.55305671691895 52.392900466918945 160.75921630859375 52.392900466918945
159.34585571289062 23.485042572021484 174.29226970672607 23.485042572021484 174.29226970672607 51.95439147949219 159.34585571289062 51.95439147949219
159.4520721435547 23.55868911743164 174.1703004837036 23.55868911743164 174.1703004837036 51.59339904785156 159.4520721435547 51.59339904785156
157.1746368408203 23.1203556060791 171.66870594024658 23.1203556060791 171.66870594024658 50.72809410095215 157.1746368408203 50.72809410095215
156.23519897460938 22.87869644165039 170.87562561035156 22.87869644165039 170.87562561035156 50.76521301269531 156.23519897460938 50.76521301269531
154.6173858642578 23.054058074951172 169.17469596862793 23.054058074951172 169.17469596862793 50.782257080078125 154.6173858642578 50.782257080078125
153.468994140625 22.67328453063965 167.73261737823486 22.67328453063965 167.73261737823486 49.84208106994629 153.468994140625 49.84208106994629
151.7950439453125 21.120738983154297 166.068510055542 21.120738983154297 166.068510055542 48.308284759521484 151.7950439453125 48.308284759521484
151.8889923095703 20.19599151611328 166.07051277160645 20.19599151611328 166.07051277160645 47.20840263366699 151.8889923095703 47.20840263366699
150.5521240234375 20.405305862426758 164.83186149597168 20.405305862426758 164.83186149597168 47.60479927062988 150.5521240234375 47.60479927062988
149.1119842529297 20.155555725097656 163.35337352752686 20.155555725097656 163.35337352752686 47.282005310058594 149.1119842529297 47.282005310058594
147.47021484375 19.82175064086914 161.56055736541748 19.82175064086914 161.56055736541748 46.660491943359375 147.47021484375 46.660491943359375
146.5481719970703 20.003494262695312 160.64311981201172 20.003494262695312 160.64311981201172 46.85100746154785 146.5481719970703 46.85100746154785
144.91159057617188 19.949176788330078 159.06520652770996 19.949176788330078 159.06520652770996 46.90843963623047 144.91159057617188 46.90843963623047
143.5457305908203 21.058349609375 157.59460639953613 21.058349609375 157.59460639953613 47.818105697631836 143.5457305908203 47.818105697631836
143.0052032470703 20.562366485595703 157.02562999725342 20.562366485595703 157.02562999725342 47.26793670654297 143.0052032470703 47.26793670654297
143.017822265625 20.229625701904297 157.3759641647339 20.229625701904297 157.3759641647339 47.57846641540527 143.017822265625 47.57846641540527
141.5784912109375 18.906421661376953 156.21256732940674 18.906421661376953 156.21256732940674 46.78085136413574 141.5784912109375 46.78085136413574
139.554443359375 18.05501937866211 154.4369068145752 18.05501937866211 154.4369068145752 46.40256881713867 139.554443359375 46.40256881713867
136.41732788085938 18.073827743530273 151.4797420501709 18.073827743530273 151.4797420501709 46.76414108276367 136.41732788085938 46.76414108276367
133.79830932617188 18.420129776000977 148.9315996170044 18.420129776000977 148.9315996170044 47.24544334411621 133.79830932617188 47.24544334411621
132.10328674316406 19.704418182373047 147.51205730438232 19.704418182373047 147.51205730438232 49.0544548034668 132.10328674316406 49.0544548034668
132.3173065185547 19.57843017578125 147.80814361572266 19.57843017578125 147.80814361572266 49.08478355407715 132.3173065185547 49.08478355407715
130.08139038085938 18.579721450805664 145.67219734191895 18.579721450805664 145.67219734191895 48.276493072509766 130.08139038085938 48.276493072509766
128.2504119873047 18.875768661499023 143.7481460571289 18.875768661499023 143.7481460571289 48.3952579498291 128.2504119873047 48.3952579498291
126.59913635253906 18.763153076171875 142.0896282196045 18.763153076171875 142.0896282196045 48.268850326538086 126.59913635253906 48.268850326538086
124.27348327636719 18.45266342163086 139.75663948059082 18.45266342163086 139.75663948059082 47.94438362121582 124.27348327636719 47.94438362121582
124.41572570800781 18.833248138427734 139.72908210754395 18.833248138427734 139.72908210754395 48.00154113769531 124.41572570800781 48.00154113769531
121.51325988769531 19.11574935913086 136.99662017822266 19.11574935913086 136.99662017822266 48.60785675048828 121.51325988769531 48.60785675048828
119.0421371459961 19.12399673461914 134.47093391418457 19.12399673461914 134.47093391418457 48.51217460632324 119.0421371459961 48.51217460632324
117.32379150390625 19.399770736694336 132.59194946289062 19.399770736694336 132.59194946289062 48.48196601867676 117.32379150390625 48.48196601867676
115.30342102050781 19.53902816772461 130.39480018615723 19.53902816772461 130.39480018615723 48.28450012207031 115.30342102050781 48.28450012207031
113.3858871459961 21.01881980895996 128.41706657409668 21.01881980895996 128.41706657409668 49.649627685546875 113.3858871459961 49.649627685546875
111.6884994506836 22.170185089111328 126.86719226837158 22.170185089111328 126.86719226837158 51.08197021484375 111.6884994506836 51.08197021484375
110.9544906616211 22.354124069213867 126.12513542175293 22.354124069213867 126.12513542175293 51.25058174133301 110.9544906616211 51.25058174133301
108.16874694824219 22.00516700744629 123.34257698059082 22.00516700744629 123.34257698059082 50.90769004821777 108.16874694824219 50.90769004821777
107.7735824584961 22.047405242919922 122.85306358337402 22.047405242919922 122.85306358337402 50.77021789550781 107.7735824584961 50.77021789550781
106.05580139160156 22.37088394165039 121.12177467346191 22.37088394165039 121.12177467346191 51.06796646118164 106.05580139160156 51.06796646118164
102.42179107666016 21.77904510498047 117.3551197052002 21.77904510498047 117.3551197052002 50.223472595214844 102.42179107666016 50.223472595214844
100.24995422363281 22.020984649658203 115.07749366760254 22.020984649658203 115.07749366760254 50.26390838623047 100.24995422363281 50.26390838623047
98.7884750366211 22.139144897460938 113.6929988861084 22.139144897460938 113.6929988861084 50.52870559692383 98.7884750366211 50.52870559692383
98.47049713134766 22.252323150634766 113.58758354187012 22.252323150634766 113.58758354187012 51.04676818847656 98.47049713134766 51.04676818847656
97.02754211425781 21.55756187438965 112.59425830841064 21.55756187438965 112.59425830841064 51.208444595336914 97.02754211425781 51.208444595336914
95.39337158203125 21.979047775268555 110.96417713165283 21.979047775268555 110.96417713165283 51.63772010803223 95.39337158203125 51.63772010803223
93.68475341796875 22.114940643310547 109.4695405960083 22.114940643310547 109.4695405960083 52.18119812011719 93.68475341796875 52.18119812011719
90.95296478271484 22.936908721923828 106.7707347869873 22.936908721923828 106.7707347869873 53.06599235534668 90.95296478271484 53.06599235534668
89.71556854248047 24.157684326171875 105.31080436706543 24.157684326171875 105.31080436706543 53.86289024353027 89.71556854248047 53.86289024353027
88.8829574584961 25.566884994506836 104.30581665039062 25.566884994506836 104.30581665039062 54.94375228881836 88.8829574584961 54.94375228881836
88.82373046875 25.793054580688477 104.16642475128174 25.793054580688477 104.16642475128174 55.01722526550293 88.82373046875 55.01722526550293
87.65104675292969 25.278766632080078 102.97706890106201 25.278766632080078 102.97706890106201 54.47118377685547 87.65104675292969 54.47118377685547
87.16351318359375 26.253103256225586 102.38147258758545 26.253103256225586 102.38147258758545 55.23968505859375 87.16351318359375 55.23968505859375
86.17845916748047 26.868824005126953 101.34766578674316 26.868824005126953 101.34766578674316 55.762542724609375 86.17845916748047 55.762542724609375
85.19374084472656 26.94840431213379 100.45328712463379 26.94840431213379 100.45328712463379 56.01419639587402 85.19374084472656 56.01419639587402
84.31501770019531 26.83758544921875 99.61605262756348 26.83758544921875 99.61605262756348 55.98240280151367 84.31501770019531 55.98240280151367
83.9708480834961 27.123910903930664 98.96965503692627 27.123910903930664 98.96965503692627 55.69305419921875 83.9708480834961 55.69305419921875
83.91490936279297 28.1226806640625 98.96037864685059 28.1226806640625 98.96037864685059 56.78070640563965 83.91490936279297 56.78070640563965
83.96842956542969 27.340984344482422 99.06522178649902 27.340984344482422 99.06522178649902 56.09676742553711 83.96842956542969 56.09676742553711
83.49459838867188 27.302783966064453 98.6328935623169 27.302783966064453 98.6328935623169 56.13761901855469 83.49459838867188 56.13761901855469
82.88288879394531 27.255746841430664 98.05749988555908 27.255746841430664 98.05749988555908 56.15975761413574 82.88288879394531 56.15975761413574
82.89723205566406 27.45416259765625 98.14815998077393 27.45416259765625 98.14815998077393 56.503536224365234 82.89723205566406 56.503536224365234
82.3686752319336 26.903453826904297 97.94908618927002 26.903453826904297 97.94908618927002 56.580413818359375 82.3686752319336 56.580413818359375
82.64823150634766 26.291189193725586 98.37059211730957 26.291189193725586 98.37059211730957 56.238525390625 82.64823150634766 56.238525390625
82.3934097290039 26.4079647064209 98.0699234008789 26.4079647064209 98.0699234008789 56.267974853515625 82.3934097290039 56.267974853515625
82.09723663330078 25.929357528686523 98.0929822921753 25.929357528686523 98.0929822921753 56.39742660522461 82.09723663330078 56.39742660522461
82.32817840576172 25.812591552734375 98.20231056213379 25.812591552734375 98.20231056213379 56.049015045166016 82.32817840576172 56.049015045166016
82.85313415527344 24.200090408325195 98.97049903869629 24.200090408325195 98.97049903869629 54.89981269836426 82.85313415527344 54.89981269836426
83.06842803955078 24.613037109375 99.39846420288086 24.613037109375 99.39846420288086 55.71784591674805 83.06842803955078 55.71784591674805
83.42842102050781 24.436735153198242 99.91744041442871 24.436735153198242 99.91744041442871 55.84436798095703 83.42842102050781 55.84436798095703
83.5517578125 24.63319969177246 100.01230239868164 24.63319969177246 100.01230239868164 55.98659706115723 83.5517578125 55.98659706115723
84.54981994628906 24.515045166015625 100.76787376403809 24.515045166015625 100.76787376403809 55.40655517578125 84.54981994628906 55.40655517578125
85.13773345947266 24.31202507019043 101.86697578430176 24.31202507019043 101.86697578430176 56.17722511291504 85.13773345947266 56.17722511291504
85.69772338867188 24.28428077697754 102.43002891540527 24.28428077697754 102.43002891540527 56.155317306518555 85.69772338867188 56.155317306518555
86.56993865966797 25.72687339782715 103.3289794921875 25.72687339782715 103.3289794921875 57.648834228515625 86.56993865966797 57.648834228515625
88.1810531616211 24.65892219543457 104.99219131469727 24.65892219543457 104.99219131469727 56.68011283874512 88.1810531616211 56.68011283874512
88.20599365234375 23.795116424560547 105.18445205688477 23.795116424560547 105.18445205688477 56.135013580322266 88.20599365234375 56.135013580322266
88.98210144042969 24.54312515258789 105.85699462890625 24.54312515258789 105.85699462890625 56.68575668334961 88.98210144042969 56.68575668334961
91.12457275390625 24.230670928955078 108.19400978088379 24.230670928955078 108.19400978088379 56.74386215209961 91.12457275390625 56.74386215209961
92.36433410644531 23.11295509338379 109.46726608276367 23.11295509338379 109.46726608276367 55.68994331359863 92.36433410644531 55.68994331359863
94.35148620605469 22.612071990966797 111.23555564880371 22.612071990966797 111.23555564880371 54.77218246459961 94.35148620605469 54.77218246459961
95.94650268554688 22.017797470092773 112.86945343017578 22.017797470092773 112.86945343017578 54.25196647644043 95.94650268554688 54.25196647644043
98.44367980957031 22.268932342529297 115.3482723236084 22.268932342529297 115.3482723236084 54.4681282043457 98.44367980957031 54.4681282043457
98.10820770263672 22.448238372802734 115.03238868713379 22.448238372802734 115.03238868713379 54.68474578857422 98.10820770263672 54.68474578857422
101.0987777709961 22.786418914794922 117.77603340148926 22.786418914794922 117.77603340148926 54.55258750915527 101.0987777709961 54.55258750915527
101.92105102539062 24.974990844726562 118.52515411376953 24.974990844726562 118.52515411376953 56.60182189941406 101.92105102539062 56.60182189941406
105.45230865478516 20.401540756225586 122.04939270019531 20.401540756225586 122.04939270019531 52.01500129699707 105.45230865478516 52.01500129699707
108.25666809082031 20.996789932250977 125.08321762084961 20.996789932250977 125.08321762084961 53.04732704162598 108.25666809082031 53.04732704162598
108.42106628417969 22.219690322875977 125.26393699645996 22.219690322875977 125.26393699645996 54.30131721496582 108.42106628417969 54.30131721496582
110.36263275146484 20.462244033813477 127.2007942199707 20.462244033813477 127.2007942199707 52.534902572631836 110.36263275146484 52.534902572631836
113.14219665527344 20.458168029785156 129.7823600769043 20.458168029785156 129.7823600769043 52.15368843078613 113.14219665527344 52.15368843078613
115.8990478515625 20.81624412536621 132.60985565185547 20.81624412536621 132.60985565185547 52.64632606506348 115.8990478515625 52.64632606506348
118.53123474121094 21.446269989013672 135.0469627380371 21.446269989013672 135.0469627380371 52.90477180480957 118.53123474121094 52.90477180480957
120.18891906738281 19.6319522857666 136.7198543548584 19.6319522857666 136.7198543548584 51.11942481994629 120.18891906738281 51.11942481994629
122.1951675415039 22.23244285583496 138.5939655303955 22.23244285583496 138.5939655303955 53.46822547912598 122.1951675415039 53.46822547912598
122.062744140625 22.450176239013672 138.4145851135254 22.450176239013672 138.4145851135254 53.596513748168945 122.062744140625 53.596513748168945
124.3872299194336 21.00851058959961 140.72393608093262 21.00851058959961 140.72393608093262 52.12601852416992 124.3872299194336 52.12601852416992
127.27006530761719 21.05795669555664 143.40075874328613 21.05795669555664 143.40075874328613 51.78306007385254 127.27006530761719 51.78306007385254
130.3545684814453 20.91353988647461 146.58664321899414 20.91353988647461 146.58664321899414 51.83175277709961 130.3545684814453 51.83175277709961
132.78530883789062 20.422176361083984 149.29687881469727 20.422176361083984 149.29687881469727 51.87276268005371 132.78530883789062 51.87276268005371
133.58297729492188 23.3516902923584 149.78634071350098 23.3516902923584 149.78634071350098 54.2152156829834 133.58297729492188 54.2152156829834
136.93006896972656 19.957677841186523 153.3540382385254 19.957677841186523 153.3540382385254 51.24140548706055 136.93006896972656 51.24140548706055
139.6374969482422 20.812223434448242 155.84902000427246 20.812223434448242 155.84902000427246 51.691293716430664 139.6374969482422 51.691293716430664
139.6790008544922 21.170089721679688 155.82205390930176 21.170089721679688 155.82205390930176 51.91874122619629 139.6790008544922 51.91874122619629
142.37603759765625 19.749935150146484 158.43837928771973 19.749935150146484 158.43837928771973 50.34485054016113 142.37603759765625 50.34485054016113
144.83529663085938 20.755292892456055 160.5401201248169 20.755292892456055 160.5401201248169 50.66922187805176 144.83529663085938 50.66922187805176
148.462890625 19.968305587768555 164.13188457489014 19.968305587768555 164.13188457489014 49.81398963928223 148.462890625 49.81398963928223
