134.0 85.0 142.0 85.0 142.0 104.0 134.0 104.0
133.00485229492188 85.16812133789062 143.00485229492188 85.16812133789062 143.00485229492188 104.00010681152344 133.00485229492188 104.00010681152344
133.06483459472656 85.05206298828125 143.1812229156494 85.05206298828125 143.1812229156494 104.04630851745605 133.06483459472656 104.04630851745605
134.33572387695312 86.30384826660156 144.51034545898438 86.30384826660156 144.51034545898438 105.22992706298828 134.33572387695312 105.22992706298828
133.93621826171875 85.9989242553711 144.2421932220459 85.9989242553711 144.2421932220459 105.15522003173828 133.93621826171875 105.15522003173828
135.17559814453125 86.80909729003906 145.49934005737305 86.80909729003906 145.49934005737305 105.99841690063477 135.17559814453125 105.99841690063477
135.33119201660156 87.38080596923828 145.56287670135498 87.38080596923828 145.56287670135498 106.37013053894043 135.33119201660156 106.37013053894043
136.03314208984375 88.11662292480469 146.3665647506714 88.11662292480469 146.3665647506714 107.29476547241211 136.03314208984375 107.29476547241211
136.2083740234375 88.24462890625 146.53415775299072 88.24462890625 146.53415775299072 107.40859413146973 136.2083740234375 107.40859413146973
138.6798553466797 89.25981903076172 148.9212999343872 89.25981903076172 148.9212999343872 108.21127700805664 138.6798553466797 108.21127700805664
138.39173889160156 89.47932434082031 148.63282775878906 89.47932434082031 148.63282775878906 108.42560577392578 138.39173889160156 108.42560577392578
138.21505737304688 89.84137725830078 148.39647388458252 89.84137725830078 148.39647388458252 108.60721969604492 138.21505737304688 108.60721969604492
139.53282165527344 89.94813537597656 149.8260898590088 89.94813537597656 149.8260898590088 108.84729385375977 139.53282165527344 108.84729385375977
139.37930297851562 90.89957427978516 149.60649394989014 90.89957427978516 149.60649394989014 109.60511207580566 139.37930297851562 109.60511207580566
140.4432373046875 91.71293640136719 150.6631498336792 91.71293640136719 150.6631498336792 110.36228942871094 140.4432373046875 110.36228942871094
140.9267120361328 91.88026428222656 151.11418437957764 91.88026428222656 151.11418437957764 110.31221389770508 140.9267120361328 110.31221389770508
142.16647338867188 93.03831481933594 152.26934623718262 93.03831481933594 152.26934623718262 111.20827102661133 142.16647338867188 111.20827102661133
141.9030303955078 93.14765167236328 152.047043800354 93.14765167236328 152.047043800354 111.21734809875488 141.9030303955078 111.21734809875488
144.1608428955078 94.10986328125 154.33199882507324 94.10986328125 154.33199882507324 112.18086814880371 144.1608428955078 112.18086814880371
144.25820922851562 94.06370544433594 154.5445785522461 94.06370544433594 154.5445785522461 112.33940887451172 144.25820922851562 112.33940887451172
145.466796875 94.90641021728516 155.74116134643555 94.90641021728516 155.74116134643555 113.14619636535645 145.466796875 113.14619636535645
145.45208740234375 95.7867431640625 155.7014923095703 95.7867431640625 155.7014923095703 113.9570541381836 145.45208740234375 113.9570541381836
145.1261749267578 94.9647216796875 155.38442516326904 94.9647216796875 155.38442516326904 113.07038688659668 145.1261749267578 113.07038688659668
146.75462341308594 96.23286437988281 156.8846607208252 96.23286437988281 156.8846607208252 114.09150314331055 146.75462341308594 114.09150314331055
146.60028076171875 95.82489013671875 156.71307182312012 95.82489013671875 156.71307182312012 113.58684921264648 146.60028076171875 113.58684921264648
147.89413452148438 96.76438903808594 158.20001983642578 96.76438903808594 158.20001983642578 114.8654956817627 147.89413452148438 114.8654956817627
147.90078735351562 97.40107727050781 158.08043098449707 97.40107727050781 158.08043098449707 115.17773246765137 147.90078735351562 115.17773246765137
147.95388793945312 97.10236358642578 158.19868564605713 97.10236358642578 158.19868564605713 114.99279403686523 147.95388793945312 114.99279403686523
148.90451049804688 97.39485168457031 159.3730983734131 97.39485168457031 159.3730983734131 115.67608451843262 148.90451049804688 115.67608451843262
148.90182495117188 97.56929779052734 159.4587516784668 97.56929779052734 159.4587516784668 116.00479507446289 148.90182495117188 116.00479507446289
150.85165405273438 99.34932708740234 161.4211025238037 99.34932708740234 161.4211025238037 117.80669021606445 150.85165405273438 117.80669021606445
150.88516235351562 99.49978637695312 161.382417678833 99.49978637695312 161.382417678833 117.83107948303223 150.88516235351562 117.83107948303223
151.90060424804688 99.57548522949219 162.47179508209229 99.57548522949219 162.47179508209229 118.03589248657227 151.90060424804688 118.03589248657227
151.5312042236328 99.78746795654297 162.07741355895996 99.78746795654297 162.07741355895996 118.20425033569336 151.5312042236328 118.20425033569336
153.73153686523438 101.02099609375 164.3193531036377 101.02099609375 164.3193531036377 119.51043510437012 153.73153686523438 119.51043510437012
153.35519409179688 100.70588684082031 164.04007053375244 100.70588684082031 164.04007053375244 119.36482238769531 153.35519409179688 119.36482238769531
154.9677276611328 101.83921813964844 165.70552253723145 101.83921813964844 165.70552253723145 120.5905647277832 154.9677276611328 120.5905647277832
154.4391326904297 101.39714050292969 165.17159175872803 101.39714050292969 165.17159175872803 120.13916969299316 154.4391326904297 120.13916969299316
156.8345947265625 103.10233306884766 167.56920909881592 103.10233306884766 167.56920909881592 121.84812545776367 156.8345947265625 121.84812545776367
156.7780303955078 103.11517333984375 167.59984397888184 103.11517333984375 167.59984397888184 122.01324081420898 156.7780303955078 122.01324081420898
156.837158203125 103.0489501953125 167.87110137939453 103.0489501953125 167.87110137939453 122.31746101379395 156.837158203125 122.31746101379395
157.81996154785156 103.46102142333984 168.65077209472656 103.46102142333984 168.65077209472656 122.37480545043945 157.81996154785156 122.37480545043945
158.01614379882812 103.91239166259766 168.88099098205566 103.91239166259766 168.88099098205566 122.88561630249023 158.01614379882812 122.88561630249023
159.5326690673828 105.31150817871094 170.32429695129395 105.31150817871094 170.32429695129395 124.15686988830566 159.5326690673828 124.15686988830566
159.76785278320312 105.10018157958984 170.44960498809814 105.10018157958984 170.44960498809814 123.75366592407227 159.76785278320312 123.75366592407227
161.744384765625 106.06380462646484 172.42223072052002 106.06380462646484 172.42223072052002 124.7104663848877 161.744384765625 124.7104663848877
161.51492309570312 105.91926574707031 172.3947696685791 105.91926574707031 172.3947696685791 124.91868019104004 161.51492309570312 124.91868019104004
161.319580078125 105.524658203125 172.34621810913086 105.524658203125 172.34621810913086 124.7804126739502 161.319580078125 124.7804126739502
163.637451171875 107.5411148071289 174.57052421569824 107.5411148071289 174.57052421569824 126.63347816467285 163.637451171875 126.63347816467285
163.7779998779297 107.38108825683594 174.63976287841797 107.38108825683594 174.63976287841797 126.34892463684082 163.7779998779297 126.34892463684082
165.3447265625 108.12935638427734 176.18925380706787 108.12935638427734 176.18925380706787 127.06709289550781 165.3447265625 127.06709289550781
165.3868865966797 108.0302505493164 176.27575302124023 108.0302505493164 176.27575302124023 127.04541397094727 165.3868865966797 127.04541397094727
167.7605743408203 109.9004898071289 178.57404136657715 109.9004898071289 178.57404136657715 128.78398513793945 167.7605743408203 128.78398513793945
167.23818969726562 109.56180572509766 178.1215305328369 109.56180572509766 178.1215305328369 128.56732177734375 167.23818969726562 128.56732177734375
170.46945190429688 111.536865234375 181.32590675354004 111.536865234375 181.32590675354004 130.49542808532715 170.46945190429688 130.49542808532715
169.95889282226562 112.09381103515625 180.86497592926025 112.09381103515625 180.86497592926025 131.13903999328613 169.95889282226562 131.13903999328613
170.0655517578125 110.81318664550781 180.8859157562256 110.81318664550781 180.8859157562256 129.70872497558594 170.0655517578125 129.70872497558594
171.900634765625 111.81065368652344 182.77636909484863 111.81065368652344 182.77636909484863 130.80288314819336 171.900634765625 130.80288314819336
171.82315063476562 111.69584655761719 182.75478839874268 111.69584655761719 182.75478839874268 130.78569984436035 171.82315063476562 130.78569984436035
174.17214965820312 112.6660385131836 185.0829095840454 112.6660385131836 185.0829095840454 131.71943283081055 174.17214965820312 131.71943283081055
173.98629760742188 113.04618835449219 184.950701713562 113.04618835449219 184.950701713562 132.19326210021973 173.98629760742188 132.19326210021973
176.57717895507812 113.7438735961914 187.47938919067383 113.7438735961914 187.47938919067383 132.78234100341797 176.57717895507812 132.78234100341797
176.1386260986328 114.18145751953125 186.94927787780762 114.18145751953125 186.94927787780762 133.06003761291504 176.1386260986328 133.06003761291504
178.21694946289062 115.5307846069336 188.99156284332275 115.5307846069336 188.99156284332275 134.34643173217773 178.21694946289062 134.34643173217773
178.4967498779297 115.67059326171875 189.25689697265625 115.67059326171875 189.25689697265625 134.4609775543213 178.4967498779297 134.4609775543213
178.30592346191406 115.6133041381836 189.04605102539062 115.6133041381836 189.04605102539062 134.36873054504395 178.30592346191406 134.36873054504395
181.0637969970703 116.68638610839844 191.76458072662354 116.68638610839844 191.76458072662354 135.37310409545898 181.0637969970703 135.37310409545898
181.26260375976562 116.65547943115234 191.873929977417 116.65547943115234 191.873929977417 135.18597793579102 181.26260375976562 135.18597793579102
182.9950408935547 117.8335189819336 193.5520534515381 117.8335189819336 193.5520534515381 136.2691707611084 182.9950408935547 136.2691707611084
183.36325073242188 117.5317611694336 193.99253368377686 117.5317611694336 193.99253368377686 136.09361839294434 183.36325073242188 136.09361839294434
185.73193359375 118.7889633178711 196.6176586151123 118.7889633178711 196.6176586151123 137.79864311218262 185.73193359375 137.79864311218262
185.11361694335938 118.489501953125 196.0292510986328 118.489501953125 196.0292510986328 137.55141258239746 185.11361694335938 137.55141258239746
187.0132293701172 119.28129577636719 198.18198680877686 119.28129577636719 198.18198680877686 138.78523445129395 187.0132293701172 138.78523445129395
187.1766357421875 119.10003662109375 198.26176071166992 119.10003662109375 198.26176071166992 138.45792770385742 187.1766357421875 138.45792770385742
187.11207580566406 119.904052734375 198.06256580352783 119.904052734375 198.06256580352783 139.02683448791504 187.11207580566406 139.02683448791504
190.1065673828125 121.4273910522461 201.03196048736572 121.4273910522461 201.03196048736572 140.50634574890137 190.1065673828125 140.50634574890137
189.38604736328125 120.517822265625 200.28172302246094 120.517822265625 200.28172302246094 139.54488563537598 189.38604736328125 139.54488563537598
191.89846801757812 122.12286376953125 202.94360446929932 122.12286376953125 202.94360446929932 141.41093063354492 191.89846801757812 141.41093063354492
191.72207641601562 121.5320816040039 202.88734245300293 121.5320816040039 202.88734245300293 141.0299301147461 191.72207641601562 141.0299301147461
194.06265258789062 122.86698150634766 205.33661079406738 122.86698150634766 205.33661079406738 142.55463790893555 194.06265258789062 142.55463790893555
193.56275939941406 122.72994232177734 204.76233005523682 122.72994232177734 204.76233005523682 142.28769493103027 193.56275939941406 142.28769493103027
195.2980194091797 123.06648254394531 206.56943035125732 123.06648254394531 206.56943035125732 142.74968910217285 195.2980194091797 142.74968910217285
195.56732177734375 123.7340316772461 206.76238441467285 123.7340316772461 206.76238441467285 143.28390884399414 195.56732177734375 143.28390884399414
197.24484252929688 124.60308837890625 208.4609727859497 124.60308837890625 208.4609727859497 144.18975639343262 197.24484252929688 144.18975639343262
197.44784545898438 124.51702880859375 208.7703046798706 124.51702880859375 208.7703046798706 144.28937911987305 197.44784545898438 144.28937911987305
197.11297607421875 124.5029067993164 208.53510761260986 124.5029067993164 208.53510761260986 144.449312210083 197.11297607421875 144.449312210083
199.91683959960938 126.51057434082031 211.4699649810791 126.51057434082031 211.4699649810791 146.68573379516602 199.91683959960938 146.68573379516602
199.6757049560547 126.91336822509766 211.17767524719238 126.91336822509766 211.17767524719238 146.99919509887695 199.6757049560547 146.99919509887695
201.85409545898438 127.73637390136719 213.3014326095581 127.73637390136719 213.3014326095581 147.7267951965332 201.85409545898438 147.7267951965332
202.12928771972656 128.33090209960938 213.7073211669922 128.33090209960938 213.7073211669922 148.54955673217773 202.12928771972656 148.54955673217773
203.56466674804688 128.81788635253906 215.14954948425293 128.81788635253906 215.14954948425293 149.04850387573242 203.56466674804688 149.04850387573242
204.08436584472656 129.302734375 215.49805355072021 129.302734375 215.49805355072021 149.23439407348633 204.08436584472656 149.23439407348633
206.3798370361328 130.7047119140625 217.78339004516602 130.7047119140625 217.78339004516602 150.61867332458496 206.3798370361328 150.61867332458496
206.02206420898438 130.72982788085938 217.49718952178955 130.72982788085938 217.49718952178955 150.7687759399414 206.02206420898438 150.7687759399414
206.3143310546875 130.83331298828125 217.91593551635742 130.83331298828125 217.91593551635742 151.09313011169434 206.3143310546875 151.09313011169434
207.67410278320312 131.30352783203125 219.36331367492676 131.30352783203125 219.36331367492676 151.71632957458496 207.67410278320312 151.71632957458496
207.92257690429688 132.24136352539062 219.6252384185791 132.24136352539062 219.6252384185791 152.6776523590088 207.92257690429688 152.6776523590088
209.8106231689453 132.64749145507812 221.58558464050293 132.64749145507812 221.58558464050293 153.21003913879395 209.8106231689453 153.21003913879395
209.8440399169922 132.65884399414062 221.77375316619873 132.65884399414062 221.77375316619873 153.49163436889648 209.8440399169922 153.49163436889648
211.5251922607422 133.81057739257812 223.58088207244873 133.81057739257812 223.58088207244873 154.86335945129395 211.5251922607422 154.86335945129395
211.31484985351562 133.50418090820312 223.55499839782715 133.50418090820312 223.55499839782715 154.87908363342285 211.31484985351562 154.87908363342285
213.64810180664062 135.5576629638672 225.65788459777832 135.5576629638672 225.65788459777832 156.53027725219727 213.64810180664062 156.53027725219727
213.38232421875 134.94004821777344 225.3715763092041 134.94004821777344 225.3715763092041 155.87680625915527 213.38232421875 155.87680625915527
213.70071411132812 135.67759704589844 225.76523876190186 135.67759704589844 225.76523876190186 156.7458038330078 213.70071411132812 156.7458038330078
215.4568328857422 137.12014770507812 227.477032661438 137.12014770507812 227.477032661438 158.11094856262207 215.4568328857422 158.11094856262207
215.4894256591797 136.99278259277344 227.60591793060303 136.99278259277344 227.60591793060303 158.15173721313477 215.4894256591797 158.15173721313477
216.8794403076172 137.54222106933594 229.01511478424072 137.54222106933594 229.01511478424072 158.7346706390381 216.8794403076172 158.7346706390381
217.1670379638672 137.52383422851562 229.44797134399414 137.52383422851562 229.44797134399414 158.9699478149414 217.1670379638672 158.9699478149414
219.35366821289062 139.6289825439453 231.75290203094482 139.6289825439453 231.75290203094482 161.28168296813965 219.35366821289062 161.28168296813965
219.02316284179688 139.6229248046875 231.5906400680542 139.6229248046875 231.5906400680542 161.56942749023438 219.02316284179688 161.56942749023438
221.1714324951172 140.33717346191406 233.8333339691162 140.33717346191406 233.8333339691162 162.4485683441162 221.1714324951172 162.4485683441162
221.46859741210938 140.51889038085938 234.03228187561035 140.51889038085938 234.03228187561035 162.4587688446045 221.46859741210938 162.4587688446045
223.36306762695312 142.48187255859375 236.07017517089844 142.48187255859375 236.07017517089844 164.67221069335938 223.36306762695312 164.67221069335938
222.69735717773438 140.9176025390625 235.6738052368164 140.9176025390625 235.6738052368164 163.5782871246338 222.69735717773438 163.5782871246338
224.3637237548828 142.15298461914062 237.53721141815186 142.15298461914062 237.53721141815186 165.15775680541992 224.3637237548828 165.15775680541992
225.05419921875 142.42965698242188 238.29554748535156 142.42965698242188 238.29554748535156 165.5529327392578 225.05419921875 165.5529327392578
225.31088256835938 143.552490234375 238.47216796875 143.552490234375 238.47216796875 166.53595542907715 225.31088256835938 166.53595542907715
226.6344451904297 144.1188201904297 239.8589153289795 144.1188201904297 239.8589153289795 167.21262550354004 226.6344451904297 167.21262550354004
226.4334716796875 143.68545532226562 239.8749485015869 143.68545532226562 239.8749485015869 167.15821838378906 226.4334716796875 167.15821838378906
228.6889190673828 145.35940551757812 242.00140380859375 145.35940551757812 242.00140380859375 168.60691261291504 228.6889190673828 168.60691261291504
228.6707305908203 145.36769104003906 242.04310607910156 145.36769104003906 242.04310607910156 168.71978378295898 228.6707305908203 168.71978378295898
230.4734344482422 146.8748779296875 243.68905448913574 146.8748779296875 243.68905448913574 169.95322799682617 230.4734344482422 169.95322799682617
230.7407684326172 147.11929321289062 244.03115844726562 147.11929321289062 244.03115844726562 170.32821655273438 230.7407684326172 170.32821655273438
232.6272430419922 148.41555786132812 246.08794116973877 148.41555786132812 246.08794116973877 171.92189025878906 232.6272430419922 171.92189025878906
232.53573608398438 147.416015625 246.23819255828857 147.416015625 246.23819255828857 171.34453201293945 232.53573608398438 171.34453201293945
234.88534545898438 148.34292602539062 248.87309074401855 148.34292602539062 248.87309074401855 172.7696418762207 234.88534545898438 172.7696418762207
234.560546875 148.90907287597656 248.52712059020996 148.90907287597656 248.52712059020996 173.29881858825684 234.560546875 173.29881858825684
234.1829833984375 148.8992462158203 248.1135082244873 148.8992462158203 248.1135082244873 173.22604179382324 234.1829833984375 173.22604179382324
236.3679962158203 150.49807739257812 250.34228324890137 150.49807739257812 250.34228324890137 174.90129470825195 236.3679962158203 174.90129470825195
236.09774780273438 150.5507049560547 250.26662635803223 150.5507049560547 250.26662635803223 175.2937355041504 236.09774780273438 175.2937355041504
238.1580810546875 152.0739288330078 252.427227973938 152.0739288330078 252.427227973938 176.99205589294434 238.1580810546875 176.99205589294434
238.2165069580078 152.34486389160156 252.45479106903076 152.34486389160156 252.45479106903076 177.2090950012207 238.2165069580078 177.2090950012207
240.65420532226562 155.06561279296875 254.6763048171997 155.06561279296875 254.6763048171997 179.5523223876953 240.65420532226562 179.5523223876953
240.8378448486328 154.95643615722656 254.67430305480957 154.95643615722656 254.67430305480957 179.11896133422852 240.8378448486328 179.11896133422852
242.3009796142578 157.23471069335938 256.1470489501953 157.23471069335938 256.1470489501953 181.41401863098145 242.3009796142578 181.41401863098145
242.63485717773438 155.9396209716797 256.3515148162842 155.9396209716797 256.3515148162842 179.8929386138916 242.63485717773438 179.8929386138916
242.2949676513672 156.068115234375 256.3032741546631 156.068115234375 256.3032741546631 180.53073692321777 242.2949676513672 180.53073692321777
244.7040557861328 157.94949340820312 258.85257720947266 157.94949340820312 258.85257720947266 182.65696907043457 244.7040557861328 182.65696907043457
245.04263305664062 158.52127075195312 259.2575378417969 158.52127075195312 259.2575378417969 183.34467315673828 245.04263305664062 183.34467315673828
246.6580352783203 159.03207397460938 261.10476875305176 159.03207397460938 261.10476875305176 184.26031684875488 246.6580352783203 184.26031684875488
246.38180541992188 158.65481567382812 261.03224182128906 158.65481567382812 261.03224182128906 184.2387809753418 246.38180541992188 184.2387809753418
247.60464477539062 159.91578674316406 262.46587085723877 159.91578674316406 262.46587085723877 185.8678493499756 247.60464477539062 185.8678493499756
247.9636993408203 160.05343627929688 263.0272731781006 160.05343627929688 263.0272731781006 186.35886001586914 247.9636993408203 186.35886001586914
250.2875213623047 161.2693328857422 265.5069274902344 161.2693328857422 265.5069274902344 187.84688758850098 250.2875213623047 187.84688758850098
250.4381561279297 161.79721069335938 265.7384490966797 161.79721069335938 265.7384490966797 188.51601791381836 250.4381561279297 188.51601791381836
250.7140350341797 161.36050415039062 265.94801139831543 161.36050415039062 265.94801139831543 187.96350479125977 250.7140350341797 187.96350479125977
252.6920623779297 163.28439331054688 268.1431550979614 163.28439331054688 268.1431550979614 190.26654434204102 252.6920623779297 190.26654434204102
252.37210083007812 162.96682739257812 267.6627445220947 162.96682739257812 267.6627445220947 189.66878700256348 252.37210083007812 189.66878700256348
253.93063354492188 165.69883728027344 269.1443386077881 165.69883728027344 269.1443386077881 192.26643753051758 253.93063354492188 192.26643753051758
254.25442504882812 165.38116455078125 269.3149995803833 165.38116455078125 269.3149995803833 191.68135452270508 254.25442504882812 191.68135452270508
256.5213928222656 166.90283203125 271.5221767425537 166.90283203125 271.5221767425537 193.09860801696777 256.5213928222656 193.09860801696777
257.0498046875 167.60580444335938 271.72172260284424 167.60580444335938 271.72172260284424 193.2272834777832 257.0498046875 193.2272834777832
256.7950134277344 167.33401489257812 271.39977264404297 167.33401489257812 271.39977264404297 192.83821487426758 256.7950134277344 192.83821487426758
258.5041198730469 169.64645385742188 273.02937602996826 169.64645385742188 273.02937602996826 195.0118179321289 258.5041198730469 195.0118179321289
258.74652099609375 169.09925842285156 273.49683570861816 169.09925842285156 273.49683570861816 194.85764122009277 258.74652099609375 194.85764122009277
260.6992492675781 170.8424072265625 275.26157569885254 170.8424072265625 275.26157569885254 196.27250480651855 260.6992492675781 196.27250480651855
262.9666748046875 172.79432678222656 277.9906129837036 172.79432678222656 277.9906129837036 199.03053283691406 262.9666748046875 199.03053283691406
263.54571533203125 172.8316192626953 278.86927032470703 172.8316192626953 278.86927032470703 199.59104347229004 263.54571533203125 199.59104347229004
262.99755859375 172.5126953125 278.45522594451904 172.5126953125 278.45522594451904 199.50632095336914 262.99755859375 199.50632095336914
265.20916748046875 175.37796020507812 280.58085346221924 175.37796020507812 280.58085346221924 202.221435546875 265.20916748046875 202.221435546875
265.691162109375 175.76023864746094 280.9169292449951 175.76023864746094 280.9169292449951 202.34889793395996 265.691162109375 202.34889793395996
267.38787841796875 176.55795288085938 282.67724895477295 176.55795288085938 282.67724895477295 203.2576847076416 267.38787841796875 203.2576847076416
267.79754638671875 176.5753936767578 283.1298418045044 176.5753936767578 283.1298418045044 203.3500862121582 267.79754638671875 203.3500862121582
269.88458251953125 178.94070434570312 285.33174419403076 178.94070434570312 285.33174419403076 205.91598510742188 269.88458251953125 205.91598510742188
270.42559814453125 179.57765197753906 285.94871520996094 179.57765197753906 285.94871520996094 206.68557357788086 270.42559814453125 206.68557357788086
270.35968017578125 178.85186767578125 285.8843107223511 178.85186767578125 285.8843107223511 205.96243286132812 270.35968017578125 205.96243286132812
272.9701843261719 181.92520141601562 288.4721221923828 181.92520141601562 288.4721221923828 208.99613571166992 272.9701843261719 208.99613571166992
272.84027099609375 181.37893676757812 288.5641813278198 181.37893676757812 288.5641813278198 208.83749771118164 272.84027099609375 208.83749771118164
274.9120178222656 183.0002899169922 290.78637409210205 183.0002899169922 290.78637409210205 210.72157287597656 274.9120178222656 210.72157287597656
275.2633056640625 182.86521911621094 291.17073345184326 182.86521911621094 291.17073345184326 210.6442527770996 275.2633056640625 210.6442527770996
278.0406799316406 184.39730834960938 294.0459156036377 184.39730834960938 294.0459156036377 212.34714698791504 278.0406799316406 212.34714698791504
278.0141906738281 185.29684448242188 293.89813232421875 185.29684448242188 293.89813232421875 213.03487014770508 278.0141906738281 213.03487014770508
278.1330871582031 185.1537322998047 293.8243989944458 185.1537322998047 293.8243989944458 212.5553684234619 278.1330871582031 212.5553684234619
280.3471374511719 186.7274169921875 296.19395446777344 186.7274169921875 296.19395446777344 214.40060997009277 280.3471374511719 214.40060997009277
279.885498046875 186.48353576660156 295.71606731414795 186.48353576660156 295.71606731414795 214.12835693359375 279.885498046875 214.12835693359375
283.52813720703125 190.18850708007812 299.4594421386719 190.18850708007812 299.4594421386719 218.00924110412598 283.52813720703125 218.00924110412598
283.7794494628906 189.7371826171875 299.8649787902832 189.7371826171875 299.8649787902832 217.8272361755371 283.7794494628906 217.8272361755371
286.29754638671875 192.09974670410156 302.2734327316284 192.09974670410156 302.2734327316284 219.99833297729492 286.29754638671875 219.99833297729492
286.0019836425781 191.55645751953125 301.8843688964844 191.55645751953125 301.8843688964844 219.29176330566406 286.0019836425781 219.29176330566406
288.8350524902344 194.1146697998047 304.73349475860596 194.1146697998047 304.73349475860596 221.87801551818848 288.8350524902344 221.87801551818848
288.68658447265625 192.707275390625 304.7878952026367 192.707275390625 304.7878952026367 220.82489013671875 288.68658447265625 220.82489013671875
289.347900390625 193.6393280029297 305.65185546875 193.6393280029297 305.65185546875 222.11081886291504 289.347900390625 222.11081886291504
291.0844421386719 195.42063903808594 307.71755027770996 195.42063903808594 307.71755027770996 224.46692848205566 291.0844421386719 224.46692848205566
291.36785888671875 195.65701293945312 307.97931480407715 195.65701293945312 307.97931480407715 224.66549110412598 291.36785888671875 224.66549110412598
293.5639343261719 197.8637237548828 310.075252532959 197.8637237548828 310.075252532959 226.69733047485352 293.5639343261719 226.69733047485352
297.386474609375 200.43972778320312 314.05892181396484 200.43972778320312 314.05892181396484 229.55471420288086 297.386474609375 229.55471420288086
297.5616760253906 200.61935424804688 314.0909309387207 200.61935424804688 314.0909309387207 229.48428344726562 297.5616760253906 229.48428344726562
296.87677001953125 200.31588745117188 313.5801525115967 200.31588745117188 313.5801525115967 229.48489379882812 296.87677001953125 229.48489379882812
300.0266418457031 203.1981201171875 316.7673759460449 203.1981201171875 316.7673759460449 232.43235397338867 300.0266418457031 232.43235397338867
300.09185791015625 202.8555908203125 316.7261905670166 202.8555908203125 316.7261905670166 231.90401649475098 300.09185791015625 231.90401649475098
