116.0 47.0 158.0 47.0 158.0 104.0 116.0 104.0
120.5142822265625 45.715232849121094 162.56047821044922 45.715232849121094 162.56047821044922 102.77792739868164 120.5142822265625 102.77792739868164
133.27255249023438 45.30236053466797 175.64684677124023 45.30236053466797 175.64684677124023 102.81033325195312 133.27255249023438 102.81033325195312
140.06712341308594 48.1654167175293 182.6622428894043 48.1654167175293 182.6622428894043 105.97308349609375 140.06712341308594 105.97308349609375
148.3522491455078 49.247711181640625 191.27659606933594 49.247711181640625 191.27659606933594 107.5021858215332 148.3522491455078 107.5021858215332
156.2972412109375 49.6515007019043 198.9222526550293 49.6515007019043 198.9222526550293 107.49972915649414 156.2972412109375 107.49972915649414
165.1796875 49.43111801147461 208.54820251464844 49.43111801147461 208.54820251464844 108.28838729858398 165.1796875 108.28838729858398
173.874755859375 49.30730438232422 216.9070816040039 49.30730438232422 216.9070816040039 107.70831298828125 173.874755859375 107.70831298828125
183.82748413085938 49.323509216308594 226.2877960205078 49.323509216308594 226.2877960205078 106.94821548461914 183.82748413085938 106.94821548461914
190.54367065429688 48.0564079284668 232.96510314941406 48.0564079284668 232.96510314941406 105.62834548950195 190.54367065429688 105.62834548950195
195.95626831054688 49.174705505371094 238.30500030517578 49.174705505371094 238.30500030517578 106.64797973632812 195.95626831054688 106.64797973632812
197.67831420898438 48.56866455078125 239.96295547485352 48.56866455078125 239.96295547485352 105.9549560546875 197.67831420898438 105.9549560546875
202.0663299560547 48.465293884277344 244.83016967773438 48.465293884277344 244.83016967773438 106.50192642211914 202.0663299560547 106.50192642211914
207.71682739257812 50.57502365112305 251.25374603271484 50.57502365112305 251.25374603271484 109.66083908081055 207.71682739257812 109.66083908081055
215.4371795654297 51.9844856262207 258.63121032714844 51.9844856262207 258.63121032714844 110.60494995117188 215.4371795654297 110.60494995117188
222.65133666992188 52.2075080871582 265.98250579833984 52.2075080871582 265.98250579833984 111.01409530639648 222.65133666992188 111.01409530639648
233.5706787109375 53.400794982910156 276.4011764526367 53.400794982910156 276.4011764526367 111.52790069580078 233.5706787109375 111.52790069580078
241.24227905273438 52.422767639160156 284.7404975891113 52.422767639160156 284.7404975891113 111.45606994628906 241.24227905273438 111.45606994628906
248.37490844726562 53.339073181152344 292.08494567871094 53.339073181152344 292.08494567871094 112.65985107421875 248.37490844726562 112.65985107421875
255.591552734375 51.689720153808594 298.7361488342285 51.689720153808594 298.7361488342285 110.24310684204102 255.591552734375 110.24310684204102
262.782958984375 52.497657775878906 305.6916961669922 52.497657775878906 305.6916961669922 110.73095321655273 262.782958984375 110.73095321655273
267.02239990234375 52.24199295043945 309.75283432006836 52.24199295043945 309.75283432006836 110.23330688476562 267.02239990234375 110.23330688476562
272.54168701171875 52.553253173828125 316.45189666748047 52.553253173828125 316.45189666748047 112.14569091796875 272.54168701171875 112.14569091796875
272.4416809082031 53.379478454589844 316.08130264282227 53.379478454589844 316.08130264282227 112.60469055175781 272.4416809082031 112.60469055175781
276.2085876464844 52.8093147277832 319.71508026123047 52.8093147277832 319.71508026123047 111.85385131835938 276.2085876464844 111.85385131835938
283.4893493652344 52.788970947265625 326.3447151184082 52.788970947265625 326.3447151184082 110.94983673095703 283.4893493652344 110.94983673095703
289.5975036621094 54.837547302246094 332.65624237060547 54.837547302246094 332.65624237060547 113.2744255065918 289.5975036621094 113.2744255065918
297.3081359863281 53.0477180480957 340.3081169128418 53.0477180480957 340.3081169128418 111.40485763549805 297.3081359863281 111.40485763549805
295.96343994140625 54.514320373535156 339.0250549316406 54.514320373535156 339.0250549316406 112.95510864257812 295.96343994140625 112.95510864257812
302.15069580078125 53.83685302734375 345.4215888977051 53.83685302734375 345.4215888977051 112.5616569519043 302.15069580078125 112.5616569519043
307.5047302246094 54.983184814453125 351.37395095825195 54.983184814453125 351.37395095825195 114.52000045776367 307.5047302246094 114.52000045776367
313.1520080566406 54.805397033691406 356.8491020202637 54.805397033691406 356.8491020202637 114.10861206054688 313.1520080566406 114.10861206054688
315.858642578125 54.1757698059082 358.77774810791016 54.1757698059082 358.77774810791016 112.42314529418945 315.858642578125 112.42314529418945
316.2032775878906 54.68458938598633 359.67072677612305 54.68458938598633 359.67072677612305 113.67615509033203 316.2032775878906 113.67615509033203
317.6141052246094 55.67535400390625 360.55976486206055 55.67535400390625 360.55976486206055 113.95878219604492 317.6141052246094 113.95878219604492
317.99847412109375 56.561805725097656 360.7187728881836 56.561805725097656 360.7187728881836 114.53938293457031 317.99847412109375 114.53938293457031
319.46429443359375 55.9174919128418 361.9393768310547 55.9174919128418 361.9393768310547 113.56227493286133 319.46429443359375 113.56227493286133
320.514892578125 55.48382568359375 362.6177444458008 55.48382568359375 362.6177444458008 112.6234359741211 320.514892578125 112.6234359741211
322.54376220703125 57.02552032470703 364.8308563232422 57.02552032470703 364.8308563232422 114.41516876220703 322.54376220703125 114.41516876220703
324.69378662109375 55.616485595703125 367.31018829345703 55.616485595703125 367.31018829345703 113.45305252075195 324.69378662109375 113.45305252075195
326.9715881347656 55.4094123840332 369.8370552062988 55.4094123840332 369.8370552062988 113.5839958190918 326.9715881347656 113.5839958190918
332.3363952636719 56.48969650268555 375.2899055480957 56.48969650268555 375.2899055480957 114.78377151489258 332.3363952636719 114.78377151489258
332.7360534667969 56.1888313293457 375.1864776611328 56.1888313293457 375.1864776611328 113.8001480102539 332.7360534667969 113.8001480102539
336.08953857421875 54.98469161987305 378.91101837158203 54.98469161987305 378.91101837158203 113.09958267211914 336.08953857421875 113.09958267211914
339.2029724121094 55.21063995361328 382.15418243408203 55.21063995361328 382.15418243408203 113.50159454345703 339.2029724121094 113.50159454345703
340.836669921875 55.71360397338867 383.0000114440918 55.71360397338867 383.0000114440918 112.93530654907227 340.836669921875 112.93530654907227
342.53448486328125 55.818946838378906 382.99995040893555 55.818946838378906 382.99995040893555 110.73638916015625 342.53448486328125 110.73638916015625
343.26129150390625 57.03558349609375 382.9999771118164 57.03558349609375 382.9999771118164 110.9666748046875 343.26129150390625 110.9666748046875
344.0931396484375 56.3845329284668 383.00000762939453 56.3845329284668 383.00000762939453 109.18672943115234 344.0931396484375 109.18672943115234
344.1136779785156 56.227317810058594 383.00001525878906 56.227317810058594 383.00001525878906 109.00164794921875 344.1136779785156 109.00164794921875
343.77801513671875 56.95856857299805 383.0 56.95856857299805 383.0 110.18842697143555 343.77801513671875 110.18842697143555
343.07568359375 57.5216064453125 382.9999771118164 57.5216064453125 382.9999771118164 111.70458984375 343.07568359375 111.70458984375
340.12957763671875 59.178977966308594 379.84264373779297 59.178977966308594 379.84264373779297 113.07529067993164 340.12957763671875 113.07529067993164
338.42034912109375 58.80366134643555 377.9242706298828 58.80366134643555 377.9242706298828 112.41613006591797 338.42034912109375 112.41613006591797
336.0810852050781 57.518463134765625 376.1321792602539 57.518463134765625 376.1321792602539 111.8735237121582 336.0810852050781 111.8735237121582
332.7953796386719 59.0701904296875 372.63353729248047 59.0701904296875 372.63353729248047 113.13626861572266 332.7953796386719 113.13626861572266
328.84979248046875 58.52580642700195 368.81066131591797 58.52580642700195 368.81066131591797 112.7584228515625 328.84979248046875 112.7584228515625
328.2052001953125 59.16486358642578 368.6478042602539 59.16486358642578 368.6478042602539 114.05126571655273 328.2052001953125 114.05126571655273
325.84613037109375 58.334442138671875 366.1062812805176 58.334442138671875 366.1062812805176 112.97322845458984 325.84613037109375 112.97322845458984
321.69915771484375 57.598655700683594 361.7979850769043 57.598655700683594 361.7979850769043 112.01850509643555 321.69915771484375 112.01850509643555
317.65948486328125 56.8503303527832 358.408878326416 56.8503303527832 358.408878326416 112.1530876159668 317.65948486328125 112.1530876159668
311.5309143066406 55.601661682128906 352.31447982788086 55.601661682128906 352.31447982788086 110.95080184936523 311.5309143066406 110.95080184936523
305.84356689453125 53.73406219482422 346.2108573913574 53.73406219482422 346.2108573913574 108.51826095581055 305.84356689453125 108.51826095581055
302.17718505859375 55.34632110595703 342.9380302429199 55.34632110595703 342.9380302429199 110.66463088989258 302.17718505859375 110.66463088989258
296.41046142578125 54.27724075317383 337.28901290893555 54.27724075317383 337.28901290893555 109.75529098510742 296.41046142578125 109.75529098510742
290.9342346191406 54.41362380981445 331.7649917602539 54.41362380981445 331.7649917602539 109.82680892944336 290.9342346191406 109.82680892944336
284.62298583984375 54.7972412109375 325.28399658203125 54.7972412109375 325.28399658203125 109.98005294799805 284.62298583984375 109.98005294799805
277.9657897949219 54.31975555419922 319.1395797729492 54.31975555419922 319.1395797729492 110.198486328125 277.9657897949219 110.198486328125
271.8453674316406 52.33665084838867 313.02808380126953 52.33665084838867 313.02808380126953 108.22749710083008 271.8453674316406 108.22749710083008
260.7050476074219 52.41337966918945 301.938419342041 52.41337966918945 301.938419342041 108.37297439575195 260.7050476074219 108.37297439575195
253.5155792236328 51.70134353637695 294.4900894165039 51.70134353637695 294.4900894165039 107.30962753295898 253.5155792236328 107.30962753295898
247.0133819580078 51.267234802246094 288.3990249633789 51.267234802246094 288.3990249633789 107.4334831237793 247.0133819580078 107.4334831237793
246.5393829345703 51.081886291503906 288.34585189819336 51.081886291503906 288.34585189819336 107.81925201416016 246.5393829345703 107.81925201416016
242.1910400390625 50.65825653076172 283.88351821899414 50.65825653076172 283.88351821899414 107.24092102050781 242.1910400390625 107.24092102050781
235.4187469482422 50.83211135864258 277.60551834106445 50.83211135864258 277.60551834106445 108.08559799194336 235.4187469482422 108.08559799194336
229.2132110595703 50.55645751953125 271.6505355834961 50.55645751953125 271.6505355834961 108.14998245239258 229.2132110595703 108.14998245239258
221.3560333251953 50.66737365722656 264.61985778808594 50.66737365722656 264.61985778808594 109.38257598876953 221.3560333251953 109.38257598876953
209.56689453125 49.794349670410156 252.84716796875 49.794349670410156 252.84716796875 108.53187561035156 209.56689453125 108.53187561035156
201.147705078125 50.044952392578125 243.87870407104492 50.044952392578125 243.87870407104492 108.03703689575195 201.147705078125 108.03703689575195
192.53750610351562 47.65065383911133 235.78176498413086 47.65065383911133 235.78176498413086 106.33930206298828 192.53750610351562 106.33930206298828
184.33863830566406 46.751487731933594 227.7744598388672 46.751487731933594 227.7744598388672 105.70011520385742 184.33863830566406 105.70011520385742
176.56234741210938 47.59407043457031 219.9486083984375 47.59407043457031 219.9486083984375 106.47543716430664 176.56234741210938 106.47543716430664
168.7624969482422 47.315181732177734 212.13412857055664 47.315181732177734 212.13412857055664 106.17669296264648 168.7624969482422 106.17669296264648
162.67349243164062 47.22239303588867 206.46653366088867 47.22239303588867 206.46653366088867 106.65581512451172 162.67349243164062 106.65581512451172
152.1355743408203 47.329559326171875 196.31352996826172 47.329559326171875 196.31352996826172 107.28535842895508 152.1355743408203 107.28535842895508
145.65963745117188 47.891456604003906 190.27699661254883 47.891456604003906 190.27699661254883 108.44358825683594 145.65963745117188 108.44358825683594
138.8988494873047 48.14732360839844 183.4771842956543 48.14732360839844 183.4771842956543 108.64649200439453 138.8988494873047 108.64649200439453
132.4585418701172 49.33775329589844 176.97257232666016 49.33775329589844 176.97257232666016 109.7496566772461 132.4585418701172 109.7496566772461
127.60128021240234 48.99176788330078 171.74943161010742 48.99176788330078 171.74943161010742 108.90711975097656 127.60128021240234 108.90711975097656
128.26739501953125 49.29349899291992 172.3675994873047 49.29349899291992 172.3675994873047 109.14377975463867 128.26739501953125 109.14377975463867
122.7216796875 50.10877227783203 166.61149978637695 50.10877227783203 166.61149978637695 109.67353057861328 122.7216796875 109.67353057861328
117.9444808959961 51.23591995239258 161.21404266357422 51.23591995239258 161.21404266357422 109.95890045166016 117.9444808959961 109.95890045166016
113.64729309082031 51.34381866455078 156.3559799194336 51.34381866455078 156.3559799194336 109.30561065673828 113.64729309082031 109.30561065673828
106.90718078613281 51.596656799316406 149.33942413330078 51.596656799316406 149.33942413330078 109.18327331542969 106.90718078613281 109.18327331542969
102.04630279541016 50.834571838378906 144.56729125976562 50.834571838378906 144.56729125976562 108.5416259765625 102.04630279541016 108.5416259765625
97.2624282836914 50.457557678222656 140.20225524902344 50.457557678222656 140.20225524902344 108.73303985595703 97.2624282836914 108.73303985595703
92.3156967163086 49.49860382080078 135.24594116210938 49.49860382080078 135.24594116210938 107.76107788085938 92.3156967163086 107.76107788085938
88.09468841552734 48.25355529785156 130.86891174316406 48.25355529785156 130.86891174316406 106.30428314208984 88.09468841552734 106.30428314208984
84.75952911376953 45.989234924316406 127.51258850097656 45.989234924316406 127.51258850097656 104.01123809814453 84.75952911376953 104.01123809814453
79.3428955078125 45.28836441040039 121.84987258911133 45.28836441040039 121.84987258911133 102.97640228271484 79.3428955078125 102.97640228271484
76.95832824707031 43.79973602294922 118.34798812866211 43.79973602294922 118.34798812866211 99.97141647338867 76.95832824707031 99.97141647338867
75.15596771240234 43.53564453125 116.14783477783203 43.53564453125 116.14783477783203 99.16746139526367 75.15596771240234 99.16746139526367
76.12787628173828 43.720130920410156 116.64519500732422 43.720130920410156 116.64519500732422 98.70791625976562 76.12787628173828 98.70791625976562
71.44239807128906 43.487762451171875 112.60044860839844 43.487762451171875 112.60044860839844 99.34511184692383 71.44239807128906 99.34511184692383
67.55184936523438 41.49156951904297 108.77305603027344 41.49156951904297 108.77305603027344 97.43463134765625 67.55184936523438 97.43463134765625
62.46234130859375 42.844337463378906 102.775390625 42.844337463378906 102.775390625 97.55489730834961 62.46234130859375 97.55489730834961
56.14240646362305 43.466041564941406 97.20440673828125 43.466041564941406 97.20440673828125 99.19303894042969 56.14240646362305 99.19303894042969
44.3203010559082 43.394981384277344 85.63536834716797 43.394981384277344 85.63536834716797 99.46542739868164 44.3203010559082 99.46542739868164
37.04319381713867 44.328453063964844 78.49286651611328 44.328453063964844 78.49286651611328 100.58157730102539 37.04319381713867 100.58157730102539
31.787256240844727 44.62147521972656 73.31881904602051 44.62147521972656 73.31881904602051 100.98573303222656 31.787256240844727 100.98573303222656
28.6606502532959 46.32914733886719 70.57729911804199 46.32914733886719 70.57729911804199 103.21602630615234 28.6606502532959 103.21602630615234
28.024526596069336 45.412315368652344 69.90233039855957 45.412315368652344 69.90233039855957 102.24647521972656 28.024526596069336 102.24647521972656
26.504817962646484 46.4969596862793 68.84115219116211 46.4969596862793 68.84115219116211 103.95341110229492 26.504817962646484 103.95341110229492
28.703350067138672 45.639583587646484 70.8105583190918 45.639583587646484 70.8105583190918 102.78507995605469 28.703350067138672 102.78507995605469
31.203289031982422 44.20746612548828 73.33013153076172 44.20746612548828 73.33013153076172 101.3796157836914 31.203289031982422 101.3796157836914
31.793697357177734 45.72887420654297 73.73406600952148 45.72887420654297 73.73406600952148 102.64794921875 31.793697357177734 102.64794921875
36.23143005371094 45.744224548339844 77.87711334228516 45.744224548339844 77.87711334228516 102.26337051391602 36.23143005371094 102.26337051391602
42.79187774658203 45.234527587890625 84.12345123291016 45.234527587890625 84.12345123291016 101.3273811340332 42.79187774658203 101.3273811340332
51.790992736816406 46.82558059692383 92.67115783691406 46.82558059692383 92.67115783691406 102.30581283569336 51.790992736816406 102.30581283569336
67.81294250488281 44.28771209716797 107.94513702392578 44.28771209716797 107.94513702392578 98.75284194946289 67.81294250488281 98.75284194946289
76.73072814941406 43.749977111816406 117.3758430480957 43.749977111816406 117.3758430480957 98.91120910644531 76.73072814941406 98.91120910644531
84.04843139648438 45.682498931884766 124.77827453613281 45.682498931884766 124.77827453613281 100.95872116088867 84.04843139648438 100.95872116088867
90.64213562011719 44.59209442138672 131.03072357177734 44.59209442138672 131.03072357177734 99.40518569946289 90.64213562011719 99.40518569946289
95.43128967285156 46.7041015625 136.3161163330078 46.7041015625 136.3161163330078 102.1906623840332 95.43128967285156 102.1906623840332
100.47832489013672 46.441978454589844 140.5589828491211 46.441978454589844 140.5589828491211 100.8371696472168 100.47832489013672 100.8371696472168
105.564208984375 46.58934783935547 146.04982376098633 46.58934783935547 146.04982376098633 101.53412246704102 105.564208984375 101.53412246704102
109.71379089355469 48.507850646972656 149.5810775756836 48.507850646972656 149.5810775756836 102.61347198486328 109.71379089355469 102.61347198486328
113.860595703125 48.89441680908203 154.0948028564453 48.89441680908203 154.0948028564453 103.49800491333008 113.860595703125 103.49800491333008
114.2164306640625 48.85829544067383 154.1570167541504 48.85829544067383 154.1570167541504 103.06339645385742 114.2164306640625 103.06339645385742
117.8123550415039 50.189064025878906 157.54260635375977 50.189064025878906 157.54260635375977 104.10871124267578 117.8123550415039 104.10871124267578
