104.0 114.0 121.0 114.0 121.0 147.0 104.0 147.0
105.42085266113281 114.14070129394531 122.44222640991211 114.14070129394531 122.44222640991211 147.18219375610352 105.42085266113281 147.18219375610352
106.53654479980469 113.96533203125 123.81014633178711 113.96533203125 123.81014633178711 147.49644088745117 106.53654479980469 147.49644088745117
107.01529693603516 113.26541900634766 124.63821601867676 113.26541900634766 124.63821601867676 147.474609375 107.01529693603516 147.474609375
108.66822814941406 111.77500915527344 126.3988151550293 111.77500915527344 126.3988151550293 146.1932029724121 108.66822814941406 146.1932029724121
109.2436752319336 113.75904846191406 127.1292781829834 113.75904846191406 127.1292781829834 148.47815704345703 109.2436752319336 148.47815704345703
110.56730651855469 115.1308364868164 128.22222137451172 115.1308364868164 128.22222137451172 149.40214157104492 110.56730651855469 149.40214157104492
111.71089172363281 115.64469909667969 129.2474765777588 115.64469909667969 129.2474765777588 149.68630599975586 111.71089172363281 149.68630599975586
112.72286224365234 116.28924560546875 130.33082008361816 116.28924560546875 130.33082008361816 150.46940231323242 112.72286224365234 150.46940231323242
114.28682708740234 116.39891052246094 131.65216445922852 116.39891052246094 131.65216445922852 150.10809707641602 114.28682708740234 150.10809707641602
115.60089111328125 116.90361022949219 132.66239738464355 116.90361022949219 132.66239738464355 150.02300643920898 115.60089111328125 150.02300643920898
116.57234191894531 116.56172180175781 133.4880714416504 116.56172180175781 133.4880714416504 149.39813995361328 116.57234191894531 149.39813995361328
118.16703796386719 117.23677825927734 135.00886154174805 117.23677825927734 135.00886154174805 149.9297332763672 118.16703796386719 149.9297332763672
119.07637786865234 118.6247329711914 135.86664199829102 118.6247329711914 135.86664199829102 151.2176055908203 119.07637786865234 151.2176055908203
120.24714660644531 117.9461898803711 137.00976371765137 117.9461898803711 137.00976371765137 150.4853973388672 120.24714660644531 150.4853973388672
121.86572265625 118.68791198730469 138.66556358337402 118.68791198730469 138.66556358337402 151.29937744140625 121.86572265625 151.29937744140625
122.68556213378906 119.08939361572266 139.71795845031738 119.08939361572266 139.71795845031738 152.15228271484375 122.68556213378906 152.15228271484375
123.95915222167969 118.99385833740234 140.84132766723633 118.99385833740234 140.84132766723633 151.76513671875 123.95915222167969 151.76513671875
125.31449127197266 119.22994232177734 142.46724319458008 119.22994232177734 142.46724319458008 152.52645874023438 125.31449127197266 152.52645874023438
126.77445220947266 119.0478286743164 144.07273483276367 119.0478286743164 144.07273483276367 152.62684631347656 126.77445220947266 152.62684631347656
127.81355285644531 118.7383804321289 145.1400203704834 118.7383804321289 145.1400203704834 152.37211227416992 127.81355285644531 152.37211227416992
129.77389526367188 119.16490173339844 146.81931686401367 119.16490173339844 146.81931686401367 152.2530746459961 129.77389526367188 152.2530746459961
130.86087036132812 119.9913101196289 148.0349464416504 119.9913101196289 148.0349464416504 153.32922744750977 130.86087036132812 153.32922744750977
132.03121948242188 120.03031158447266 149.27835655212402 120.03031158447266 149.27835655212402 153.5100555419922 132.03121948242188 153.5100555419922
133.63807678222656 120.4737319946289 150.71890830993652 120.4737319946289 150.71890830993652 153.63064575195312 133.63807678222656 153.63064575195312
134.6884765625 120.6820068359375 151.99406242370605 120.6820068359375 151.99406242370605 154.27520751953125 134.6884765625 154.27520751953125
136.11231994628906 121.15020751953125 153.31701278686523 121.15020751953125 153.31701278686523 154.54755401611328 136.11231994628906 154.54755401611328
137.71310424804688 121.5037841796875 154.61661911010742 121.5037841796875 154.61661911010742 154.31649017333984 137.71310424804688 154.31649017333984
139.3517303466797 121.72908020019531 156.0709114074707 121.72908020019531 156.0709114074707 154.18395614624023 139.3517303466797 154.18395614624023
140.50357055664062 122.36299133300781 157.21103858947754 122.36299133300781 157.21103858947754 154.7951316833496 140.50357055664062 154.7951316833496
142.39971923828125 123.15525817871094 158.77634239196777 123.15525817871094 158.77634239196777 154.94516944885254 142.39971923828125 154.94516944885254
143.55621337890625 123.415283203125 159.91255950927734 123.415283203125 159.91255950927734 155.16583251953125 143.55621337890625 155.16583251953125
145.77633666992188 123.9990234375 162.05817794799805 123.9990234375 162.05817794799805 155.6049404144287 145.77633666992188 155.6049404144287
147.2998504638672 124.32608795166016 163.48836135864258 124.32608795166016 163.48836135864258 155.75083541870117 147.2998504638672 155.75083541870117
148.78451538085938 124.3202133178711 164.91366958618164 124.3202133178711 164.91366958618164 155.62974166870117 148.78451538085938 155.62974166870117
149.72901916503906 124.18756103515625 166.0042610168457 124.18756103515625 166.0042610168457 155.7806739807129 149.72901916503906 155.7806739807129
150.74533081054688 124.54643249511719 166.89052963256836 124.54643249511719 166.89052963256836 155.88710975646973 150.74533081054688 155.88710975646973
151.69683837890625 124.5842056274414 168.2169895172119 124.5842056274414 168.2169895172119 156.6527328491211 151.69683837890625 156.6527328491211
153.29539489746094 125.65196228027344 169.84282302856445 125.65196228027344 169.84282302856445 157.77343368530273 153.29539489746094 157.77343368530273
154.25621032714844 125.98626708984375 170.7994270324707 125.98626708984375 170.7994270324707 158.09956741333008 154.25621032714844 158.09956741333008
156.3516387939453 126.2334213256836 172.86604690551758 126.2334213256836 172.86604690551758 158.29079818725586 156.3516387939453 158.29079818725586
157.02188110351562 126.78617095947266 173.63525772094727 126.78617095947266 173.63525772094727 159.0356674194336 157.02188110351562 159.0356674194336
158.49728393554688 126.0705337524414 175.2932186126709 126.0705337524414 175.2932186126709 158.67440795898438 158.49728393554688 158.67440795898438
159.9752197265625 126.046142578125 176.76206016540527 126.046142578125 176.76206016540527 158.63236236572266 159.9752197265625 158.63236236572266
161.0771942138672 126.27638244628906 178.04369354248047 126.27638244628906 178.04369354248047 159.21135330200195 161.0771942138672 159.21135330200195
161.9674835205078 127.0481948852539 179.2491855621338 127.0481948852539 179.2491855621338 160.59502792358398 161.9674835205078 160.59502792358398
163.23330688476562 127.47090911865234 180.45442390441895 127.47090911865234 180.45442390441895 160.90013122558594 163.23330688476562 160.90013122558594
164.86126708984375 127.91622161865234 182.30249404907227 127.91622161865234 182.30249404907227 161.7727165222168 164.86126708984375 161.7727165222168
166.44918823242188 127.93678283691406 183.85349464416504 127.93678283691406 183.85349464416504 161.72160720825195 166.44918823242188 161.72160720825195
167.8769073486328 127.65511322021484 185.39928817749023 127.65511322021484 185.39928817749023 161.66913986206055 167.8769073486328 161.66913986206055
168.05062866210938 128.18881225585938 185.84793281555176 128.18881225585938 185.84793281555176 162.73651123046875 168.05062866210938 162.73651123046875
169.9096221923828 128.04458618164062 187.48614120483398 128.04458618164062 187.48614120483398 162.16370391845703 169.9096221923828 162.16370391845703
171.27627563476562 129.47784423828125 188.5858497619629 129.47784423828125 188.5858497619629 163.07877349853516 171.27627563476562 163.07877349853516
172.63037109375 129.78538513183594 189.93161392211914 129.78538513183594 189.93161392211914 163.3701400756836 172.63037109375 163.3701400756836
173.82467651367188 130.47637939453125 190.9856128692627 130.47637939453125 190.9856128692627 163.7887725830078 173.82467651367188 163.7887725830078
175.06472778320312 130.5038604736328 192.21640968322754 130.5038604736328 192.21640968322754 163.79829025268555 175.06472778320312 163.79829025268555
176.48289489746094 131.28793334960938 193.37112045288086 131.28793334960938 193.37112045288086 164.07094955444336 176.48289489746094 164.07094955444336
177.85345458984375 131.7938995361328 194.76963233947754 131.7938995361328 194.76963233947754 164.63117218017578 177.85345458984375 164.63117218017578
179.291748046875 130.92469787597656 196.14934730529785 130.92469787597656 196.14934730529785 163.64826202392578 179.291748046875 163.64826202392578
180.0629425048828 131.48861694335938 197.30116844177246 131.48861694335938 197.30116844177246 164.95104598999023 180.0629425048828 164.95104598999023
181.4365234375 132.3057098388672 198.90152740478516 132.3057098388672 198.90152740478516 166.2083511352539 181.4365234375 166.2083511352539
182.6778106689453 133.04318237304688 200.20624923706055 133.04318237304688 200.20624923706055 167.06896209716797 182.6778106689453 167.06896209716797
184.19851684570312 132.93753051757812 201.91818237304688 132.93753051757812 201.91818237304688 167.33451080322266 184.19851684570312 167.33451080322266
185.7500762939453 133.2053985595703 203.5761375427246 133.2053985595703 203.5761375427246 167.80891799926758 185.7500762939453 167.80891799926758
186.4301300048828 134.1548614501953 204.45600509643555 134.1548614501953 204.45600509643555 169.14625549316406 186.4301300048828 169.14625549316406
188.06008911132812 133.8529815673828 206.13590621948242 133.8529815673828 206.13590621948242 168.94132232666016 188.06008911132812 168.94132232666016
189.12042236328125 133.10037231445312 207.2735996246338 133.10037231445312 207.2735996246338 168.3388786315918 189.12042236328125 168.3388786315918
190.7416534423828 133.56039428710938 209.06523513793945 133.56039428710938 209.06523513793945 169.12968826293945 190.7416534423828 169.12968826293945
191.3773193359375 134.02456665039062 209.8458194732666 134.02456665039062 209.8458194732666 169.87517166137695 191.3773193359375 169.87517166137695
192.42401123046875 134.9467315673828 211.161039352417 134.9467315673828 211.161039352417 171.31859588623047 192.42401123046875 171.31859588623047
193.86190795898438 135.62353515625 212.64830017089844 135.62353515625 212.64830017089844 172.09122467041016 193.86190795898438 172.09122467041016
194.61444091796875 136.45809936523438 213.66232681274414 136.45809936523438 213.66232681274414 173.43339157104492 194.61444091796875 173.43339157104492
196.392578125 136.9217987060547 215.35630416870117 136.9217987060547 215.35630416870117 173.7337188720703 196.392578125 173.7337188720703
197.81875610351562 136.94252014160156 216.7683448791504 136.94252014160156 216.7683448791504 173.72700119018555 197.81875610351562 173.72700119018555
198.41378784179688 136.62802124023438 217.70830154418945 136.62802124023438 217.70830154418945 174.08206176757812 198.41378784179688 174.08206176757812
199.53244018554688 136.3236541748047 219.20055961608887 136.3236541748047 219.20055961608887 174.5029296875 199.53244018554688 174.5029296875
200.25588989257812 137.5865478515625 219.94618034362793 137.5865478515625 219.94618034362793 175.8088607788086 200.25588989257812 175.8088607788086
201.3533172607422 138.38668823242188 220.87255096435547 138.38668823242188 220.87255096435547 176.27694702148438 201.3533172607422 176.27694702148438
202.53086853027344 139.1885528564453 221.89922904968262 139.1885528564453 221.89922904968262 176.78594589233398 202.53086853027344 176.78594589233398
204.0976104736328 140.1761016845703 223.4543571472168 140.1761016845703 223.4543571472168 177.75094985961914 204.0976104736328 177.75094985961914
204.29104614257812 140.51736450195312 223.5780849456787 140.51736450195312 223.5780849456787 177.95690155029297 204.29104614257812 177.95690155029297
205.50424194335938 140.55813598632812 224.90485000610352 140.55813598632812 224.90485000610352 178.2181282043457 205.50424194335938 178.2181282043457
206.21713256835938 141.75369262695312 225.5163059234619 141.75369262695312 225.5163059234619 179.2167854309082 206.21713256835938 179.2167854309082
207.14102172851562 141.41983032226562 226.39572715759277 141.41983032226562 226.39572715759277 178.7966079711914 207.14102172851562 178.7966079711914
207.6476593017578 142.42330932617188 227.18870544433594 142.42330932617188 227.18870544433594 180.35592651367188 207.6476593017578 180.35592651367188
208.09500122070312 143.02198791503906 227.64163970947266 143.02198791503906 227.64163970947266 180.96546173095703 208.09500122070312 180.96546173095703
208.1183319091797 143.85040283203125 227.67003440856934 143.85040283203125 227.67003440856934 181.80370712280273 208.1183319091797 181.80370712280273
209.6085968017578 144.7024383544922 228.84347534179688 144.7024383544922 228.84347534179688 182.04073333740234 209.6085968017578 182.04073333740234
209.45065307617188 144.8741912841797 228.96477508544922 144.8741912841797 228.96477508544922 182.7545509338379 209.45065307617188 182.7545509338379
209.97232055664062 145.8645782470703 229.5739631652832 145.8645782470703 229.5739631652832 183.91482543945312 209.97232055664062 183.91482543945312
209.8823699951172 145.91171264648438 229.3952980041504 145.91171264648438 229.3952980041504 183.78975296020508 209.8823699951172 183.78975296020508
210.4623565673828 146.34658813476562 229.88735008239746 146.34658813476562 229.88735008239746 184.0539321899414 210.4623565673828 184.0539321899414
210.6891326904297 147.3928680419922 230.2760524749756 147.3928680419922 230.2760524749756 185.4145393371582 210.6891326904297 185.4145393371582
211.16622924804688 148.27537536621094 230.59985160827637 148.27537536621094 230.59985160827637 185.99947357177734 211.16622924804688 185.99947357177734
211.3525390625 148.76588439941406 231.03732872009277 148.76588439941406 231.03732872009277 186.97754669189453 211.3525390625 186.97754669189453
211.6573028564453 148.69583129882812 231.3652000427246 148.69583129882812 231.3652000427246 186.95235061645508 211.6573028564453 186.95235061645508
211.6551971435547 150.22183227539062 231.39453315734863 150.22183227539062 231.39453315734863 188.53937911987305 211.6551971435547 188.53937911987305
211.96731567382812 150.59268188476562 231.66716194152832 150.59268188476562 231.66716194152832 188.83356857299805 211.96731567382812 188.83356857299805
212.12393188476562 150.49453735351562 231.64300155639648 150.49453735351562 231.64300155639648 188.3844985961914 212.12393188476562 188.3844985961914
212.4998321533203 151.3682403564453 231.9643898010254 151.3682403564453 231.9643898010254 189.15238571166992 212.4998321533203 189.15238571166992
212.2220458984375 150.83590698242188 232.03843688964844 150.83590698242188 232.03843688964844 189.30301666259766 212.2220458984375 189.30301666259766
212.26980590820312 152.21920776367188 232.2031021118164 152.21920776367188 232.2031021118164 190.91324996948242 212.26980590820312 190.91324996948242
212.0976104736328 153.24586486816406 232.09884452819824 153.24586486816406 232.09884452819824 192.07178497314453 212.0976104736328 192.07178497314453
211.4989013671875 153.45230102539062 231.72400093078613 153.45230102539062 231.72400093078613 192.71278762817383 211.4989013671875 192.71278762817383
211.1883087158203 153.76632690429688 231.75176620483398 153.76632690429688 231.75176620483398 193.6836280822754 211.1883087158203 193.6836280822754
211.3197784423828 154.63075256347656 231.68164443969727 154.63075256347656 231.68164443969727 194.1567268371582 211.3197784423828 194.1567268371582
211.27548217773438 153.8661346435547 231.96274948120117 153.8661346435547 231.96274948120117 194.02376556396484 211.27548217773438 194.02376556396484
210.89791870117188 155.23997497558594 231.58454132080078 155.23997497558594 231.58454132080078 195.39635467529297 210.89791870117188 195.39635467529297
211.0301513671875 155.99903869628906 232.1039924621582 155.99903869628906 232.1039924621582 196.90707778930664 211.0301513671875 196.90707778930664
210.8762969970703 157.44569396972656 232.11631393432617 157.44569396972656 232.11631393432617 198.67631149291992 210.8762969970703 198.67631149291992
211.44296264648438 157.4250030517578 233.08496856689453 157.4250030517578 233.08496856689453 199.43595504760742 211.44296264648438 199.43595504760742
211.79702758789062 158.2434539794922 233.39384078979492 158.2434539794922 233.39384078979492 200.16667938232422 211.79702758789062 200.16667938232422
211.7953338623047 158.51486206054688 233.6949291229248 158.51486206054688 233.6949291229248 201.02584075927734 211.7953338623047 201.02584075927734
212.25198364257812 158.64926147460938 234.26617431640625 158.64926147460938 234.26617431640625 201.38269805908203 212.25198364257812 201.38269805908203
212.57211303710938 159.16102600097656 234.41602897644043 159.16102600097656 234.41602897644043 201.5639305114746 212.57211303710938 201.5639305114746
212.3168487548828 159.21490478515625 234.40136528015137 159.21490478515625 234.40136528015137 202.0848617553711 212.3168487548828 202.0848617553711
211.9500732421875 160.85403442382812 234.09653663635254 160.85403442382812 234.09653663635254 203.84424209594727 211.9500732421875 203.84424209594727
212.1279296875 160.8133544921875 234.03224182128906 160.8133544921875 234.03224182128906 203.33350372314453 212.1279296875 203.33350372314453
211.9095001220703 159.9253692626953 233.81651496887207 159.9253692626953 233.81651496887207 202.45076370239258 211.9095001220703 202.45076370239258
211.8135986328125 162.73338317871094 233.79734420776367 162.73338317871094 233.79734420776367 205.40772247314453 211.8135986328125 205.40772247314453
211.78173828125 161.05517578125 234.08452987670898 161.05517578125 234.08452987670898 204.3488426208496 211.78173828125 204.3488426208496
211.8924560546875 160.6898956298828 234.46600341796875 160.6898956298828 234.46600341796875 204.50914764404297 211.8924560546875 204.50914764404297
211.39346313476562 160.55491638183594 234.1113166809082 160.55491638183594 234.1113166809082 204.65429306030273 211.39346313476562 204.65429306030273
211.9710235595703 160.53297424316406 234.5800666809082 160.53297424316406 234.5800666809082 204.4211311340332 211.9710235595703 204.4211311340332
212.38272094726562 162.82049560546875 234.6869010925293 162.82049560546875 234.6869010925293 206.11685943603516 212.38272094726562 206.11685943603516
212.8809356689453 162.4881134033203 235.1256046295166 162.4881134033203 235.1256046295166 205.66894912719727 212.8809356689453 205.66894912719727
213.16409301757812 163.21023559570312 235.43098068237305 163.21023559570312 235.43098068237305 206.43420028686523 213.16409301757812 206.43420028686523
213.56954956054688 163.33981323242188 235.8743896484375 163.33981323242188 235.8743896484375 206.63744735717773 213.56954956054688 206.63744735717773
213.9842987060547 163.3904571533203 236.2626438140869 163.3904571533203 236.2626438140869 206.63665390014648 213.9842987060547 206.63665390014648
214.25747680664062 163.78526306152344 236.8190402984619 163.78526306152344 236.8190402984619 207.58123016357422 214.25747680664062 207.58123016357422
214.41342163085938 162.9442138671875 237.22758674621582 162.9442138671875 237.22758674621582 207.23052215576172 214.41342163085938 207.23052215576172
214.2956085205078 164.60385131835938 237.0779514312744 164.60385131835938 237.0779514312744 208.82838821411133 214.2956085205078 208.82838821411133
214.3141632080078 164.763671875 236.96736526489258 164.763671875 236.96736526489258 208.73751831054688 214.3141632080078 208.73751831054688
214.17465209960938 165.08877563476562 236.69956398010254 165.08877563476562 236.69956398010254 208.8135871887207 214.17465209960938 208.8135871887207
213.9704132080078 166.1939697265625 236.54444885253906 166.1939697265625 236.54444885253906 210.01414108276367 213.9704132080078 210.01414108276367
214.15512084960938 167.43994140625 236.76760482788086 167.43994140625 236.76760482788086 211.33474731445312 214.15512084960938 211.33474731445312
213.83740234375 168.61927795410156 236.41196060180664 168.61927795410156 236.41196060180664 212.4404640197754 213.83740234375 212.4404640197754
213.479248046875 167.2963409423828 236.49504470825195 167.2963409423828 236.49504470825195 211.97405242919922 213.479248046875 211.97405242919922
213.85568237304688 168.92247009277344 236.59947204589844 168.92247009277344 236.59947204589844 213.07217025756836 213.85568237304688 213.07217025756836
214.37020874023438 168.379150390625 236.84844398498535 168.379150390625 236.84844398498535 212.01336288452148 214.37020874023438 212.01336288452148
214.0259552001953 169.99830627441406 236.3345947265625 169.99830627441406 236.3345947265625 213.30330657958984 214.0259552001953 213.30330657958984
214.3275909423828 171.46571350097656 236.5756893157959 171.46571350097656 236.5756893157959 214.65319061279297 214.3275909423828 214.65319061279297
214.95944213867188 171.9556427001953 237.1427345275879 171.9556427001953 237.1427345275879 215.01731872558594 214.95944213867188 215.01731872558594
215.2115936279297 173.05807495117188 237.27600479125977 173.05807495117188 237.27600479125977 215.88898086547852 215.2115936279297 215.88898086547852
215.3446044921875 173.86538696289062 237.65911865234375 173.86538696289062 237.65911865234375 217.18178176879883 215.3446044921875 217.18178176879883
216.1006317138672 174.39097595214844 238.79744720458984 174.39097595214844 238.79744720458984 218.4494857788086 216.1006317138672 218.4494857788086
216.0883331298828 173.70921325683594 239.08468627929688 173.70921325683594 239.08468627929688 218.34917831420898 216.0883331298828 218.34917831420898
216.62088012695312 174.5096435546875 239.4260425567627 174.5096435546875 239.4260425567627 218.77847290039062 216.62088012695312 218.77847290039062
216.0183868408203 174.89027404785156 238.91131591796875 174.89027404785156 238.91131591796875 219.32947158813477 216.0183868408203 219.32947158813477
216.3911895751953 176.94381713867188 239.62197875976562 176.94381713867188 239.62197875976562 222.03885650634766 216.3911895751953 222.03885650634766
215.82321166992188 178.8191680908203 238.6683750152588 178.8191680908203 238.6683750152588 223.16564178466797 215.82321166992188 223.16564178466797
216.1620635986328 178.79034423828125 238.95485305786133 178.79034423828125 238.95485305786133 223.03514862060547 216.1620635986328 223.03514862060547
216.5670166015625 180.01638793945312 239.51577949523926 180.01638793945312 239.51577949523926 224.56396102905273 216.5670166015625 224.56396102905273
216.82125854492188 180.4772491455078 239.70236206054688 180.4772491455078 239.70236206054688 224.89348602294922 216.82125854492188 224.89348602294922
216.53366088867188 180.73306274414062 239.76333045959473 180.73306274414062 239.76333045959473 225.825927734375 216.53366088867188 225.825927734375
216.26254272460938 181.3709259033203 239.94926071166992 181.3709259033203 239.94926071166992 227.35100555419922 216.26254272460938 227.35100555419922
215.7397918701172 181.83700561523438 239.97507095336914 181.83700561523438 239.97507095336914 228.8819351196289 215.7397918701172 228.8819351196289
216.2802734375 183.63697814941406 240.54758834838867 183.63697814941406 240.54758834838867 230.74409866333008 216.2802734375 230.74409866333008
216.10549926757812 185.57383728027344 240.22189331054688 185.57383728027344 240.22189331054688 232.38799285888672 216.10549926757812 232.38799285888672
216.99386596679688 187.31271362304688 241.0065212249756 187.31271362304688 241.0065212249756 233.92549514770508 216.99386596679688 233.92549514770508
216.6940460205078 187.44273376464844 240.85660934448242 187.44273376464844 240.85660934448242 234.3465118408203 216.6940460205078 234.3465118408203
216.6545867919922 188.54513549804688 240.89182472229004 188.54513549804688 240.89182472229004 235.5938720703125 216.6545867919922 235.5938720703125
216.9575653076172 189.52426147460938 241.20428276062012 189.52426147460938 241.20428276062012 236.5914077758789 216.9575653076172 236.5914077758789
