119.0 101.0 128.0 101.0 128.0 120.0 119.0 120.0
118.41099548339844 101.18380737304688 128.41099548339844 101.18380737304688 128.41099548339844 120.13065910339355 118.41099548339844 120.13065910339355
119.60774993896484 101.05498504638672 129.62843418121338 101.05498504638672 129.62843418121338 119.79902267456055 119.60774993896484 119.79902267456055
120.15095520019531 101.99737548828125 130.1509552001953 101.99737548828125 130.1509552001953 120.16888427734375 120.15095520019531 120.16888427734375
121.10577392578125 102.02401733398438 131.11777305603027 102.02401733398438 131.11777305603027 120.08221817016602 121.10577392578125 120.08221817016602
122.4811019897461 101.77670288085938 132.53564739227295 101.77670288085938 132.53564739227295 119.8052978515625 122.4811019897461 119.8052978515625
123.49284362792969 101.92070007324219 133.61800956726074 101.92070007324219 133.61800956726074 119.84183883666992 123.49284362792969 119.84183883666992
124.75926208496094 102.04249572753906 134.80354595184326 102.04249572753906 134.80354595184326 119.62402725219727 124.75926208496094 119.62402725219727
125.48016357421875 101.7699203491211 135.54435539245605 101.7699203491211 135.54435539245605 119.2499828338623 125.48016357421875 119.2499828338623
127.006103515625 102.2096939086914 137.14392185211182 102.2096939086914 137.14392185211182 119.56133651733398 127.006103515625 119.56133651733398
126.6579818725586 102.36686706542969 136.768705368042 102.36686706542969 136.768705368042 119.55010032653809 126.6579818725586 119.55010032653809
127.5212173461914 101.97847747802734 137.52806091308594 101.97847747802734 137.52806091308594 118.91971397399902 127.5212173461914 118.91971397399902
128.72946166992188 102.46724700927734 138.9712200164795 102.46724700927734 138.9712200164795 119.62835121154785 128.72946166992188 119.62835121154785
128.7943115234375 102.6301498413086 138.8121461868286 102.6301498413086 138.8121461868286 119.26347541809082 128.7943115234375 119.26347541809082
130.4078826904297 101.41487884521484 140.44984912872314 101.41487884521484 140.44984912872314 117.95721817016602 130.4078826904297 117.95721817016602
131.24447631835938 101.8936538696289 141.28732681274414 101.8936538696289 141.28732681274414 118.2872486114502 131.24447631835938 118.2872486114502
132.6147918701172 102.12309265136719 142.6819486618042 102.12309265136719 142.6819486618042 118.46322059631348 132.6147918701172 118.46322059631348
132.5840301513672 102.16594696044922 142.6772222518921 102.16594696044922 142.6772222518921 118.42411613464355 132.5840301513672 118.42411613464355
134.5326385498047 102.3786849975586 144.74765968322754 102.3786849975586 144.74765968322754 118.81658935546875 134.5326385498047 118.81658935546875
134.5618438720703 101.81898498535156 144.79357719421387 101.81898498535156 144.79357719421387 118.28378295898438 134.5618438720703 118.28378295898438
135.62335205078125 102.30317687988281 146.03572845458984 102.30317687988281 146.03572845458984 119.05866432189941 135.62335205078125 119.05866432189941
137.12850952148438 101.92245483398438 147.5233612060547 101.92245483398438 147.5233612060547 118.64974212646484 137.12850952148438 118.64974212646484
136.83673095703125 101.8731918334961 147.07259464263916 101.8731918334961 147.07259464263916 118.31240653991699 136.83673095703125 118.31240653991699
138.03091430664062 102.2971420288086 148.3975019454956 102.2971420288086 148.3975019454956 118.9463062286377 138.03091430664062 118.9463062286377
138.06509399414062 102.15130615234375 148.52699375152588 102.15130615234375 148.52699375152588 118.95354461669922 138.06509399414062 118.95354461669922
138.09791564941406 102.08426666259766 148.49658012390137 102.08426666259766 148.49658012390137 118.78494644165039 138.09791564941406 118.78494644165039
140.8646240234375 102.2106704711914 151.37714958190918 102.2106704711914 151.37714958190918 119.09421920776367 140.8646240234375 119.09421920776367
140.29739379882812 102.08138275146484 151.00635623931885 102.08138275146484 151.00635623931885 119.28041458129883 140.29739379882812 119.28041458129883
142.17555236816406 101.83558654785156 152.85930824279785 101.83558654785156 152.85930824279785 118.99413681030273 142.17555236816406 118.99413681030273
142.9454345703125 101.8428726196289 153.44302082061768 101.8428726196289 153.44302082061768 118.70242691040039 142.9454345703125 118.70242691040039
142.707275390625 101.78861236572266 153.2123622894287 101.78861236572266 153.2123622894287 118.66021537780762 142.707275390625 118.66021537780762
144.67245483398438 102.96617126464844 155.18668746948242 102.96617126464844 155.18668746948242 119.85246276855469 144.67245483398438 119.85246276855469
144.55441284179688 102.60528564453125 155.2324047088623 102.60528564453125 155.2324047088623 119.75458145141602 144.55441284179688 119.75458145141602
144.5806427001953 102.6103515625 155.34638786315918 102.6103515625 155.34638786315918 119.90058326721191 144.5806427001953 119.90058326721191
146.89834594726562 102.12909698486328 157.7661714553833 102.12909698486328 157.7661714553833 119.58327293395996 146.89834594726562 119.58327293395996
148.2091522216797 103.33824157714844 159.04413509368896 103.33824157714844 159.04413509368896 120.73966979980469 148.2091522216797 120.73966979980469
148.9122772216797 102.4311294555664 159.84296798706055 102.4311294555664 159.84296798706055 119.98626708984375 148.9122772216797 119.98626708984375
149.95550537109375 102.92474365234375 160.72537517547607 102.92474365234375 160.72537517547607 120.22159576416016 149.95550537109375 120.22159576416016
150.129150390625 102.47320556640625 160.752028465271 102.47320556640625 160.752028465271 119.53398323059082 150.129150390625 119.53398323059082
151.12562561035156 103.21937561035156 161.74826908111572 103.21937561035156 161.74826908111572 120.27977561950684 151.12562561035156 120.27977561950684
152.847412109375 102.5155029296875 163.67747688293457 102.5155029296875 163.67747688293457 119.90903091430664 152.847412109375 119.90903091430664
152.59756469726562 102.8182373046875 163.3653221130371 102.8182373046875 163.3653221130371 120.11169815063477 152.59756469726562 120.11169815063477
153.76431274414062 102.47029113769531 164.59289836883545 102.47029113769531 164.59289836883545 119.8614444732666 153.76431274414062 119.8614444732666
154.5279998779297 102.60554504394531 165.45992183685303 102.60554504394531 165.45992183685303 120.16266250610352 154.5279998779297 120.16266250610352
154.51614379882812 102.70699310302734 165.34143257141113 102.70699310302734 165.34143257141113 120.09285354614258 154.51614379882812 120.09285354614258
156.01718139648438 102.5474853515625 166.9159574508667 102.5474853515625 166.9159574508667 120.05137062072754 156.01718139648438 120.05137062072754
157.0007781982422 102.80564880371094 167.9151554107666 102.80564880371094 167.9151554107666 120.33459091186523 157.0007781982422 120.33459091186523
158.0654296875 103.39677429199219 168.77584838867188 103.39677429199219 168.77584838867188 120.5981502532959 158.0654296875 120.5981502532959
159.16539001464844 102.95865631103516 169.90594673156738 102.95865631103516 169.90594673156738 120.20843505859375 159.16539001464844 120.20843505859375
160.1764373779297 102.70881652832031 170.95381832122803 102.70881652832031 170.95381832122803 120.01773452758789 160.1764373779297 120.01773452758789
161.44558715820312 102.81916809082031 172.0062198638916 102.81916809082031 172.0062198638916 119.77997970581055 161.44558715820312 119.77997970581055
161.34226989746094 103.42391204833984 171.76181602478027 103.42391204833984 171.76181602478027 120.15813255310059 161.34226989746094 120.15813255310059
162.55337524414062 102.99671936035156 172.87336254119873 102.99671936035156 172.87336254119873 119.571044921875 162.55337524414062 119.571044921875
162.91551208496094 103.05218505859375 173.1530933380127 103.05218505859375 173.1530933380127 119.4917106628418 162.91551208496094 119.4917106628418
164.38607788085938 102.82142639160156 174.59032344818115 102.82142639160156 174.59032344818115 119.20742225646973 164.38607788085938 119.20742225646973
164.97659301757812 102.77464294433594 175.0662431716919 102.77464294433594 175.0662431716919 118.85881423950195 164.97659301757812 118.85881423950195
165.68612670898438 103.32292175292969 175.6890459060669 103.32292175292969 175.6890459060669 119.0904312133789 165.68612670898438 119.0904312133789
166.3679962158203 103.66605377197266 176.38789463043213 103.66605377197266 176.38789463043213 119.2179822921753 166.3679962158203 119.2179822921753
166.16580200195312 103.44197082519531 176.2194013595581 103.44197082519531 176.2194013595581 118.89897727966309 166.16580200195312 118.89897727966309
166.9615936279297 103.48658752441406 177.218168258667 103.48658752441406 177.218168258667 119.25566101074219 166.9615936279297 119.25566101074219
168.5829315185547 103.98681640625 178.88509464263916 103.98681640625 178.88509464263916 119.80321979522705 168.5829315185547 119.80321979522705
170.0547332763672 103.5195541381836 180.4173707962036 103.5195541381836 180.4173707962036 119.42345142364502 170.0547332763672 119.42345142364502
170.5059356689453 103.60025787353516 180.83301734924316 103.60025787353516 180.83301734924316 119.44958686828613 170.5059356689453 119.44958686828613
171.4155731201172 103.74698638916016 181.68570137023926 103.74698638916016 181.68570137023926 119.50890827178955 171.4155731201172 119.50890827178955
172.75315856933594 103.6978988647461 182.78329467773438 103.6978988647461 182.78329467773438 118.99961566925049 172.75315856933594 118.99961566925049
172.83938598632812 103.7967529296875 183.04661464691162 103.7967529296875 183.04661464691162 119.33757972717285 172.83938598632812 119.33757972717285
172.8810577392578 103.70458984375 183.00328826904297 103.70458984375 183.00328826904297 118.91619110107422 172.8810577392578 118.91619110107422
174.407470703125 103.49967956542969 184.51656246185303 103.49967956542969 184.51656246185303 118.65352058410645 174.407470703125 118.65352058410645
174.2386474609375 104.23262786865234 184.35507011413574 104.23262786865234 184.35507011413574 119.32449340820312 174.2386474609375 119.32449340820312
175.75450134277344 103.9873046875 185.82901000976562 103.9873046875 185.82901000976562 119.01663970947266 175.75450134277344 119.01663970947266
176.16241455078125 103.74398040771484 186.2116756439209 103.74398040771484 186.2116756439209 118.6087818145752 176.16241455078125 118.6087818145752
176.91921997070312 103.70558166503906 187.0654067993164 103.70558166503906 187.0654067993164 118.61455535888672 176.91921997070312 118.61455535888672
177.80410766601562 104.0167007446289 187.99529838562012 104.0167007446289 187.99529838562012 118.97516822814941 177.80410766601562 118.97516822814941
178.9803009033203 103.96415710449219 189.1808795928955 103.96415710449219 189.1808795928955 118.93640422821045 178.9803009033203 118.93640422821045
179.86044311523438 104.16862487792969 190.18693733215332 104.16862487792969 190.18693733215332 119.28378295898438 179.86044311523438 119.28378295898438
179.51107788085938 103.85469818115234 189.88907718658447 103.85469818115234 189.88907718658447 119.01287269592285 179.51107788085938 119.01287269592285
180.76223754882812 104.11097717285156 191.22125053405762 104.11097717285156 191.22125053405762 119.38747978210449 180.76223754882812 119.38747978210449
181.32852172851562 103.50022888183594 191.67097282409668 103.50022888183594 191.67097282409668 118.6064805984497 181.32852172851562 118.6064805984497
181.68313598632812 104.00132751464844 191.94321632385254 104.00132751464844 191.94321632385254 118.9872694015503 181.68313598632812 118.9872694015503
182.72848510742188 103.48930358886719 193.0390396118164 103.48930358886719 193.0390396118164 118.53335094451904 182.72848510742188 118.53335094451904
183.38894653320312 103.74327087402344 193.84206581115723 103.74327087402344 193.84206581115723 118.99221611022949 183.38894653320312 118.99221611022949
183.8933868408203 103.11832427978516 194.47793769836426 103.11832427978516 194.47793769836426 118.5590009689331 183.8933868408203 118.5590009689331
184.13876342773438 103.09710693359375 194.84979248046875 103.09710693359375 194.84979248046875 118.72228813171387 184.13876342773438 118.72228813171387
185.44264221191406 102.47984313964844 196.02037048339844 102.47984313964844 196.02037048339844 117.91056537628174 185.44264221191406 117.91056537628174
185.94273376464844 102.634765625 196.46508121490479 102.634765625 196.46508121490479 117.9847002029419 185.94273376464844 117.9847002029419
186.09912109375 102.5569839477539 196.51121520996094 102.5569839477539 196.51121520996094 117.74608135223389 186.09912109375 117.74608135223389
186.6104278564453 102.28486633300781 197.06493949890137 102.28486633300781 197.06493949890137 117.53584289550781 186.6104278564453 117.53584289550781
187.5205841064453 102.73332214355469 197.90434074401855 102.73332214355469 197.90434074401855 117.88108348846436 187.5205841064453 117.88108348846436
188.0234832763672 102.85975646972656 198.26336669921875 102.85975646972656 198.26336669921875 117.79763507843018 188.0234832763672 117.79763507843018
188.71176147460938 102.50389099121094 198.97185134887695 102.50389099121094 198.97185134887695 117.46871376037598 188.71176147460938 117.46871376037598
189.31820678710938 102.69313049316406 199.6302309036255 102.69313049316406 199.6302309036255 117.73370361328125 189.31820678710938 117.73370361328125
189.58253479003906 102.31343841552734 199.88907623291016 102.31343841552734 199.88907623291016 117.34601402282715 189.58253479003906 117.34601402282715
190.01747131347656 102.30267333984375 200.4793176651001 102.30267333984375 200.4793176651001 117.56176948547363 190.01747131347656 117.56176948547363
190.02134704589844 102.55174255371094 200.56590843200684 102.55174255371094 200.56590843200684 117.9314832687378 190.02134704589844 117.9314832687378
189.66770935058594 102.82330322265625 200.3563871383667 102.82330322265625 200.3563871383667 118.41324424743652 189.66770935058594 118.41324424743652
190.87925720214844 102.36930847167969 201.64094924926758 102.36930847167969 201.64094924926758 118.06574440002441 190.87925720214844 118.06574440002441
190.42495727539062 102.00932312011719 201.25153732299805 102.00932312011719 201.25153732299805 117.80040264129639 190.42495727539062 117.80040264129639
191.22308349609375 102.37104797363281 201.87638092041016 102.37104797363281 201.87638092041016 117.90938758850098 191.22308349609375 117.90938758850098
191.09603881835938 102.09941101074219 201.64697074890137 102.09941101074219 201.64697074890137 117.48844623565674 191.09603881835938 117.48844623565674
191.60311889648438 101.85179138183594 202.1971139907837 101.85179138183594 202.1971139907837 117.30363655090332 191.60311889648438 117.30363655090332
191.30429077148438 101.81614685058594 202.05247402191162 101.81614685058594 202.05247402191162 117.49288368225098 191.30429077148438 117.49288368225098
191.96450805664062 101.49237060546875 202.58723163604736 101.49237060546875 202.58723163604736 116.9861192703247 191.96450805664062 116.9861192703247
192.70594787597656 101.57022857666016 203.30869579315186 101.57022857666016 203.30869579315186 117.03484153747559 192.70594787597656 117.03484153747559
192.55496215820312 101.47891998291016 203.29534149169922 101.47891998291016 203.29534149169922 117.14427375793457 192.55496215820312 117.14427375793457
192.23643493652344 101.30171203613281 202.97920608520508 101.30171203613281 202.97920608520508 116.97055530548096 192.23643493652344 116.97055530548096
