66.0 28.0 97.0 28.0 97.0 63.0 66.0 63.0
66.58222198486328 28.789596557617188 98.16583061218262 28.789596557617188 98.16583061218262 64.44851303100586 66.58222198486328 64.44851303100586
67.97196960449219 29.935623168945312 99.41450881958008 29.935623168945312 99.41450881958008 65.43526840209961 67.97196960449219 65.43526840209961
68.95915985107422 30.91214370727539 100.76983451843262 30.91214370727539 100.76983451843262 66.82742309570312 68.95915985107422 66.82742309570312
69.83062744140625 32.00640106201172 101.27760696411133 32.00640106201172 101.27760696411133 67.51105499267578 69.83062744140625 67.51105499267578
72.3830795288086 33.331607818603516 103.86068534851074 33.331607818603516 103.86068534851074 68.8708381652832 72.3830795288086 68.8708381652832
72.52871704101562 34.23725509643555 103.81777572631836 34.23725509643555 103.81777572631836 69.5636100769043 72.52871704101562 69.5636100769043
72.40572357177734 33.74414825439453 103.6552562713623 33.74414825439453 103.6552562713623 69.02587890625 72.40572357177734 69.02587890625
73.95854187011719 35.91834259033203 105.30353927612305 35.91834259033203 105.30353927612305 71.30785751342773 73.95854187011719 71.30785751342773
75.79356384277344 37.81593704223633 107.34656143188477 37.81593704223633 107.34656143188477 73.44028854370117 75.79356384277344 73.44028854370117
75.7044448852539 38.348655700683594 107.29897880554199 38.348655700683594 107.29897880554199 74.01990127563477 75.7044448852539 74.01990127563477
77.29228210449219 39.683021545410156 109.37215805053711 39.683021545410156 109.37215805053711 75.90223693847656 77.29228210449219 75.90223693847656
79.76200866699219 39.87810134887695 112.39115905761719 39.87810134887695 112.39115905761719 76.71746444702148 79.76200866699219 76.71746444702148
78.95649719238281 39.3762321472168 111.86017608642578 39.3762321472168 111.86017608642578 76.52555084228516 78.95649719238281 76.52555084228516
81.54087829589844 42.217857360839844 114.54877471923828 42.217857360839844 114.54877471923828 79.48484420776367 81.54087829589844 79.48484420776367
80.84325408935547 42.5194091796875 114.51147079467773 42.5194091796875 114.51147079467773 80.53191757202148 80.84325408935547 80.53191757202148
83.12323760986328 43.696388244628906 116.68726348876953 43.696388244628906 116.68726348876953 81.59126281738281 83.12323760986328 81.59126281738281
83.48616790771484 43.72040939331055 117.32307815551758 43.72040939331055 117.32307815551758 81.92337799072266 83.48616790771484 81.92337799072266
85.0512466430664 45.4881706237793 119.5108642578125 45.4881706237793 119.5108642578125 84.39419937133789 85.0512466430664 84.39419937133789
86.15579986572266 46.50354766845703 120.75068283081055 46.50354766845703 120.75068283081055 85.56229400634766 86.15579986572266 85.56229400634766
87.95346069335938 47.8892936706543 123.207763671875 47.8892936706543 123.207763671875 87.69254684448242 87.95346069335938 87.69254684448242
87.74885559082031 47.06269454956055 122.92525482177734 47.06269454956055 122.92525482177734 86.77798843383789 87.74885559082031 86.77798843383789
91.46531677246094 50.361698150634766 126.61288833618164 50.361698150634766 126.61288833618164 90.0444450378418 91.46531677246094 90.0444450378418
92.95178985595703 51.19607162475586 128.18920516967773 51.19607162475586 128.18920516967773 90.98025894165039 92.95178985595703 90.98025894165039
93.53741455078125 52.687767028808594 129.21721267700195 52.687767028808594 129.21721267700195 92.97141647338867 93.53741455078125 92.97141647338867
94.908203125 54.05692672729492 130.80914688110352 54.05692672729492 130.80914688110352 94.59025573730469 94.908203125 94.59025573730469
94.33201599121094 53.681610107421875 131.1502914428711 53.681610107421875 131.1502914428711 95.2506332397461 94.33201599121094 95.2506332397461
95.81635284423828 54.58922576904297 133.30111694335938 54.58922576904297 133.30111694335938 96.91073608398438 95.81635284423828 96.91073608398438
97.68235778808594 55.83302688598633 135.12018966674805 55.83302688598633 135.12018966674805 98.10154724121094 97.68235778808594 98.10154724121094
99.07606506347656 57.30739212036133 137.27006912231445 57.30739212036133 137.27006912231445 100.42965698242188 99.07606506347656 100.42965698242188
99.48250579833984 57.84949493408203 138.17729949951172 57.84949493408203 138.17729949951172 101.53717041015625 99.48250579833984 101.53717041015625
101.83555603027344 59.97102737426758 141.23322677612305 59.97102737426758 141.23322677612305 104.45227432250977 101.83555603027344 104.45227432250977
102.33967590332031 59.6158447265625 141.46693801879883 59.6158447265625 141.46693801879883 103.79179000854492 102.33967590332031 103.79179000854492
104.9421157836914 61.46324920654297 144.4568748474121 61.46324920654297 144.4568748474121 106.07669067382812 104.9421157836914 106.07669067382812
106.13594055175781 63.397300720214844 146.1089210510254 63.397300720214844 146.1089210510254 108.5280876159668 106.13594055175781 108.5280876159668
106.92182922363281 63.07683181762695 147.68320083618164 63.07683181762695 147.68320083618164 109.09773254394531 106.92182922363281 109.09773254394531
106.21345520019531 63.724517822265625 147.18312072753906 63.724517822265625 147.18312072753906 109.9805908203125 106.21345520019531 109.9805908203125
110.75114440917969 66.2681884765625 151.8004493713379 66.2681884765625 151.8004493713379 112.61417770385742 110.75114440917969 112.61417770385742
110.88751220703125 66.33191680908203 151.95244979858398 66.33191680908203 151.95244979858398 112.695556640625 110.88751220703125 112.695556640625
115.84529113769531 70.76103210449219 156.78834915161133 70.76103210449219 156.78834915161133 116.98706817626953 115.84529113769531 116.98706817626953
120.12125396728516 73.759521484375 161.2122459411621 73.759521484375 161.2122459411621 120.1525764465332 120.12125396728516 120.1525764465332
119.50898742675781 73.20115661621094 160.82812118530273 73.20115661621094 160.82812118530273 119.85179138183594 119.50898742675781 119.85179138183594
120.88228607177734 74.04426574707031 162.75653457641602 74.04426574707031 162.75653457641602 121.3216438293457 120.88228607177734 121.3216438293457
122.6135482788086 78.3072509765625 165.08579635620117 78.3072509765625 165.08579635620117 126.25979232788086 122.6135482788086 126.25979232788086
124.848876953125 80.10755920410156 168.05690002441406 80.10755920410156 168.05690002441406 128.89081573486328 124.848876953125 128.89081573486328
126.91764831542969 80.66439056396484 171.11841583251953 80.66439056396484 171.11841583251953 130.5684814453125 126.91764831542969 130.5684814453125
127.49888610839844 81.2587661743164 171.83391571044922 81.2587661743164 171.83391571044922 131.3144416809082 127.49888610839844 131.3144416809082
127.3825912475586 81.32228088378906 172.74966430664062 81.32228088378906 172.74966430664062 132.54315948486328 127.3825912475586 132.54315948486328
130.5213165283203 83.96968078613281 176.17284774780273 83.96968078613281 176.17284774780273 135.51172256469727 130.5213165283203 135.51172256469727
132.63800048828125 85.12504577636719 178.83731842041016 85.12504577636719 178.83731842041016 137.28554916381836 132.63800048828125 137.28554916381836
136.18475341796875 87.24650573730469 181.92683029174805 87.24650573730469 181.92683029174805 138.89077377319336 136.18475341796875 138.89077377319336
140.69232177734375 89.41204833984375 187.28147506713867 89.41204833984375 187.28147506713867 142.0126953125 140.69232177734375 142.0126953125
140.9506378173828 90.04249572753906 186.96929931640625 90.04249572753906 186.96929931640625 141.99903869628906 140.9506378173828 141.99903869628906
142.70278930664062 91.49842834472656 188.92628479003906 91.49842834472656 188.92628479003906 143.6862335205078 142.70278930664062 143.6862335205078
143.34524536132812 91.3171615600586 189.42912673950195 91.3171615600586 189.42912673950195 143.3473358154297 143.34524536132812 143.3473358154297
152.16220092773438 99.18305969238281 198.93842697143555 99.18305969238281 198.93842697143555 151.99491119384766 152.16220092773438 151.99491119384766
151.57400512695312 99.25634765625 198.79198455810547 99.25634765625 198.79198455810547 152.56694412231445 151.57400512695312 152.56694412231445
156.44027709960938 103.76808166503906 203.06690216064453 103.76808166503906 203.06690216064453 156.41101455688477 156.44027709960938 156.41101455688477
158.9782257080078 105.29624938964844 205.63990020751953 105.29624938964844 205.63990020751953 157.97875213623047 158.9782257080078 157.97875213623047
162.4474334716797 107.78700256347656 208.85503387451172 107.78700256347656 208.85503387451172 160.1826515197754 162.4474334716797 160.1826515197754
165.27969360351562 110.35994720458984 211.6657829284668 110.35994720458984 211.6657829284668 162.73130798339844 165.27969360351562 162.73130798339844
167.85977172851562 112.11712646484375 214.17681121826172 112.11712646484375 214.17681121826172 164.41053009033203 167.85977172851562 164.41053009033203
171.6984100341797 115.47090148925781 218.86292266845703 115.47090148925781 218.86292266845703 168.72112655639648 171.6984100341797 168.72112655639648
176.4292449951172 118.10367584228516 224.78749084472656 118.10367584228516 224.78749084472656 172.70165634155273 176.4292449951172 172.70165634155273
175.13613891601562 118.25533294677734 223.63665390014648 118.25533294677734 223.63665390014648 173.0139389038086 175.13613891601562 173.0139389038086
177.9384002685547 119.90223693847656 226.88509368896484 119.90223693847656 226.88509368896484 175.16458892822266 177.9384002685547 175.16458892822266
183.67935180664062 126.5030517578125 232.1464385986328 126.5030517578125 232.1464385986328 181.22391510009766 183.67935180664062 181.22391510009766
188.3688201904297 127.34507751464844 237.96625518798828 127.34507751464844 237.96625518798828 183.3421401977539 188.3688201904297 183.3421401977539
190.89468383789062 129.9465789794922 241.03845596313477 129.9465789794922 241.03845596313477 186.5604705810547 190.89468383789062 186.5604705810547
194.189697265625 132.7342987060547 243.8045883178711 132.7342987060547 243.8045883178711 188.7510643005371 194.189697265625 188.7510643005371
200.33096313476562 136.7624053955078 250.12995529174805 136.7624053955078 250.12995529174805 192.98703384399414 200.33096313476562 192.98703384399414
201.5936279296875 137.96641540527344 251.7099838256836 137.96641540527344 251.7099838256836 194.54935455322266 201.5936279296875 194.54935455322266
206.43515014648438 142.4031524658203 257.51589584350586 142.4031524658203 257.51589584350586 200.0749168395996 206.43515014648438 200.0749168395996
209.826904296875 144.84182739257812 261.2619743347168 144.84182739257812 261.2619743347168 202.91364288330078 209.826904296875 202.91364288330078
214.30697631835938 149.3502197265625 266.2676811218262 149.3502197265625 266.2676811218262 208.0154914855957 214.30697631835938 208.0154914855957
219.2311553955078 152.80484008789062 271.2682647705078 152.80484008789062 271.2682647705078 211.5563735961914 219.2311553955078 211.5563735961914
223.87295532226562 157.93466186523438 276.40746307373047 157.93466186523438 276.40746307373047 217.2477798461914 223.87295532226562 217.2477798461914
229.15567016601562 161.22647094726562 282.4743843078613 161.22647094726562 282.4743843078613 221.42498016357422 229.15567016601562 221.42498016357422
232.6809539794922 164.89535522460938 286.42235946655273 164.89535522460938 286.42235946655273 225.57109451293945 232.6809539794922 225.57109451293945
236.78579711914062 170.4338836669922 291.46337890625 170.4338836669922 291.46337890625 232.16659927368164 236.78579711914062 232.16659927368164
241.7693328857422 173.58152770996094 296.754093170166 173.58152770996094 296.754093170166 235.6610565185547 241.7693328857422 235.6610565185547
244.5862579345703 177.265625 300.5919761657715 177.265625 300.5919761657715 240.49784469604492 244.5862579345703 240.49784469604492
250.63003540039062 181.90695190429688 307.7471694946289 181.90695190429688 307.7471694946289 246.3939971923828 250.63003540039062 246.3939971923828
257.1656494140625 187.61598205566406 315.5878219604492 187.61598205566406 315.5878219604492 253.57645416259766 257.1656494140625 253.57645416259766
261.99371337890625 191.13864135742188 320.87220001220703 191.13864135742188 320.87220001220703 257.6143035888672 261.99371337890625 257.6143035888672
