181.0 9.0 206.0 9.0 206.0 26.0 181.0 26.0
180.99761962890625 9.04767894744873 205.99854850769043 9.04767894744873 205.99854850769043 26.04831027984619 180.99761962890625 26.04831027984619
180.99253845214844 9.06824779510498 206.33857345581055 9.06824779510498 206.33857345581055 26.30355167388916 180.99253845214844 26.30355167388916
176.52403259277344 10.042959213256836 202.25217628479004 10.042959213256836 202.25217628479004 27.538097381591797 176.52403259277344 27.538097381591797
175.91775512695312 10.107542037963867 201.98141479492188 10.107542037963867 201.98141479492188 27.830829620361328 175.91775512695312 27.830829620361328
173.28781127929688 10.811895370483398 198.59155654907227 10.811895370483398 198.59155654907227 28.018442153930664 173.28781127929688 28.018442153930664
173.4267578125 10.940143585205078 198.96533012390137 10.940143585205078 198.96533012390137 28.306371688842773 173.4267578125 28.306371688842773
173.34866333007812 10.796782493591309 199.2265968322754 10.796782493591309 199.2265968322754 28.39377498626709 173.34866333007812 28.39377498626709
170.54251098632812 11.371469497680664 196.6535530090332 11.371469497680664 196.6535530090332 29.12697410583496 170.54251098632812 29.12697410583496
171.11807250976562 11.68413257598877 196.8255729675293 11.68413257598877 196.8255729675293 29.165230751037598 171.11807250976562 29.165230751037598
166.358642578125 12.319267272949219 191.89649200439453 12.319267272949219 191.89649200439453 29.685001373291016 166.358642578125 29.685001373291016
166.18533325195312 12.644712448120117 191.60436058044434 12.644712448120117 191.60436058044434 29.929645538330078 166.18533325195312 29.929645538330078
163.25576782226562 13.1698579788208 189.17525672912598 13.1698579788208 189.17525672912598 30.795104026794434 163.25576782226562 30.795104026794434
162.34530639648438 13.422704696655273 188.36717796325684 13.422704696655273 188.36717796325684 31.117570877075195 162.34530639648438 31.117570877075195
160.3563690185547 13.769871711730957 186.74406814575195 13.769871711730957 186.74406814575195 31.713500022888184 160.3563690185547 31.713500022888184
160.54078674316406 14.194872856140137 186.86223793029785 14.194872856140137 186.86223793029785 32.093451499938965 160.54078674316406 32.093451499938965
160.6094207763672 14.136125564575195 187.0232753753662 14.136125564575195 187.0232753753662 32.097537994384766 160.6094207763672 32.097537994384766
155.99014282226562 15.321003913879395 182.67416381835938 15.321003913879395 182.67416381835938 33.4661283493042 155.99014282226562 33.4661283493042
156.32498168945312 15.069755554199219 182.75263595581055 15.069755554199219 182.75263595581055 33.04055404663086 156.32498168945312 33.04055404663086
152.88819885253906 16.222713470458984 179.56336402893066 16.222713470458984 179.56336402893066 34.36181831359863 152.88819885253906 34.36181831359863
153.5016326904297 16.208805084228516 180.34743309020996 16.208805084228516 180.34743309020996 34.46394348144531 153.5016326904297 34.46394348144531
153.178955078125 15.951815605163574 179.9755744934082 15.951815605163574 179.9755744934082 34.17351245880127 153.178955078125 34.17351245880127
149.8494415283203 17.183815002441406 176.40159225463867 17.183815002441406 176.40159225463867 35.23927116394043 149.8494415283203 35.23927116394043
149.5176544189453 16.934703826904297 176.1498260498047 16.934703826904297 176.1498260498047 35.04457664489746 149.5176544189453 35.04457664489746
147.0196075439453 18.006160736083984 173.4966335296631 18.006160736083984 173.4966335296631 36.010536193847656 147.0196075439453 36.010536193847656
146.6793212890625 17.650365829467773 173.36224746704102 17.650365829467773 173.36224746704102 35.79475402832031 146.6793212890625 35.79475402832031
144.15216064453125 19.019365310668945 171.05080223083496 19.019365310668945 171.05080223083496 37.31043815612793 144.15216064453125 37.31043815612793
144.81907653808594 19.0073184967041 171.6429500579834 19.0073184967041 171.6429500579834 37.247549057006836 144.81907653808594 37.247549057006836
140.63241577148438 20.06972885131836 167.40896034240723 20.06972885131836 167.40896034240723 38.27777862548828 140.63241577148438 38.27777862548828
139.98233032226562 20.214397430419922 167.03960037231445 20.214397430419922 167.03960037231445 38.61334228515625 139.98233032226562 38.61334228515625
139.85037231445312 19.96907615661621 167.0953311920166 19.96907615661621 167.0953311920166 38.49564743041992 139.85037231445312 38.49564743041992
137.40328979492188 21.270029067993164 164.77472305297852 21.270029067993164 164.77472305297852 39.88260269165039 137.40328979492188 39.88260269165039
137.3068389892578 21.6214599609375 164.17060470581055 21.6214599609375 164.17060470581055 39.88882064819336 137.3068389892578 39.88882064819336
137.62115478515625 21.307321548461914 164.27475929260254 21.307321548461914 164.27475929260254 39.431772232055664 137.62115478515625 39.431772232055664
135.04652404785156 22.23139190673828 161.58205604553223 22.23139190673828 161.58205604553223 40.27555465698242 135.04652404785156 40.27555465698242
135.02740478515625 22.694843292236328 161.47520446777344 22.694843292236328 161.47520446777344 40.67934989929199 135.02740478515625 40.67934989929199
132.40855407714844 23.242971420288086 159.0709342956543 23.242971420288086 159.0709342956543 41.37339401245117 132.40855407714844 41.37339401245117
132.5629119873047 23.673892974853516 159.57086181640625 23.673892974853516 159.57086181640625 42.039302825927734 132.5629119873047 42.039302825927734
128.5693817138672 24.45732879638672 155.5445213317871 24.45732879638672 155.5445213317871 42.80042839050293 128.5693817138672 42.80042839050293
128.90460205078125 24.62938117980957 155.88824844360352 24.62938117980957 155.88824844360352 42.97826385498047 128.90460205078125 42.97826385498047
126.3685302734375 25.778736114501953 153.76234817504883 25.778736114501953 153.76234817504883 44.406532287597656 126.3685302734375 44.406532287597656
126.14787292480469 25.402570724487305 153.29259872436523 25.402570724487305 153.29259872436523 43.86098670959473 126.14787292480469 43.86098670959473
126.73564147949219 25.452880859375 153.76342391967773 25.452880859375 153.76342391967773 43.8317756652832 126.73564147949219 43.8317756652832
123.16288757324219 27.23478126525879 150.16660690307617 27.23478126525879 150.16660690307617 45.597312927246094 123.16288757324219 45.597312927246094
124.24787902832031 26.950220108032227 150.65265464782715 26.950220108032227 150.65265464782715 44.90547180175781 124.24787902832031 44.90547180175781
121.04437255859375 28.255401611328125 147.46930313110352 28.255401611328125 147.46930313110352 46.2243595123291 121.04437255859375 46.2243595123291
121.32975769042969 28.2506046295166 148.01063537597656 28.2506046295166 148.01063537597656 46.393606185913086 121.32975769042969 46.393606185913086
118.92948150634766 29.539342880249023 145.55883026123047 29.539342880249023 145.55883026123047 47.64730453491211 118.92948150634766 47.64730453491211
118.6583480834961 29.49526023864746 145.6351146697998 29.49526023864746 145.6351146697998 47.839468002319336 118.6583480834961 47.839468002319336
119.15776062011719 29.26397132873535 146.0351161956787 29.26397132873535 146.0351161956787 47.540578842163086 119.15776062011719 47.540578842163086
115.38604736328125 30.900333404541016 142.50013160705566 30.900333404541016 142.50013160705566 49.33791542053223 115.38604736328125 49.33791542053223
115.0522232055664 30.755218505859375 142.22856330871582 30.755218505859375 142.22856330871582 49.23513412475586 115.0522232055664 49.23513412475586
113.493896484375 31.9947452545166 140.29281997680664 31.9947452545166 140.29281997680664 50.21801567077637 113.493896484375 50.21801567077637
113.2153091430664 32.55773162841797 139.74647331237793 32.55773162841797 139.74647331237793 50.59892463684082 113.2153091430664 50.59892463684082
111.07304382324219 33.2014045715332 137.91318321228027 33.2014045715332 137.91318321228027 51.452701568603516 111.07304382324219 51.452701568603516
111.1174087524414 33.378692626953125 137.85555839538574 33.378692626953125 137.85555839538574 51.560638427734375 111.1174087524414 51.560638427734375
110.9527359008789 33.27440643310547 137.6280345916748 33.27440643310547 137.6280345916748 51.41361618041992 110.9527359008789 51.41361618041992
108.97383880615234 34.6873893737793 135.08122634887695 34.6873893737793 135.08122634887695 52.44042205810547 108.97383880615234 52.44042205810547
108.58686828613281 34.76775360107422 134.6143283843994 34.76775360107422 134.6143283843994 52.466434478759766 108.58686828613281 52.466434478759766
108.82923889160156 34.99726104736328 134.73122024536133 34.99726104736328 134.73122024536133 52.61061477661133 108.82923889160156 52.61061477661133
107.59452819824219 36.081581115722656 133.51386070251465 36.081581115722656 133.51386070251465 53.70673370361328 107.59452819824219 53.70673370361328
107.85406494140625 35.999267578125 133.48190879821777 35.999267578125 133.48190879821777 53.42620849609375 107.85406494140625 53.42620849609375
105.25032806396484 36.669734954833984 130.7157154083252 36.669734954833984 130.7157154083252 53.9862060546875 105.25032806396484 53.9862060546875
105.71319580078125 37.06615447998047 131.06110763549805 37.06615447998047 131.06110763549805 54.3027400970459 105.71319580078125 54.3027400970459
105.59254455566406 36.886207580566406 130.73420333862305 36.886207580566406 130.73420333862305 53.98254203796387 105.59254455566406 53.98254203796387
102.74284362792969 39.73194885253906 128.11749649047852 39.73194885253906 128.11749649047852 56.98671913146973 102.74284362792969 56.98671913146973
102.67425537109375 39.595375061035156 128.29349899291992 39.595375061035156 128.29349899291992 57.01646614074707 102.67425537109375 57.01646614074707
100.7136459350586 40.89765167236328 126.45008087158203 40.89765167236328 126.45008087158203 58.398433685302734 100.7136459350586 58.398433685302734
100.78194427490234 40.06110382080078 126.78239250183105 40.06110382080078 126.78239250183105 57.74141311645508 100.78194427490234 57.74141311645508
99.63209533691406 40.90788650512695 125.42916297912598 40.90788650512695 125.42916297912598 58.44989776611328 99.63209533691406 58.44989776611328
99.7379379272461 41.15000534057617 125.00456619262695 41.15000534057617 125.00456619262695 58.33131980895996 99.7379379272461 58.33131980895996
97.98796844482422 43.09917449951172 123.5004825592041 43.09917449951172 123.5004825592041 60.44769287109375 97.98796844482422 60.44769287109375
97.90689849853516 42.67699432373047 123.21353912353516 42.67699432373047 123.21353912353516 59.88551712036133 97.90689849853516 59.88551712036133
96.81794738769531 43.36292266845703 122.10711288452148 43.36292266845703 122.10711288452148 60.55956268310547 96.81794738769531 60.55956268310547
96.9306640625 43.992103576660156 122.23372459411621 43.992103576660156 122.23372459411621 61.19819259643555 96.9306640625 61.19819259643555
96.96208190917969 43.61468505859375 122.20984268188477 43.61468505859375 122.20984268188477 60.78317070007324 96.96208190917969 60.78317070007324
95.4234390258789 46.46977996826172 120.92291641235352 46.46977996826172 120.92291641235352 63.80943298339844 95.4234390258789 63.80943298339844
95.178466796875 46.08828353881836 120.95934104919434 46.08828353881836 120.95934104919434 63.619285583496094 95.178466796875 63.619285583496094
94.090087890625 47.59381103515625 120.28035545349121 47.59381103515625 120.28035545349121 65.40320014953613 94.090087890625 65.40320014953613
94.1652603149414 47.73175048828125 120.27824592590332 47.73175048828125 120.27824592590332 65.48859024047852 94.1652603149414 65.48859024047852
93.81269836425781 47.546016693115234 119.39200210571289 47.546016693115234 119.39200210571289 64.9399528503418 93.81269836425781 64.9399528503418
93.55961608886719 48.779876708984375 119.53081893920898 48.779876708984375 119.53081893920898 66.44030380249023 93.55961608886719 66.44030380249023
93.75260925292969 48.49908447265625 119.77137756347656 48.49908447265625 119.77137756347656 66.19185638427734 93.75260925292969 66.19185638427734
92.49637603759766 49.936058044433594 118.63848495483398 49.936058044433594 118.63848495483398 67.71270179748535 92.49637603759766 67.71270179748535
92.46109771728516 49.670249938964844 118.39734268188477 49.670249938964844 118.39734268188477 67.3069076538086 92.46109771728516 67.3069076538086
92.16374206542969 50.93498992919922 118.24040794372559 50.93498992919922 118.24040794372559 68.66713523864746 92.16374206542969 68.66713523864746
91.68241882324219 51.14213180541992 117.42171859741211 51.14213180541992 117.42171859741211 68.64486694335938 91.68241882324219 68.64486694335938
92.14051818847656 50.955108642578125 117.48604393005371 50.955108642578125 117.48604393005371 68.19007682800293 92.14051818847656 68.19007682800293
91.92279052734375 51.82798385620117 117.20336532592773 51.82798385620117 117.20336532592773 69.01878547668457 91.92279052734375 69.01878547668457
91.97798156738281 51.93090057373047 116.55892753601074 51.93090057373047 116.55892753601074 68.64595413208008 91.97798156738281 68.64595413208008
91.80892944335938 55.06487274169922 116.67659187316895 55.06487274169922 116.67659187316895 71.97489547729492 91.80892944335938 71.97489547729492
91.55494689941406 54.76024627685547 116.59943008422852 54.76024627685547 116.59943008422852 71.79050827026367 91.55494689941406 71.79050827026367
91.59858703613281 54.84062957763672 116.38823890686035 54.84062957763672 116.38823890686035 71.69760322570801 91.59858703613281 71.69760322570801
90.79400634765625 55.45146942138672 116.16361808776855 55.45146942138672 116.16361808776855 72.70281600952148 90.79400634765625 72.70281600952148
90.7332992553711 55.36454391479492 116.27345085144043 55.36454391479492 116.27345085144043 72.73185729980469 90.7332992553711 72.73185729980469
90.12254333496094 56.2100944519043 115.68110275268555 56.2100944519043 115.68110275268555 73.58992385864258 90.12254333496094 73.58992385864258
90.41024017333984 55.790016174316406 115.47511100769043 55.790016174316406 115.47511100769043 72.83413887023926 90.41024017333984 72.83413887023926
90.23504638671875 57.50054931640625 115.36409378051758 57.50054931640625 115.36409378051758 74.58831214904785 90.23504638671875 74.58831214904785
90.05316925048828 57.5296630859375 115.0955638885498 57.5296630859375 115.0955638885498 74.55850410461426 90.05316925048828 74.55850410461426
90.6369857788086 57.38238525390625 115.09671401977539 57.38238525390625 115.09671401977539 74.01501083374023 90.6369857788086 74.01501083374023
90.95896911621094 59.35521697998047 115.33297920227051 59.35521697998047 115.33297920227051 75.9295539855957 90.95896911621094 75.9295539855957
91.11800384521484 58.989601135253906 115.12479972839355 58.989601135253906 115.12479972839355 75.31423568725586 91.11800384521484 75.31423568725586
91.17927551269531 60.58900833129883 115.06408500671387 60.58900833129883 115.06408500671387 76.83069229125977 91.17927551269531 76.83069229125977
91.13063049316406 61.05669021606445 114.78805351257324 61.05669021606445 114.78805351257324 77.14375114440918 91.13063049316406 77.14375114440918
91.05142211914062 61.954383850097656 115.28671836853027 61.954383850097656 115.28671836853027 78.43440055847168 91.05142211914062 78.43440055847168
90.88041687011719 61.77628707885742 115.48374557495117 61.77628707885742 115.48374557495117 78.50656700134277 90.88041687011719 78.50656700134277
90.87208557128906 61.84578323364258 115.22483444213867 61.84578323364258 115.22483444213867 78.40567016601562 90.87208557128906 78.40567016601562
91.56861877441406 63.951560974121094 116.36749076843262 63.951560974121094 116.36749076843262 80.8148136138916 91.56861877441406 80.8148136138916
91.49298095703125 64.02613067626953 116.53916549682617 64.02613067626953 116.53916549682617 81.05755615234375 91.49298095703125 81.05755615234375
92.60025024414062 64.93666076660156 117.56391906738281 64.93666076660156 117.56391906738281 81.91197395324707 92.60025024414062 81.91197395324707
92.72930145263672 65.041748046875 117.32370948791504 65.041748046875 117.32370948791504 81.76596450805664 92.72930145263672 81.76596450805664
92.98641204833984 66.36051177978516 117.47652435302734 66.36051177978516 117.47652435302734 83.0138053894043 92.98641204833984 83.0138053894043
92.91761779785156 66.58264923095703 117.6669864654541 66.58264923095703 117.6669864654541 83.4122371673584 92.91761779785156 83.4122371673584
93.12169647216797 66.6513900756836 117.80769157409668 66.6513900756836 117.80769157409668 83.43788528442383 93.12169647216797 83.43788528442383
94.41493225097656 67.98509216308594 118.70214653015137 67.98509216308594 118.70214653015137 84.50041580200195 94.41493225097656 84.50041580200195
94.4383316040039 68.94426727294922 118.46597671508789 68.94426727294922 118.46597671508789 85.28308296203613 94.4383316040039 85.28308296203613
95.80990600585938 70.64669036865234 119.67403602600098 70.64669036865234 119.67403602600098 86.87431526184082 95.80990600585938 86.87431526184082
95.85811614990234 70.6529541015625 119.40700721740723 70.6529541015625 119.40700721740723 86.66621780395508 95.85811614990234 86.66621780395508
96.96305084228516 71.75606536865234 120.55685615539551 71.75606536865234 120.55685615539551 87.79987144470215 96.96305084228516 87.79987144470215
97.19127655029297 71.62297058105469 120.73636245727539 71.62297058105469 120.73636245727539 87.63364601135254 97.19127655029297 87.63364601135254
96.79914093017578 71.46993255615234 120.61955451965332 71.46993255615234 120.61955451965332 87.6678295135498 96.79914093017578 87.6678295135498
99.85682678222656 74.6153793334961 123.8418083190918 74.6153793334961 123.8418083190918 90.9251823425293 99.85682678222656 90.9251823425293
99.8770523071289 75.10285949707031 124.2918930053711 75.10285949707031 124.2918930053711 91.70496559143066 99.8770523071289 91.70496559143066
100.3505630493164 76.81208801269531 125.44973754882812 76.81208801269531 125.44973754882812 93.87954330444336 100.3505630493164 93.87954330444336
100.80123138427734 75.78639221191406 126.33474349975586 75.78639221191406 126.33474349975586 93.14919662475586 100.80123138427734 93.14919662475586
100.3155288696289 76.0588150024414 126.17016410827637 76.0588150024414 126.17016410827637 93.63998413085938 100.3155288696289 93.63998413085938
101.69283294677734 76.38233184814453 128.13250923156738 76.38233184814453 128.13250923156738 94.361328125 101.69283294677734 94.361328125
101.22607421875 75.70835876464844 128.36200523376465 75.70835876464844 128.36200523376465 94.16080856323242 101.22607421875 94.16080856323242
102.91630554199219 77.66853332519531 130.86489486694336 77.66853332519531 130.86489486694336 96.6735897064209 102.91630554199219 96.6735897064209
103.71805572509766 77.53520965576172 131.30119705200195 77.53520965576172 131.30119705200195 96.29176139831543 103.71805572509766 96.29176139831543
