91.0 9.0 106.0 9.0 106.0 26.0 91.0 26.0
93.71700286865234 9.862360000610352 108.58459663391113 9.862360000610352 108.58459663391113 26.71230125427246 93.71700286865234 26.71230125427246
94.61767578125 9.17612361907959 109.4868803024292 9.17612361907959 109.4868803024292 26.0278902053833 94.61767578125 26.0278902053833
95.81166076660156 9.86924934387207 110.75788402557373 9.86924934387207 110.75788402557373 26.80830192565918 95.81166076660156 26.80830192565918
98.1127700805664 9.636357307434082 113.11037731170654 9.636357307434082 113.11037731170654 26.633645057678223 98.1127700805664 26.633645057678223
99.40519714355469 10.045207023620605 114.28577995300293 10.045207023620605 114.28577995300293 26.90986728668213 99.40519714355469 26.90986728668213
101.127197265625 9.542562484741211 116.01261615753174 9.542562484741211 116.01261615753174 26.412704467773438 101.127197265625 26.412704467773438
102.1740493774414 9.757161140441895 117.26257038116455 9.757161140441895 117.26257038116455 26.857483863830566 102.1740493774414 26.857483863830566
104.2286605834961 9.417786598205566 119.35542297363281 9.417786598205566 119.35542297363281 26.561448097229004 104.2286605834961 26.561448097229004
106.07328796386719 10.2445707321167 121.21059703826904 10.2445707321167 121.21059703826904 27.400185585021973 106.07328796386719 27.400185585021973
107.15811920166016 9.815309524536133 122.30193614959717 9.815309524536133 122.30193614959717 26.978300094604492 107.15811920166016 26.978300094604492
108.45184326171875 9.941644668579102 123.89593315124512 9.941644668579102 123.89593315124512 27.444944381713867 108.45184326171875 27.444944381713867
111.37945556640625 10.125463485717773 126.72094535827637 10.125463485717773 126.72094535827637 27.512483596801758 111.37945556640625 27.512483596801758
112.52049255371094 9.433009147644043 128.09352111816406 9.433009147644043 128.09352111816406 27.082438468933105 112.52049255371094 27.082438468933105
113.67384338378906 10.123183250427246 129.5131425857544 10.123183250427246 129.5131425857544 28.07438373565674 113.67384338378906 28.07438373565674
116.40789794921875 9.800474166870117 132.21115684509277 9.800474166870117 132.21115684509277 27.710830688476562 116.40789794921875 27.710830688476562
118.66264343261719 9.736706733703613 134.59157848358154 9.736706733703613 134.59157848358154 27.789496421813965 118.66264343261719 27.789496421813965
119.11988830566406 9.813749313354492 135.2979965209961 9.813749313354492 135.2979965209961 28.148935317993164 119.11988830566406 28.148935317993164
121.14091491699219 9.645221710205078 137.28147506713867 9.645221710205078 137.28147506713867 27.93785285949707 121.14091491699219 27.93785285949707
123.35176849365234 9.413398742675781 139.7242774963379 9.413398742675781 139.7242774963379 27.968904495239258 123.35176849365234 27.968904495239258
124.5482406616211 9.27623176574707 140.83580780029297 9.27623176574707 140.83580780029297 27.735471725463867 124.5482406616211 27.735471725463867
126.71229553222656 10.541751861572266 143.16740798950195 10.541751861572266 143.16740798950195 29.190874099731445 126.71229553222656 29.190874099731445
128.18182373046875 10.368810653686523 144.58725547790527 10.368810653686523 144.58725547790527 28.96162986755371 128.18182373046875 28.96162986755371
129.2082977294922 10.250592231750488 145.77288818359375 10.250592231750488 145.77288818359375 29.02379322052002 129.2082977294922 29.02379322052002
130.3967742919922 10.266271591186523 147.68379592895508 10.266271591186523 147.68379592895508 29.858226776123047 130.3967742919922 29.858226776123047
132.02072143554688 10.84092903137207 149.28417587280273 10.84092903137207 149.28417587280273 30.40617561340332 132.02072143554688 30.40617561340332
134.1916046142578 10.220494270324707 151.6779670715332 10.220494270324707 151.6779670715332 30.038369178771973 134.1916046142578 30.038369178771973
134.52993774414062 10.892555236816406 152.23918533325195 10.892555236816406 152.23918533325195 30.963031768798828 134.52993774414062 30.963031768798828
136.5990447998047 11.748289108276367 154.32012939453125 11.748289108276367 154.32012939453125 31.832181930541992 136.5990447998047 31.832181930541992
138.6021728515625 11.190397262573242 156.2818489074707 11.190397262573242 156.2818489074707 31.227359771728516 138.6021728515625 31.227359771728516
140.0611114501953 11.335832595825195 157.90478897094727 11.335832595825195 157.90478897094727 31.55866241455078 140.0611114501953 31.55866241455078
141.30526733398438 11.665227890014648 159.3733787536621 11.665227890014648 159.3733787536621 32.14241409301758 141.30526733398438 32.14241409301758
143.20387268066406 12.141202926635742 161.27985191345215 12.141202926635742 161.27985191345215 32.62730598449707 143.20387268066406 32.62730598449707
144.02566528320312 12.496732711791992 162.00244522094727 12.496732711791992 162.00244522094727 32.87040901184082 144.02566528320312 32.87040901184082
146.1688232421875 13.042802810668945 163.89943885803223 13.042802810668945 163.89943885803223 33.137495040893555 146.1688232421875 33.137495040893555
147.6357879638672 13.377168655395508 165.17162132263184 13.377168655395508 165.17162132263184 33.25110626220703 147.6357879638672 33.25110626220703
148.22259521484375 12.939422607421875 165.7484588623047 12.939422607421875 165.7484588623047 32.802059173583984 148.22259521484375 32.802059173583984
150.2703094482422 13.845117568969727 167.58515739440918 13.845117568969727 167.58515739440918 33.46860313415527 150.2703094482422 33.46860313415527
151.68356323242188 14.683820724487305 168.54738235473633 14.683820724487305 168.54738235473633 33.79614067077637 151.68356323242188 33.79614067077637
153.0303497314453 15.320367813110352 169.8486442565918 15.320367813110352 169.8486442565918 34.381093978881836 153.0303497314453 34.381093978881836
154.4559783935547 15.462427139282227 171.1767234802246 15.462427139282227 171.1767234802246 34.41259574890137 154.4559783935547 34.41259574890137
155.6511993408203 15.379777908325195 172.2262020111084 15.379777908325195 172.2262020111084 34.164772033691406 155.6511993408203 34.164772033691406
157.21701049804688 15.60857105255127 173.7115993499756 15.60857105255127 173.7115993499756 34.302430152893066 157.21701049804688 34.302430152893066
157.3267059326172 15.586224555969238 174.08172225952148 15.586224555969238 174.08172225952148 34.57523822784424 157.3267059326172 34.57523822784424
159.47109985351562 15.711637496948242 176.29696083068848 15.711637496948242 176.29696083068848 34.78093910217285 159.47109985351562 34.78093910217285
159.8366241455078 15.745050430297852 176.60044479370117 15.745050430297852 176.60044479370117 34.74403953552246 159.8366241455078 34.74403953552246
161.4237518310547 16.591707229614258 178.3093318939209 16.591707229614258 178.3093318939209 35.72869110107422 161.4237518310547 35.72869110107422
163.29824829101562 16.764291763305664 179.93591117858887 16.764291763305664 179.93591117858887 35.62030220031738 163.29824829101562 35.62030220031738
164.05894470214844 16.509424209594727 180.57778930664062 16.509424209594727 180.57778930664062 35.23077201843262 164.05894470214844 35.23077201843262
164.9725799560547 16.833383560180664 181.36603164672852 16.833383560180664 181.36603164672852 35.41261863708496 164.9725799560547 35.41261863708496
166.51211547851562 17.116018295288086 182.88886833190918 17.116018295288086 182.88886833190918 35.67632865905762 166.51211547851562 35.67632865905762
167.69680786132812 17.20578384399414 183.9970359802246 17.20578384399414 183.9970359802246 35.67936706542969 167.69680786132812 35.67936706542969
168.2093505859375 17.471126556396484 184.64176559448242 17.471126556396484 184.64176559448242 36.094520568847656 168.2093505859375 36.094520568847656
169.22874450683594 18.221607208251953 185.45605087280273 18.221607208251953 185.45605087280273 36.61254692077637 169.22874450683594 36.61254692077637
170.1304168701172 18.43600082397461 186.34266662597656 18.43600082397461 186.34266662597656 36.80987548828125 170.1304168701172 36.80987548828125
171.3739776611328 18.502182006835938 187.85433387756348 18.502182006835938 187.85433387756348 37.17991256713867 171.3739776611328 37.17991256713867
171.63790893554688 19.25804328918457 187.87409782409668 19.25804328918457 187.87409782409668 37.6590518951416 171.63790893554688 37.6590518951416
172.36300659179688 19.29204559326172 188.26594257354736 19.29204559326172 188.26594257354736 37.31536674499512 172.36300659179688 37.31536674499512
172.57147216796875 18.9498233795166 188.43653678894043 18.9498233795166 188.43653678894043 36.93022537231445 172.57147216796875 36.93022537231445
173.76585388183594 19.302682876586914 189.71827697753906 19.302682876586914 189.71827697753906 37.3820915222168 173.76585388183594 37.3820915222168
174.17819213867188 19.613880157470703 189.95714569091797 19.613880157470703 189.95714569091797 37.49668884277344 174.17819213867188 37.49668884277344
174.50682067871094 19.018789291381836 190.26373863220215 19.018789291381836 190.26373863220215 36.876625061035156 174.50682067871094 36.876625061035156
174.73199462890625 19.68356704711914 190.70439624786377 19.68356704711914 190.70439624786377 37.78561592102051 174.73199462890625 37.78561592102051
175.27574157714844 19.8463077545166 191.45301055908203 19.8463077545166 191.45301055908203 38.18054008483887 175.27574157714844 38.18054008483887
174.59317016601562 20.313129425048828 190.42129802703857 20.313129425048828 190.42129802703857 38.251670837402344 174.59317016601562 38.251670837402344
174.68870544433594 20.23698616027832 190.57864952087402 20.23698616027832 190.57864952087402 38.24558639526367 174.68870544433594 38.24558639526367
174.71359252929688 20.351606369018555 190.77369499206543 20.351606369018555 190.77369499206543 38.55305290222168 174.71359252929688 38.55305290222168
174.12603759765625 20.82377052307129 190.24871444702148 20.82377052307129 190.24871444702148 39.096134185791016 174.12603759765625 39.096134185791016
173.8656768798828 20.96543312072754 190.41097831726074 20.96543312072754 190.41097831726074 39.71677207946777 173.8656768798828 39.71677207946777
173.0614776611328 21.433582305908203 189.28007888793945 21.433582305908203 189.28007888793945 39.81466102600098 173.0614776611328 39.81466102600098
172.72503662109375 21.769004821777344 188.96804428100586 21.769004821777344 188.96804428100586 40.1777458190918 172.72503662109375 40.1777458190918
172.0714111328125 22.04266929626465 188.26637840270996 22.04266929626465 188.26637840270996 40.3969669342041 172.0714111328125 40.3969669342041
171.9735565185547 22.182369232177734 188.4934368133545 22.182369232177734 188.4934368133545 40.904903411865234 171.9735565185547 40.904903411865234
172.5575408935547 22.670269012451172 189.02775192260742 22.670269012451172 189.02775192260742 41.33651351928711 172.5575408935547 41.33651351928711
172.1781768798828 22.79803466796875 188.71659088134766 22.79803466796875 188.71659088134766 41.54157638549805 172.1781768798828 41.54157638549805
172.257568359375 22.79042625427246 189.2120761871338 22.79042625427246 189.2120761871338 42.00554084777832 172.257568359375 42.00554084777832
172.96864318847656 22.753520965576172 189.70529556274414 22.753520965576172 189.70529556274414 41.721731185913086 172.96864318847656 41.721731185913086
173.062255859375 23.06954002380371 189.89653396606445 23.06954002380371 189.89653396606445 42.14839172363281 173.062255859375 42.14839172363281
172.93789672851562 22.896896362304688 189.97325325012207 22.896896362304688 189.97325325012207 42.203636169433594 172.93789672851562 42.203636169433594
174.48977661132812 21.911865234375 191.47180366516113 21.911865234375 191.47180366516113 41.158164978027344 174.48977661132812 41.158164978027344
176.34371948242188 22.917078018188477 193.3188133239746 22.917078018188477 193.3188133239746 42.155517578125 176.34371948242188 42.155517578125
176.6209259033203 23.553895950317383 193.45817375183105 23.553895950317383 193.45817375183105 42.636112213134766 176.6209259033203 42.636112213134766
178.81619262695312 24.470478057861328 195.58884048461914 24.470478057861328 195.58884048461914 43.4794807434082 178.81619262695312 43.4794807434082
179.69210815429688 24.263172149658203 196.80736923217773 24.263172149658203 196.80736923217773 43.66046905517578 179.69210815429688 43.66046905517578
173.81869506835938 24.118114471435547 191.12575912475586 24.118114471435547 191.12575912475586 43.7327880859375 173.81869506835938 43.7327880859375
175.303466796875 24.321155548095703 192.59251594543457 24.321155548095703 192.59251594543457 43.91541290283203 175.303466796875 43.91541290283203
177.22598266601562 24.154911041259766 194.64583015441895 24.154911041259766 194.64583015441895 43.89740753173828 177.22598266601562 43.89740753173828
178.7109832763672 24.231990814208984 196.3170108795166 24.231990814208984 196.3170108795166 44.18549156188965 178.7109832763672 44.18549156188965
181.3168487548828 24.14515495300293 199.1368350982666 24.14515495300293 199.1368350982666 44.341142654418945 181.3168487548828 44.341142654418945
185.16671752929688 24.540449142456055 202.7533187866211 24.540449142456055 202.7533187866211 44.4719352722168 185.16671752929688 44.4719352722168
187.7722625732422 25.02069664001465 205.55409812927246 25.02069664001465 205.55409812927246 45.17344856262207 187.7722625732422 45.17344856262207
191.4598846435547 24.31972312927246 209.49114608764648 24.31972312927246 209.49114608764648 44.755157470703125 191.4598846435547 44.755157470703125
194.9420623779297 25.02820587158203 212.98723220825195 25.02820587158203 212.98723220825195 45.47940444946289 194.9420623779297 45.47940444946289
197.8031463623047 24.88406753540039 215.72808074951172 24.88406753540039 215.72808074951172 45.19899940490723 197.8031463623047 45.19899940490723
202.9768829345703 25.049448013305664 220.4944553375244 25.049448013305664 220.4944553375244 44.90270233154297 202.9768829345703 44.90270233154297
205.88034057617188 24.95830535888672 223.43979263305664 24.95830535888672 223.43979263305664 44.85902214050293 205.88034057617188 44.85902214050293
208.438232421875 25.01068687438965 225.80904579162598 25.01068687438965 225.80904579162598 44.69761085510254 208.438232421875 44.69761085510254
211.6075439453125 25.04800796508789 228.93621444702148 25.04800796508789 228.93621444702148 44.68717002868652 211.6075439453125 44.68717002868652
216.09619140625 24.361286163330078 233.1056842803955 24.361286163330078 233.1056842803955 43.63871192932129 216.09619140625 43.63871192932129
216.86911010742188 23.744531631469727 234.0753288269043 23.744531631469727 234.0753288269043 43.24491310119629 216.86911010742188 43.24491310119629
216.710205078125 22.0629825592041 233.71366500854492 22.0629825592041 233.71366500854492 41.33357048034668 216.710205078125 41.33357048034668
232.61245727539062 27.18495750427246 249.72270011901855 27.18495750427246 249.72270011901855 46.57656478881836 232.61245727539062 46.57656478881836
228.8456268310547 26.371984481811523 246.12517929077148 26.371984481811523 246.12517929077148 45.955474853515625 228.8456268310547 45.955474853515625
232.5005340576172 26.478906631469727 249.8218879699707 26.478906631469727 249.8218879699707 46.10976982116699 232.5005340576172 46.10976982116699
236.5401611328125 26.804187774658203 253.99675369262695 26.804187774658203 253.99675369262695 46.588321685791016 236.5401611328125 46.588321685791016
237.4669647216797 26.4054012298584 255.13200569152832 26.4054012298584 255.13200569152832 46.425777435302734 237.4669647216797 46.425777435302734
241.0260009765625 26.515552520751953 258.9356346130371 26.515552520751953 258.9356346130371 46.813133239746094 241.0260009765625 46.813133239746094
245.2879638671875 26.61627197265625 263.1265163421631 26.61627197265625 263.1265163421631 46.83329391479492 245.2879638671875 46.83329391479492
246.4047393798828 26.42291831970215 264.4417915344238 26.42291831970215 264.4417915344238 46.86490821838379 246.4047393798828 46.86490821838379
249.1220245361328 26.86176109313965 267.1605396270752 26.86176109313965 267.1605396270752 47.3054084777832 249.1220245361328 47.3054084777832
253.1155242919922 26.75008201599121 271.0088653564453 26.75008201599121 271.0088653564453 47.029197692871094 253.1155242919922 47.029197692871094
254.4776153564453 27.079700469970703 272.362247467041 27.079700469970703 272.362247467041 47.34894561767578 254.4776153564453 47.34894561767578
258.9161682128906 26.921234130859375 277.001163482666 26.921234130859375 277.001163482666 47.41755676269531 258.9161682128906 47.41755676269531
262.01031494140625 27.0596866607666 280.0617733001709 27.0596866607666 280.0617733001709 47.518001556396484 262.01031494140625 47.518001556396484
263.1671447753906 26.8073673248291 281.35478019714355 26.8073673248291 281.35478019714355 47.42001724243164 263.1671447753906 47.42001724243164
266.2230224609375 26.692230224609375 284.63014030456543 26.692230224609375 284.63014030456543 47.553627014160156 266.2230224609375 47.553627014160156
268.0829162597656 26.99057960510254 285.8209934234619 26.99057960510254 285.8209934234619 47.09373092651367 268.0829162597656 47.09373092651367
270.1137390136719 26.678024291992188 287.87134170532227 26.678024291992188 287.87134170532227 46.80330467224121 270.1137390136719 46.80330467224121
272.9460754394531 26.46688461303711 290.7022895812988 26.46688461303711 290.7022895812988 46.59059143066406 272.9460754394531 46.59059143066406
273.73968505859375 26.81722640991211 291.8068428039551 26.81722640991211 291.8068428039551 47.2933349609375 273.73968505859375 47.2933349609375
274.0445861816406 26.572723388671875 292.3615303039551 26.572723388671875 292.3615303039551 47.331926345825195 274.0445861816406 47.331926345825195
273.8525695800781 26.11248779296875 292.2479362487793 26.11248779296875 292.2479362487793 46.960567474365234 273.8525695800781 46.960567474365234
273.5768127441406 24.39083480834961 291.78747177124023 24.39083480834961 291.78747177124023 45.029579162597656 273.5768127441406 45.029579162597656
284.88946533203125 24.451152801513672 303.0190124511719 24.451152801513672 303.0190124511719 44.99797058105469 284.88946533203125 44.99797058105469
291.93927001953125 30.2451114654541 309.9596290588379 30.2451114654541 309.9596290588379 50.66818046569824 291.93927001953125 50.66818046569824
295.87677001953125 29.62808609008789 313.93519401550293 29.62808609008789 313.93519401550293 50.09429740905762 295.87677001953125 50.09429740905762
294.4668273925781 27.550100326538086 312.3308753967285 27.550100326538086 312.3308753967285 47.79601860046387 294.4668273925781 47.79601860046387
295.86334228515625 27.34035873413086 313.5844078063965 27.34035873413086 313.5844078063965 47.42423057556152 295.86334228515625 47.42423057556152
297.595947265625 27.95114517211914 315.26819038391113 27.95114517211914 315.26819038391113 47.97968292236328 297.595947265625 47.97968292236328
298.28338623046875 28.521175384521484 316.1826362609863 28.521175384521484 316.1826362609863 48.80698776245117 298.28338623046875 48.80698776245117
301.635986328125 28.62081527709961 319.54897117614746 28.62081527709961 319.54897117614746 48.92219543457031 301.635986328125 48.92219543457031
306.919189453125 28.458749771118164 324.8187446594238 28.458749771118164 324.8187446594238 48.74490928649902 306.919189453125 48.74490928649902
308.5328063964844 28.815099716186523 326.1386528015137 28.815099716186523 326.1386528015137 48.768388748168945 308.5328063964844 48.768388748168945
310.7171325683594 28.681392669677734 328.2648239135742 28.681392669677734 328.2648239135742 48.56877326965332 310.7171325683594 48.56877326965332
310.92230224609375 29.004993438720703 328.5476264953613 29.004993438720703 328.5476264953613 48.980356216430664 310.92230224609375 48.980356216430664
312.673095703125 28.310504913330078 330.4817752838135 28.310504913330078 330.4817752838135 48.493669509887695 312.673095703125 48.493669509887695
313.473876953125 28.679092407226562 331.03647804260254 28.679092407226562 331.03647804260254 48.583364486694336 313.473876953125 48.583364486694336
314.4806213378906 28.039310455322266 332.27402687072754 28.039310455322266 332.27402687072754 48.205162048339844 314.4806213378906 48.205162048339844
