94.0 201.0 129.0 201.0 129.0 260.0 94.0 260.0
97.01240539550781 200.537353515625 131.84039306640625 200.537353515625 131.84039306640625 259.24738693237305 97.01240539550781 259.24738693237305
97.30152893066406 201.19850158691406 131.69029998779297 201.19850158691406 131.69029998779297 259.1681480407715 97.30152893066406 259.1681480407715
100.2103042602539 200.5187530517578 134.8364143371582 200.5187530517578 134.8364143371582 258.8884925842285 100.2103042602539 258.8884925842285
99.36493682861328 200.61788940429688 133.78125762939453 200.61788940429688 133.78125762939453 258.63398361206055 99.36493682861328 258.63398361206055
100.38017272949219 199.96432495117188 134.76963806152344 199.96432495117188 134.76963806152344 257.93514251708984 100.38017272949219 257.93514251708984
103.41737365722656 199.5720672607422 137.71961975097656 199.5720672607422 137.71961975097656 257.39585876464844 103.41737365722656 257.39585876464844
103.6005630493164 199.92926025390625 137.7876205444336 199.92926025390625 137.7876205444336 257.5588798522949 103.6005630493164 257.5588798522949
106.39268493652344 199.1349334716797 140.25841522216797 199.1349334716797 140.25841522216797 256.22289276123047 106.39268493652344 256.22289276123047
105.8551025390625 197.9555206298828 139.92172622680664 197.9555206298828 139.92172622680664 255.3821258544922 105.8551025390625 255.3821258544922
108.718505859375 197.9047088623047 143.59545516967773 197.9047088623047 143.59545516967773 256.69729232788086 108.718505859375 256.69729232788086
108.3676528930664 199.1833953857422 142.7098388671875 199.1833953857422 142.7098388671875 257.074520111084 108.3676528930664 257.074520111084
110.1811294555664 198.28271484375 144.4558868408203 198.28271484375 144.4558868408203 256.06017303466797 110.1811294555664 256.06017303466797
109.6031494140625 200.31117248535156 143.56954193115234 200.31117248535156 143.56954193115234 257.56882095336914 109.6031494140625 257.56882095336914
119.8608169555664 196.77487182617188 153.61357879638672 196.77487182617188 153.61357879638672 253.67240142822266 119.8608169555664 253.67240142822266
120.1047592163086 197.6953582763672 153.51601028442383 197.6953582763672 153.51601028442383 254.01719665527344 120.1047592163086 254.01719665527344
119.52030944824219 197.37261962890625 153.26665115356445 197.37261962890625 153.26665115356445 254.25932693481445 119.52030944824219 254.25932693481445
124.3896713256836 199.0142059326172 157.8443260192871 199.0142059326172 157.8443260192871 255.4092140197754 124.3896713256836 255.4092140197754
123.3741226196289 198.5939483642578 156.72268295288086 198.5939483642578 156.72268295288086 254.81011199951172 123.3741226196289 254.81011199951172
127.6026611328125 198.63754272460938 160.87708282470703 198.63754272460938 160.87708282470703 254.72874069213867 127.6026611328125 254.72874069213867
127.48863220214844 199.56625366210938 160.39334869384766 199.56625366210938 160.39334869384766 255.03423309326172 127.48863220214844 255.03423309326172
127.71244812011719 198.9876708984375 160.46280670166016 198.9876708984375 160.46280670166016 254.1954460144043 127.71244812011719 254.1954460144043
130.87030029296875 197.6444854736328 163.99458694458008 197.6444854736328 163.99458694458008 253.48260116577148 130.87030029296875 253.48260116577148
130.9490509033203 199.052978515625 163.5719985961914 199.052978515625 163.5719985961914 254.04598236083984 130.9490509033203 254.04598236083984
133.66610717773438 198.24342346191406 166.01631927490234 198.24342346191406 166.01631927490234 252.77667617797852 133.66610717773438 252.77667617797852
134.39578247070312 198.68524169921875 166.3704128265381 198.68524169921875 166.3704128265381 252.58536911010742 134.39578247070312 252.58536911010742
137.4149932861328 199.81663513183594 169.0999355316162 199.81663513183594 169.0999355316162 253.2284278869629 137.4149932861328 253.2284278869629
136.89627075195312 200.2414093017578 168.2866153717041 200.2414093017578 168.2866153717041 253.15658950805664 136.89627075195312 253.15658950805664
139.6170654296875 199.11863708496094 171.29388999938965 199.11863708496094 171.29388999938965 252.51673889160156 139.6170654296875 252.51673889160156
139.08245849609375 199.3277587890625 170.61227416992188 199.3277587890625 170.61227416992188 252.47804641723633 139.08245849609375 252.47804641723633
138.3336944580078 199.35121154785156 169.9922637939453 199.35121154785156 169.9922637939453 252.71854400634766 138.3336944580078 252.71854400634766
140.6252899169922 198.68521118164062 172.27806091308594 198.68521118164062 172.27806091308594 252.04277420043945 140.6252899169922 252.04277420043945
140.15859985351562 197.69851684570312 171.94240760803223 197.69851684570312 171.94240760803223 251.27696990966797 140.15859985351562 251.27696990966797
143.93930053710938 197.4835968017578 175.74322128295898 197.4835968017578 175.74322128295898 251.09595489501953 143.93930053710938 251.09595489501953
144.2401885986328 196.29925537109375 175.59768295288086 196.29925537109375 175.59768295288086 249.15906524658203 144.2401885986328 249.15906524658203
144.8114471435547 195.86721801757812 176.43638038635254 195.86721801757812 176.43638038635254 249.17784881591797 144.8114471435547 249.17784881591797
144.95785522460938 197.54837036132812 176.5289707183838 197.54837036132812 176.5289707183838 250.76828002929688 144.95785522460938 250.76828002929688
147.26780700683594 195.76168823242188 178.84742164611816 195.76168823242188 178.84742164611816 248.99592971801758 147.26780700683594 248.99592971801758
147.51235961914062 197.089599609375 178.20240783691406 197.089599609375 178.20240783691406 248.82428741455078 147.51235961914062 248.82428741455078
149.77908325195312 197.2767333984375 180.80242919921875 197.2767333984375 180.80242919921875 249.5732650756836 149.77908325195312 249.5732650756836
149.79022216796875 196.79635620117188 180.5577335357666 196.79635620117188 180.5577335357666 248.66162872314453 149.79022216796875 248.66162872314453
149.9120330810547 196.75909423828125 180.8990535736084 196.75909423828125 180.8990535736084 248.9943962097168 149.9120330810547 248.9943962097168
153.63552856445312 196.25770568847656 184.55195236206055 196.25770568847656 184.55195236206055 248.3740005493164 153.63552856445312 248.3740005493164
153.8048858642578 197.77401733398438 184.6536521911621 197.77401733398438 184.6536521911621 249.77626419067383 153.8048858642578 249.77626419067383
155.02565002441406 196.3360137939453 186.29107284545898 196.3360137939453 186.29107284545898 249.0406265258789 155.02565002441406 249.0406265258789
155.09197998046875 196.6300506591797 185.95709800720215 196.6300506591797 185.95709800720215 248.6598663330078 155.09197998046875 248.6598663330078
156.31655883789062 194.49765014648438 187.57579612731934 194.49765014648438 187.57579612731934 247.19183349609375 156.31655883789062 247.19183349609375
157.2451934814453 194.29112243652344 188.0797939300537 194.29112243652344 188.0797939300537 246.2694854736328 157.2451934814453 246.2694854736328
158.8704376220703 193.57516479492188 190.2632293701172 193.57516479492188 190.2632293701172 246.4944839477539 158.8704376220703 246.4944839477539
159.3611602783203 194.3446044921875 191.03708267211914 194.3446044921875 191.03708267211914 247.7411994934082 159.3611602783203 247.7411994934082
158.91607666015625 194.19711303710938 190.17683792114258 194.19711303710938 190.17683792114258 246.89385986328125 158.91607666015625 246.89385986328125
161.10183715820312 195.14273071289062 192.77673721313477 195.14273071289062 192.77673721313477 248.53759765625 161.10183715820312 248.53759765625
161.28318786621094 195.8269805908203 193.0941925048828 195.8269805908203 193.0941925048828 249.45128631591797 161.28318786621094 249.45128631591797
165.1673583984375 194.8640594482422 196.9647331237793 194.8640594482422 196.9647331237793 248.46538925170898 165.1673583984375 248.46538925170898
164.93692016601562 195.42306518554688 196.2264289855957 195.42306518554688 196.2264289855957 248.16828155517578 164.93692016601562 248.16828155517578
165.55999755859375 195.34097290039062 196.6542263031006 195.34097290039062 196.6542263031006 247.75700759887695 165.55999755859375 247.75700759887695
166.59182739257812 193.95704650878906 197.82972145080566 193.95704650878906 197.82972145080566 246.6152572631836 166.59182739257812 246.6152572631836
165.87417602539062 194.56796264648438 196.77095985412598 194.56796264648438 196.77095985412598 246.65115356445312 165.87417602539062 246.65115356445312
167.60556030273438 194.49661254882812 198.54935836791992 194.49661254882812 198.54935836791992 246.65904998779297 167.60556030273438 246.65904998779297
168.44168090820312 195.09640502929688 199.42085647583008 195.09640502929688 199.42085647583008 247.31847381591797 168.44168090820312 247.31847381591797
170.11074829101562 194.09567260742188 201.03500366210938 194.09567260742188 201.03500366210938 246.22516632080078 170.11074829101562 246.22516632080078
169.14584350585938 194.4488525390625 199.9786891937256 194.4488525390625 199.9786891937256 246.42426300048828 169.14584350585938 246.42426300048828
168.8690948486328 192.74929809570312 199.72106552124023 192.74929809570312 199.72106552124023 244.75695037841797 168.8690948486328 244.75695037841797
169.55235290527344 193.50369262695312 200.93357849121094 193.50369262695312 200.93357849121094 246.40351486206055 169.55235290527344 246.40351486206055
171.63827514648438 192.86402893066406 202.3187141418457 192.86402893066406 202.3187141418457 244.58252334594727 171.63827514648438 244.58252334594727
171.62173461914062 194.484619140625 202.06918907165527 194.484619140625 202.06918907165527 245.81037139892578 171.62173461914062 245.81037139892578
171.24037170410156 194.7047119140625 200.9935646057129 194.7047119140625 200.9935646057129 244.86013412475586 171.24037170410156 244.86013412475586
172.33761596679688 193.62637329101562 201.70042991638184 193.62637329101562 201.70042991638184 243.12372970581055 172.33761596679688 243.12372970581055
172.74765014648438 193.6984405517578 201.7778377532959 193.6984405517578 201.7778377532959 242.63508987426758 172.74765014648438 242.63508987426758
173.90621948242188 194.02267456054688 202.11173629760742 194.02267456054688 202.11173629760742 241.5691680908203 173.90621948242188 241.5691680908203
174.47340393066406 194.9443817138672 203.0620174407959 194.9443817138672 203.0620174407959 243.13666534423828 174.47340393066406 243.13666534423828
175.58761596679688 194.09329223632812 203.8832130432129 194.09329223632812 203.8832130432129 241.79163360595703 175.58761596679688 241.79163360595703
175.74781799316406 194.2666778564453 203.34649085998535 194.2666778564453 203.34649085998535 240.79020309448242 175.74781799316406 240.79020309448242
175.8972625732422 193.69900512695312 203.03352737426758 193.69900512695312 203.03352737426758 239.44304656982422 175.8972625732422 239.44304656982422
177.83384704589844 194.64308166503906 204.73638343811035 194.64308166503906 204.73638343811035 239.99312591552734 177.83384704589844 239.99312591552734
178.23374938964844 195.17605590820312 204.79203414916992 195.17605590820312 204.79203414916992 239.9457893371582 178.23374938964844 239.9457893371582
179.35842895507812 194.26513671875 205.7800407409668 194.26513671875 205.7800407409668 238.80448150634766 179.35842895507812 238.80448150634766
179.88856506347656 193.97935485839844 206.1848964691162 193.97935485839844 206.1848964691162 238.3075065612793 179.88856506347656 238.3075065612793
180.5578155517578 193.15121459960938 206.54681396484375 193.15121459960938 206.54681396484375 236.9612922668457 180.5578155517578 236.9612922668457
180.7705078125 194.00538635253906 206.1649055480957 194.00538635253906 206.1649055480957 236.8131332397461 180.7705078125 236.8131332397461
181.81130981445312 194.42709350585938 206.66502380371094 194.42709350585938 206.66502380371094 236.32340240478516 181.81130981445312 236.32340240478516
183.12242126464844 193.16847229003906 207.3955593109131 193.16847229003906 207.3955593109131 234.08609771728516 183.12242126464844 234.08609771728516
182.81185913085938 193.91995239257812 207.27968978881836 193.91995239257812 207.27968978881836 235.165771484375 182.81185913085938 235.165771484375
183.9524688720703 193.08145141601562 208.09940147399902 193.08145141601562 208.09940147399902 233.78632736206055 183.9524688720703 233.78632736206055
184.70156860351562 193.3843536376953 208.6785888671875 193.3843536376953 208.6785888671875 233.80280303955078 184.70156860351562 233.80280303955078
184.8872528076172 192.70132446289062 209.39850425720215 192.70132446289062 209.39850425720215 234.02033615112305 184.8872528076172 234.02033615112305
185.56265258789062 193.7353515625 209.95490074157715 193.7353515625 209.95490074157715 234.85375595092773 185.56265258789062 234.85375595092773
185.10972595214844 191.530517578125 209.9220790863037 191.530517578125 209.9220790863037 233.3571014404297 185.10972595214844 233.3571014404297
185.04159545898438 191.74671936035156 210.0525016784668 191.74671936035156 210.0525016784668 233.90800857543945 185.04159545898438 233.90800857543945
185.1183319091797 191.69308471679688 210.08147621154785 191.69308471679688 210.08147621154785 233.77386093139648 185.1183319091797 233.77386093139648
186.9452667236328 191.22738647460938 211.60304069519043 191.22738647460938 211.60304069519043 232.79339599609375 186.9452667236328 232.79339599609375
186.6656494140625 192.16629028320312 211.23917961120605 192.16629028320312 211.23917961120605 233.59029388427734 186.6656494140625 233.59029388427734
188.26841735839844 190.4573516845703 213.2553424835205 190.4573516845703 213.2553424835205 232.57822036743164 188.26841735839844 232.57822036743164
188.2447052001953 190.33273315429688 212.98428344726562 190.33273315429688 212.98428344726562 232.0366439819336 188.2447052001953 232.0366439819336
188.37008666992188 190.51614379882812 213.70122528076172 190.51614379882812 213.70122528076172 233.21725845336914 188.37008666992188 233.21725845336914
189.19351196289062 190.43849182128906 214.42221069335938 190.43849182128906 214.42221069335938 232.96692657470703 189.19351196289062 232.96692657470703
189.326416015625 189.10916137695312 214.60118293762207 189.10916137695312 214.60118293762207 231.71525192260742 189.326416015625 231.71525192260742
188.86888122558594 189.4366455078125 214.14558792114258 189.4366455078125 214.14558792114258 232.04600524902344 188.86888122558594 232.04600524902344
188.70132446289062 188.64849853515625 214.18093490600586 188.64849853515625 214.18093490600586 231.59989547729492 188.70132446289062 231.59989547729492
187.988037109375 190.16018676757812 213.5439109802246 190.16018676757812 213.5439109802246 233.24014282226562 187.988037109375 233.24014282226562
187.8129425048828 190.6525421142578 213.0319423675537 190.6525421142578 213.0319423675537 233.16461944580078 187.8129425048828 233.16461944580078
186.5891571044922 191.55567932128906 212.02653694152832 191.55567932128906 212.02653694152832 234.4358787536621 186.5891571044922 234.4358787536621
185.89622497558594 190.8943328857422 211.79978370666504 190.8943328857422 211.79978370666504 234.56037139892578 185.89622497558594 234.56037139892578
189.13973999023438 189.36529541015625 214.8722629547119 189.36529541015625 214.8722629547119 232.7430191040039 189.13973999023438 232.7430191040039
188.11380004882812 189.71238708496094 213.89113807678223 189.71238708496094 213.89113807678223 233.16565704345703 188.11380004882812 233.16565704345703
189.7094268798828 187.6515350341797 215.00252151489258 187.6515350341797 215.00252151489258 230.28850555419922 189.7094268798828 230.28850555419922
189.37831115722656 188.77371215820312 214.4111499786377 188.77371215820312 214.4111499786377 230.97196197509766 189.37831115722656 230.97196197509766
189.27133178710938 188.04232788085938 214.07132530212402 188.04232788085938 214.07132530212402 229.84806060791016 189.27133178710938 229.84806060791016
190.24490356445312 188.3820037841797 214.8026008605957 188.3820037841797 214.8026008605957 229.779296875 190.24490356445312 229.779296875
190.60873413085938 189.29241943359375 214.8368034362793 189.29241943359375 214.8368034362793 230.13405227661133 190.60873413085938 230.13405227661133
189.9723358154297 188.5257110595703 214.13112831115723 188.5257110595703 214.13112831115723 229.25055694580078 189.9723358154297 229.25055694580078
190.36056518554688 188.61318969726562 214.50903701782227 188.61318969726562 214.50903701782227 229.32064056396484 190.36056518554688 229.32064056396484
190.39077758789062 189.04739379882812 214.45693588256836 189.04739379882812 214.45693588256836 229.6160888671875 190.39077758789062 229.6160888671875
191.1161346435547 189.39523315429688 214.4806671142578 189.39523315429688 214.4806671142578 228.78119277954102 191.1161346435547 228.78119277954102
190.98403930664062 188.8135528564453 214.1215534210205 188.8135528564453 214.1215534210205 227.81682205200195 190.98403930664062 227.81682205200195
189.9807891845703 188.0462188720703 213.05443382263184 188.0462188720703 213.05443382263184 226.94182586669922 189.9807891845703 226.94182586669922
190.83441162109375 188.7554473876953 213.49596786499023 188.7554473876953 213.49596786499023 226.95639038085938 190.83441162109375 226.95639038085938
190.48159790039062 187.8388671875 213.2353172302246 187.8388671875 213.2353172302246 226.19517135620117 190.48159790039062 226.19517135620117
190.10226440429688 188.3488006591797 212.66033744812012 188.3488006591797 212.66033744812012 226.37529754638672 190.10226440429688 226.37529754638672
189.4376983642578 188.63858032226562 212.02772331237793 188.63858032226562 212.02772331237793 226.71893692016602 189.4376983642578 226.71893692016602
188.7536163330078 187.69691467285156 211.2491798400879 187.69691467285156 211.2491798400879 225.61803436279297 188.7536163330078 225.61803436279297
189.9662628173828 188.34884643554688 211.8334083557129 188.34884643554688 211.8334083557129 225.21063232421875 189.9662628173828 225.21063232421875
189.11227416992188 189.88348388671875 210.55321502685547 189.88348388671875 210.55321502685547 226.0268096923828 189.11227416992188 226.0268096923828
189.50314331054688 190.267822265625 210.92793655395508 190.267822265625 210.92793655395508 226.3839340209961 189.50314331054688 226.3839340209961
187.39501953125 188.19711303710938 208.68645477294922 188.19711303710938 208.68645477294922 224.08842086791992 187.39501953125 224.08842086791992
186.87779235839844 188.0004119873047 208.67320251464844 188.0004119873047 208.67320251464844 224.74127960205078 186.87779235839844 224.74127960205078
186.14462280273438 187.6654510498047 208.0491886138916 187.6654510498047 208.0491886138916 224.59032440185547 186.14462280273438 224.59032440185547
186.33151245117188 187.88265991210938 208.1182041168213 187.88265991210938 208.1182041168213 224.60883331298828 186.33151245117188 224.60883331298828
186.01268005371094 187.86697387695312 207.76100158691406 187.86697387695312 207.76100158691406 224.5284652709961 186.01268005371094 224.5284652709961
183.81814575195312 187.02767944335938 205.5952854156494 187.02767944335938 205.5952854156494 223.73775100708008 183.81814575195312 223.73775100708008
184.71865844726562 187.47097778320312 206.27906608581543 187.47097778320312 206.27906608581543 223.81570434570312 184.71865844726562 223.81570434570312
183.74295043945312 186.85256958007812 205.17952728271484 186.85256958007812 205.17952728271484 222.9885482788086 183.74295043945312 222.9885482788086
180.35621643066406 186.301513671875 201.71856498718262 186.301513671875 201.71856498718262 222.3123664855957 180.35621643066406 222.3123664855957
180.84829711914062 186.74835205078125 202.2721881866455 186.74835205078125 202.2721881866455 222.8629493713379 180.84829711914062 222.8629493713379
180.53697204589844 186.40017700195312 201.71674156188965 186.40017700195312 201.71674156188965 222.10325241088867 180.53697204589844 222.10325241088867
179.06787109375 185.8710479736328 200.05274391174316 185.8710479736328 200.05274391174316 221.2455825805664 179.06787109375 221.2455825805664
179.10244750976562 186.06150817871094 199.90476608276367 186.06150817871094 199.90476608276367 221.12831115722656 179.10244750976562 221.12831115722656
179.7583465576172 187.05853271484375 200.1796989440918 187.05853271484375 200.1796989440918 221.48313522338867 179.7583465576172 221.48313522338867
177.9091033935547 186.4405975341797 197.72954177856445 186.4405975341797 197.72954177856445 219.85223007202148 177.9091033935547 219.85223007202148
178.213134765625 186.1953887939453 197.92592811584473 186.1953887939453 197.92592811584473 219.42556381225586 178.213134765625 219.42556381225586
176.5238037109375 186.97421264648438 196.25744247436523 186.97421264648438 196.25744247436523 220.23952865600586 176.5238037109375 220.23952865600586
176.21371459960938 186.59059143066406 195.99508666992188 186.59059143066406 195.99508666992188 219.93637466430664 176.21371459960938 219.93637466430664
173.4160614013672 185.90480041503906 192.9742660522461 185.90480041503906 192.9742660522461 218.87438201904297 173.4160614013672 218.87438201904297
173.28875732421875 186.74282836914062 192.9311008453369 186.74282836914062 192.9311008453369 219.85424423217773 173.28875732421875 219.85424423217773
171.3655242919922 186.4088592529297 191.0068302154541 186.4088592529297 191.0068302154541 219.51852798461914 171.3655242919922 219.51852798461914
171.0717010498047 186.3422088623047 190.5580539703369 186.3422088623047 190.5580539703369 219.19066619873047 171.0717010498047 219.19066619873047
170.38864135742188 186.26931762695312 189.5812168121338 186.26931762695312 189.5812168121338 218.62255096435547 170.38864135742188 218.62255096435547
170.33770751953125 185.4809112548828 189.44903755187988 185.4809112548828 189.44903755187988 217.69718551635742 170.33770751953125 217.69718551635742
169.8896026611328 186.53677368164062 188.83484268188477 186.53677368164062 188.83484268188477 218.4730625152588 169.8896026611328 218.4730625152588
167.60720825195312 185.21060180664062 186.25724411010742 185.21060180664062 186.25724411010742 216.6492576599121 167.60720825195312 216.6492576599121
167.72647094726562 185.61959838867188 186.40933418273926 185.61959838867188 186.40933418273926 217.11359024047852 167.72647094726562 217.11359024047852
162.4393310546875 185.0318603515625 180.8632583618164 185.0318603515625 180.8632583618164 216.08935928344727 162.4393310546875 216.08935928344727
162.19447326660156 184.93115234375 180.54096794128418 184.93115234375 180.54096794128418 215.8581199645996 162.19447326660156 215.8581199645996
161.11277770996094 185.3153533935547 179.0223903656006 185.3153533935547 179.0223903656006 215.50586318969727 161.11277770996094 215.50586318969727
161.20733642578125 185.71250915527344 178.76025581359863 185.71250915527344 178.76025581359863 215.30173301696777 161.20733642578125 215.30173301696777
158.5066680908203 187.1558837890625 175.5204849243164 187.1558837890625 175.5204849243164 215.8363380432129 158.5066680908203 215.8363380432129
158.3153839111328 187.26217651367188 175.34838485717773 187.26217651367188 175.34838485717773 215.9749641418457 158.3153839111328 215.9749641418457
158.97610473632812 187.27877807617188 176.16171646118164 187.27877807617188 176.16171646118164 216.24882125854492 158.97610473632812 216.24882125854492
154.80447387695312 188.00003051757812 171.93857765197754 188.00003051757812 171.93857765197754 216.88324356079102 154.80447387695312 216.88324356079102
155.2733612060547 187.63482666015625 172.2339210510254 187.63482666015625 172.2339210510254 216.2254981994629 155.2733612060547 216.2254981994629
151.06509399414062 186.87527465820312 167.44484519958496 186.87527465820312 167.44484519958496 214.4868679046631 151.06509399414062 214.4868679046631
151.35562133789062 186.31341552734375 167.57771682739258 186.31341552734375 167.57771682739258 213.65924644470215 151.35562133789062 213.65924644470215
150.3923797607422 186.27207946777344 166.15404796600342 186.27207946777344 166.15404796600342 212.84176063537598 150.3923797607422 212.84176063537598
150.18051147460938 186.4738311767578 165.77977466583252 186.4738311767578 165.77977466583252 212.76974487304688 150.18051147460938 212.76974487304688
146.3905792236328 185.91702270507812 162.0083408355713 185.91702270507812 162.0083408355713 212.24411964416504 146.3905792236328 212.24411964416504
146.05172729492188 185.16717529296875 161.953106880188 185.16717529296875 161.953106880188 211.97237014770508 146.05172729492188 211.97237014770508
146.0078125 185.8326416015625 161.91102027893066 185.8326416015625 161.91102027893066 212.6409149169922 146.0078125 212.6409149169922
142.78201293945312 185.37442016601562 158.49149894714355 185.37442016601562 158.49149894714355 211.85613441467285 142.78201293945312 211.85613441467285
142.721923828125 185.94252014160156 158.28320026397705 185.94252014160156 158.28320026397705 212.17439651489258 142.721923828125 212.17439651489258
138.5363311767578 186.03182983398438 153.96985912322998 186.03182983398438 153.96985912322998 212.04835891723633 138.5363311767578 212.04835891723633
138.54421997070312 186.0570526123047 153.65082359313965 186.0570526123047 153.65082359313965 211.52248191833496 138.54421997070312 211.52248191833496
135.66824340820312 185.5118408203125 150.63533306121826 185.5118408203125 150.63533306121826 210.74209022521973 135.66824340820312 210.74209022521973
135.6958465576172 185.8249053955078 150.2033233642578 185.8249053955078 150.2033233642578 210.28038024902344 135.6958465576172 210.28038024902344
135.65188598632812 186.242919921875 150.22744464874268 186.242919921875 150.22744464874268 210.81315994262695 135.65188598632812 210.81315994262695
133.68211364746094 186.22555541992188 148.0838108062744 186.22555541992188 148.0838108062744 210.50271224975586 133.68211364746094 210.50271224975586
133.5365447998047 186.34848022460938 147.82549858093262 186.34848022460938 147.82549858093262 210.4355869293213 133.5365447998047 210.4355869293213
128.07888793945312 185.32870483398438 142.40247535705566 185.32870483398438 142.40247535705566 209.47419357299805 128.07888793945312 209.47419357299805
127.69905090332031 185.49888610839844 141.87024116516113 185.49888610839844 141.87024116516113 209.38747596740723 127.69905090332031 209.38747596740723
125.5282974243164 183.8523712158203 139.6850643157959 183.8523712158203 139.6850643157959 207.71664810180664 125.5282974243164 207.71664810180664
125.58277893066406 184.0135955810547 139.4824981689453 184.0135955810547 139.4824981689453 207.4445629119873 125.58277893066406 207.4445629119873
125.81355285644531 184.6529998779297 139.3835802078247 184.6529998779297 139.3835802078247 207.52820205688477 125.81355285644531 207.52820205688477
121.86434173583984 185.23495483398438 135.35715007781982 185.23495483398438 135.35715007781982 207.97998809814453 121.86434173583984 207.97998809814453
121.20942687988281 186.04788208007812 134.85747718811035 186.04788208007812 134.85747718811035 209.05460739135742 121.20942687988281 209.05460739135742
119.47404479980469 185.51637268066406 133.04230308532715 185.51637268066406 133.04230308532715 208.38859367370605 119.47404479980469 208.38859367370605
119.37443542480469 186.0967559814453 132.84579181671143 186.0967559814453 132.84579181671143 208.80562782287598 119.37443542480469 208.80562782287598
113.76264953613281 186.06283569335938 127.37572479248047 186.06283569335938 127.37572479248047 209.01060676574707 113.76264953613281 209.01060676574707
113.57298278808594 185.94009399414062 127.3935718536377 185.94009399414062 127.3935718536377 209.23767471313477 113.57298278808594 209.23767471313477
109.1972885131836 188.1853485107422 122.91903877258301 188.1853485107422 122.91903877258301 211.31631469726562 109.1972885131836 211.31631469726562
109.02486419677734 188.4578857421875 123.1001558303833 188.4578857421875 123.1001558303833 212.18482398986816 109.02486419677734 212.18482398986816
106.88321685791016 185.34982299804688 120.71422576904297 185.34982299804688 120.71422576904297 208.66497230529785 106.88321685791016 208.66497230529785
106.57537841796875 186.16415405273438 120.30027198791504 186.16415405273438 120.30027198791504 209.3004207611084 106.57537841796875 209.3004207611084
106.96366119384766 186.10923767089844 120.56687927246094 186.10923767089844 120.56687927246094 209.0403938293457 106.96366119384766 209.0403938293457
103.8559799194336 185.87619018554688 117.13276958465576 185.87619018554688 117.13276958465576 208.25707817077637 103.8559799194336 208.25707817077637
103.9168930053711 186.60772705078125 117.06096076965332 186.60772705078125 117.06096076965332 208.76488494873047 103.9168930053711 208.76488494873047
98.65693664550781 187.26425170898438 111.5821361541748 187.26425170898438 111.5821361541748 209.05245971679688 98.65693664550781 209.05245971679688
98.07172393798828 186.997314453125 111.1875352859497 186.997314453125 111.1875352859497 209.106840133667 98.07172393798828 209.106840133667
95.6272201538086 186.6067657470703 108.61409187316895 186.6067657470703 108.61409187316895 208.4989356994629 95.6272201538086 208.4989356994629
95.4439468383789 187.1167755126953 108.21265697479248 187.1167755126953 108.21265697479248 208.64118576049805 95.4439468383789 208.64118576049805
89.86753845214844 185.62210083007812 102.96802997589111 185.62210083007812 102.96802997589111 207.7057991027832 89.86753845214844 207.7057991027832
89.91584777832031 185.3568878173828 103.17048072814941 185.3568878173828 103.17048072814941 207.70042419433594 89.91584777832031 207.70042419433594
89.47554016113281 185.28604125976562 102.93032550811768 185.28604125976562 102.93032550811768 207.96697616577148 89.47554016113281 207.96697616577148
83.80012512207031 185.6621551513672 97.4587459564209 185.6621551513672 97.4587459564209 208.68670082092285 83.80012512207031 208.68670082092285
84.17387390136719 185.67710876464844 97.8325366973877 185.67710876464844 97.8325366973877 208.70172500610352 84.17387390136719 208.70172500610352
79.91357421875 184.09307861328125 93.62887859344482 184.09307861328125 93.62887859344482 207.2131748199463 79.91357421875 207.2131748199463
80.44599914550781 184.7117919921875 94.25106239318848 184.7117919921875 94.25106239318848 207.9831943511963 80.44599914550781 207.9831943511963
80.27996826171875 184.4008026123047 94.17023468017578 184.4008026123047 94.17023468017578 207.81583213806152 80.27996826171875 207.81583213806152
77.32178497314453 184.71932983398438 91.11583232879639 184.71932983398438 91.11583232879639 207.9721622467041 77.32178497314453 207.9721622467041
76.49191284179688 184.89840698242188 90.48776245117188 184.89840698242188 90.48776245117188 208.49141883850098 76.49191284179688 208.49141883850098
70.84623718261719 189.3074188232422 84.73482322692871 189.3074188232422 84.73482322692871 212.7196159362793 70.84623718261719 212.7196159362793
70.63101196289062 189.9273681640625 84.73376178741455 189.9273681640625 84.73376178741455 213.7005844116211 70.63101196289062 213.7005844116211
67.61573791503906 184.42835998535156 81.8479642868042 184.42835998535156 81.8479642868042 208.41983604431152 67.61573791503906 208.41983604431152
67.26802825927734 184.87486267089844 81.5501651763916 184.87486267089844 81.5501651763916 208.95047187805176 67.26802825927734 208.95047187805176
62.78861618041992 185.11520385742188 77.13407516479492 185.11520385742188 77.13407516479492 209.2975559234619 62.78861618041992 209.2975559234619
62.8719482421875 185.37710571289062 77.16247272491455 185.37710571289062 77.16247272491455 209.46685409545898 62.8719482421875 209.46685409545898
62.75397491455078 184.70127868652344 77.15851306915283 184.70127868652344 77.15851306915283 208.98322105407715 62.75397491455078 208.98322105407715
59.60912322998047 182.1555938720703 74.0322904586792 182.1555938720703 74.0322904586792 206.46893882751465 59.60912322998047 206.46893882751465
59.142059326171875 180.4749755859375 73.67511749267578 180.4749755859375 73.67511749267578 204.97356605529785 59.142059326171875 204.97356605529785
55.7410774230957 186.51951599121094 70.15991401672363 186.51951599121094 70.15991401672363 210.8255615234375 55.7410774230957 210.8255615234375
55.23115158081055 185.96273803710938 69.4355583190918 185.96273803710938 69.4355583190918 209.90731620788574 55.23115158081055 209.90731620788574
50.841373443603516 181.40225219726562 64.93719387054443 181.40225219726562 64.93719387054443 205.1637840270996 50.841373443603516 205.1637840270996
50.776222229003906 181.10000610351562 64.7374324798584 181.10000610351562 64.7374324798584 204.63462257385254 50.776222229003906 204.63462257385254
50.957611083984375 180.94021606445312 64.77395057678223 180.94021606445312 64.77395057678223 204.23062324523926 50.957611083984375 204.23062324523926
47.33586883544922 183.61892700195312 61.17667579650879 183.61892700195312 61.17667579650879 206.9505786895752 47.33586883544922 206.9505786895752
46.72303009033203 184.17831420898438 60.57754325866699 184.17831420898438 60.57754325866699 207.5330696105957 46.72303009033203 207.5330696105957
44.04846954345703 186.28549194335938 58.07316303253174 186.28549194335938 58.07316303253174 209.92712020874023 44.04846954345703 209.92712020874023
43.592864990234375 187.43118286132812 57.65535926818848 187.43118286132812 57.65535926818848 211.13653182983398 43.592864990234375 211.13653182983398
37.878700256347656 188.31484985351562 51.98926258087158 188.31484985351562 51.98926258087158 212.101224899292 37.878700256347656 212.101224899292
38.0582275390625 189.06153869628906 52.389150619506836 189.06153869628906 52.389150619506836 213.21937942504883 38.0582275390625 213.21937942504883
37.34897994995117 188.2687530517578 51.86529731750488 188.2687530517578 51.86529731750488 212.73911666870117 37.34897994995117 212.73911666870117
34.24761199951172 185.02584838867188 48.597944259643555 185.02584838867188 48.597944259643555 209.21640968322754 34.24761199951172 209.21640968322754
34.250038146972656 184.86468505859375 48.40640830993652 184.86468505859375 48.40640830993652 208.72828102111816 34.250038146972656 208.72828102111816
30.614459991455078 186.15660095214844 44.73939609527588 186.15660095214844 44.73939609527588 209.96720695495605 30.614459991455078 209.96720695495605
30.81418800354004 186.5929718017578 44.76661396026611 186.5929718017578 44.76661396026611 210.11277389526367 30.81418800354004 210.11277389526367
25.454784393310547 185.59017944335938 39.1752233505249 185.59017944335938 39.1752233505249 208.71891975402832 25.454784393310547 208.71891975402832
25.647064208984375 184.5962371826172 39.497469902038574 184.5962371826172 39.497469902038574 207.94406509399414 25.647064208984375 207.94406509399414
20.923938751220703 185.94192504882812 34.672298431396484 185.94192504882812 34.672298431396484 209.11773300170898 20.923938751220703 209.11773300170898
21.107091903686523 186.29833984375 34.76538848876953 186.29833984375 34.76538848876953 209.32232475280762 21.107091903686523 209.32232475280762
18.419605255126953 184.7799835205078 31.95285701751709 184.7799835205078 31.95285701751709 207.5931797027588 18.419605255126953 207.5931797027588
18.21173095703125 184.4107208251953 31.716596603393555 184.4107208251953 31.716596603393555 207.17606735229492 18.21173095703125 207.17606735229492
18.066665649414062 185.22732543945312 31.342714309692383 185.22732543945312 31.342714309692383 207.6069507598877 18.066665649414062 207.6069507598877
12.848536491394043 187.85816955566406 26.058815956115723 187.85816955566406 26.058815956115723 210.12692832946777 12.848536491394043 210.12692832946777
12.535545349121094 187.10067749023438 25.607080459594727 187.10067749023438 25.607080459594727 209.13555145263672 12.535545349121094 209.13555145263672
11.377973556518555 186.10244750976562 24.08937644958496 186.10244750976562 24.08937644958496 207.5302391052246 11.377973556518555 207.5302391052246
10.838286399841309 186.0034942626953 23.48918914794922 186.0034942626953 23.48918914794922 207.3292999267578 10.838286399841309 207.3292999267578
6.311117649078369 186.3035430908203 18.96371603012085 186.3035430908203 18.96371603012085 207.6322078704834 6.311117649078369 207.6322078704834
5.793850421905518 186.1715850830078 18.63028383255005 186.1715850830078 18.63028383255005 207.81014251708984 5.793850421905518 207.81014251708984
5.197312355041504 186.0216522216797 18.01242160797119 186.0216522216797 18.01242160797119 207.6242618560791 5.197312355041504 207.6242618560791
