29.0 157.0 63.0 157.0 63.0 237.0 29.0 237.0
30.07638931274414 156.17762756347656 65.2759017944336 156.17762756347656 65.2759017944336 239.00000762939453 30.07638931274414 239.00000762939453
31.093791961669922 153.6456298828125 66.95186233520508 153.6456298828125 66.95186233520508 238.01756286621094 31.093791961669922 238.01756286621094
31.3060245513916 153.4390411376953 67.52267265319824 153.4390411376953 67.52267265319824 238.65469360351562 31.3060245513916 238.65469360351562
32.321067810058594 152.10415649414062 69.11203002929688 152.10415649414062 69.11203002929688 238.67113494873047 32.321067810058594 238.67113494873047
33.158409118652344 150.19607543945312 70.90007400512695 150.19607543945312 70.90007400512695 239.00000762939453 33.158409118652344 239.00000762939453
36.607154846191406 147.0449981689453 75.68802642822266 147.0449981689453 75.68802642822266 239.0 36.607154846191406 239.0
36.77083206176758 143.9504852294922 76.83743667602539 143.9504852294922 76.83743667602539 238.224853515625 36.77083206176758 238.224853515625
38.766117095947266 137.83424377441406 78.7547492980957 137.83424377441406 78.7547492980957 231.92514038085938 38.766117095947266 231.92514038085938
39.91062927246094 135.07481384277344 78.47826385498047 135.07481384277344 78.47826385498047 225.82218170166016 39.91062927246094 225.82218170166016
42.181846618652344 134.4486083984375 80.49818420410156 134.4486083984375 80.49818420410156 224.6046905517578 42.181846618652344 224.6046905517578
45.016719818115234 134.49166870117188 83.5319938659668 134.49166870117188 83.5319938659668 225.11582946777344 45.016719818115234 225.11582946777344
44.53316116333008 130.96043395996094 83.49974060058594 130.96043395996094 83.49974060058594 222.64649200439453 44.53316116333008 222.64649200439453
46.647361755371094 130.40927124023438 85.87516784667969 130.40927124023438 85.87516784667969 222.7099838256836 46.647361755371094 222.7099838256836
46.9409294128418 129.21029663085938 86.7197265625 129.21029663085938 86.7197265625 222.80745697021484 46.9409294128418 222.80745697021484
47.61500549316406 126.491943359375 87.94477844238281 126.491943359375 87.94477844238281 221.38551330566406 47.61500549316406 221.38551330566406
47.26591110229492 122.56001281738281 88.0858039855957 122.56001281738281 88.0858039855957 218.6068115234375 47.26591110229492 218.6068115234375
49.17168045043945 118.96379089355469 89.3940658569336 118.96379089355469 89.3940658569336 213.6046905517578 49.17168045043945 213.6046905517578
49.150901794433594 114.46795654296875 88.68687438964844 114.46795654296875 88.68687438964844 207.49376678466797 49.150901794433594 207.49376678466797
50.664573669433594 111.5371322631836 90.14183044433594 111.5371322631836 90.14183044433594 204.42479705810547 50.664573669433594 204.42479705810547
50.896270751953125 110.25727844238281 90.06723022460938 110.25727844238281 90.06723022460938 202.4242401123047 50.896270751953125 202.4242401123047
51.05863952636719 107.80500793457031 90.31393051147461 107.80500793457031 90.31393051147461 200.17041015625 51.05863952636719 200.17041015625
52.375640869140625 105.75386810302734 91.44319915771484 105.75386810302734 91.44319915771484 197.67754364013672 52.375640869140625 197.67754364013672
52.984779357910156 103.43760681152344 92.60436248779297 103.43760681152344 92.60436248779297 196.66017150878906 52.984779357910156 196.66017150878906
53.90900421142578 102.51759338378906 93.68384552001953 102.51759338378906 93.68384552001953 196.10547637939453 53.90900421142578 196.10547637939453
54.90657424926758 99.66667175292969 95.21126556396484 99.66667175292969 95.21126556396484 194.5012664794922 54.90657424926758 194.5012664794922
56.515464782714844 97.32714080810547 96.68911361694336 97.32714080810547 96.68911361694336 191.85340118408203 56.515464782714844 191.85340118408203
56.64274215698242 97.0967025756836 96.39215087890625 97.0967025756836 96.39215087890625 190.624755859375 56.64274215698242 190.624755859375
58.317840576171875 96.27297973632812 97.39608383178711 96.27297973632812 97.39608383178711 188.22181701660156 58.317840576171875 188.22181701660156
58.015777587890625 92.84600067138672 97.01872253417969 92.84600067138672 97.01872253417969 184.61766052246094 58.015777587890625 184.61766052246094
58.81829833984375 93.14900970458984 97.55777359008789 93.14900970458984 97.55777359008789 184.30074310302734 58.81829833984375 184.30074310302734
59.644004821777344 93.06037902832031 98.8149642944336 93.06037902832031 98.8149642944336 185.22736358642578 59.644004821777344 185.22736358642578
59.57764434814453 91.77519226074219 98.29991149902344 91.77519226074219 98.29991149902344 182.88644409179688 59.57764434814453 182.88644409179688
60.86762237548828 91.51933288574219 99.38923645019531 91.51933288574219 99.38923645019531 182.1584701538086 60.86762237548828 182.1584701538086
61.38898849487305 88.58624267578125 100.35275268554688 88.58624267578125 100.35275268554688 180.26573181152344 61.38898849487305 180.26573181152344
61.74254608154297 86.93892669677734 100.2310905456543 86.93892669677734 100.2310905456543 177.500244140625 61.74254608154297 177.500244140625
61.284095764160156 84.68614196777344 99.9669189453125 84.68614196777344 99.9669189453125 175.70458984375 61.284095764160156 175.70458984375
60.837928771972656 82.21926879882812 99.43695068359375 82.21926879882812 99.43695068359375 173.04053497314453 60.837928771972656 173.04053497314453
60.3602180480957 80.70885467529297 98.92652130126953 80.70885467529297 98.92652130126953 171.45313262939453 60.3602180480957 171.45313262939453
60.214698791503906 77.1379623413086 99.32488250732422 77.1379623413086 99.32488250732422 169.1619644165039 60.214698791503906 169.1619644165039
61.2893180847168 75.30926513671875 100.05176162719727 75.30926513671875 100.05176162719727 166.5150604248047 61.2893180847168 166.5150604248047
60.16609573364258 72.01160430908203 99.00617599487305 72.01160430908203 99.00617599487305 163.4000701904297 60.16609573364258 163.4000701904297
61.152069091796875 74.96266174316406 99.50260543823242 74.96266174316406 99.50260543823242 165.19925689697266 61.152069091796875 165.19925689697266
62.08214569091797 73.31230163574219 99.68285369873047 73.31230163574219 99.68285369873047 161.78459930419922 62.08214569091797 161.78459930419922
63.03223419189453 70.95613098144531 100.65803909301758 70.95613098144531 100.65803909301758 159.48749542236328 63.03223419189453 159.48749542236328
63.45574951171875 68.3436050415039 100.64226531982422 68.3436050415039 100.64226531982422 155.84136199951172 63.45574951171875 155.84136199951172
62.58835983276367 67.2737808227539 99.48721313476562 67.2737808227539 99.48721313476562 154.09467315673828 62.58835983276367 154.09467315673828
63.72197341918945 65.89253997802734 100.48599243164062 65.89253997802734 100.48599243164062 152.3961639404297 63.72197341918945 152.3961639404297
63.65095138549805 62.9383430480957 100.58120346069336 62.9383430480957 100.58120346069336 149.8330955505371 63.65095138549805 149.8330955505371
65.09249877929688 61.2333984375 101.36726760864258 61.2333984375 101.36726760864258 146.58583068847656 65.09249877929688 146.58583068847656
64.45780944824219 62.91918182373047 100.31836318969727 62.91918182373047 100.31836318969727 147.29698944091797 64.45780944824219 147.29698944091797
63.751747131347656 60.16222381591797 99.28899383544922 60.16222381591797 99.28899383544922 143.77930450439453 63.751747131347656 143.77930450439453
64.69306945800781 59.54597854614258 99.81241989135742 59.54597854614258 99.81241989135742 142.17976760864258 64.69306945800781 142.17976760864258
63.58795928955078 59.71087646484375 98.39596176147461 59.71087646484375 98.39596176147461 141.61207580566406 63.58795928955078 141.61207580566406
63.241790771484375 57.9468994140625 97.7199935913086 57.9468994140625 97.7199935913086 139.0720977783203 63.241790771484375 139.0720977783203
62.6380500793457 57.026824951171875 96.86950302124023 57.026824951171875 96.86950302124023 137.57142639160156 62.6380500793457 137.57142639160156
62.00319290161133 54.98809814453125 95.8283462524414 54.98809814453125 95.8283462524414 134.57669830322266 62.00319290161133 134.57669830322266
61.330238342285156 55.19330596923828 94.49271392822266 55.19330596923828 94.49271392822266 133.22265625 61.330238342285156 133.22265625
61.263404846191406 53.52583694458008 94.20978546142578 53.52583694458008 94.20978546142578 131.04672622680664 61.263404846191406 131.04672622680664
59.6033821105957 51.11227035522461 92.69384384155273 51.11227035522461 92.69384384155273 128.9721794128418 59.6033821105957 128.9721794128418
59.31563186645508 51.6658821105957 92.00113677978516 51.6658821105957 92.00113677978516 128.57294082641602 59.31563186645508 128.57294082641602
57.4486083984375 46.99537658691406 89.8563117980957 46.99537658691406 89.8563117980957 123.248779296875 57.4486083984375 123.248779296875
56.59360885620117 47.259544372558594 88.64870071411133 47.259544372558594 88.64870071411133 122.68327331542969 56.59360885620117 122.68327331542969
55.56296920776367 48.053382873535156 87.07610702514648 48.053382873535156 87.07610702514648 122.2019271850586 55.56296920776367 122.2019271850586
53.627464294433594 47.352867126464844 84.90143966674805 47.352867126464844 84.90143966674805 120.93868255615234 53.627464294433594 120.93868255615234
53.154808044433594 46.61579513549805 84.65310287475586 46.61579513549805 84.65310287475586 120.72942733764648 53.154808044433594 120.72942733764648
52.74292755126953 45.11723709106445 83.67173957824707 45.11723709106445 83.67173957824707 117.89090347290039 52.74292755126953 117.89090347290039
50.898685455322266 45.09653854370117 81.27455139160156 45.09653854370117 81.27455139160156 116.56914901733398 50.898685455322266 116.56914901733398
49.30745315551758 43.43248748779297 79.35028839111328 43.43248748779297 79.35028839111328 114.12149810791016 49.30745315551758 114.12149810791016
49.069496154785156 42.117191314697266 78.90323257446289 42.117191314697266 78.90323257446289 112.31420516967773 49.069496154785156 112.31420516967773
47.53836441040039 43.37387466430664 77.33582496643066 43.37387466430664 77.33582496643066 113.48553848266602 47.53836441040039 113.48553848266602
46.69152069091797 42.0024299621582 76.55137252807617 42.0024299621582 76.55137252807617 112.26089096069336 46.69152069091797 112.26089096069336
46.25291061401367 41.25017547607422 76.0616683959961 41.25017547607422 76.0616683959961 111.38842010498047 46.25291061401367 111.38842010498047
45.57683181762695 40.9623908996582 75.49138832092285 40.9623908996582 75.49138832092285 111.34957504272461 45.57683181762695 111.34957504272461
43.02937698364258 38.37931442260742 73.01848602294922 38.37931442260742 73.01848602294922 108.94191360473633 43.02937698364258 108.94191360473633
41.6318244934082 38.5210075378418 71.61293411254883 38.5210075378418 71.61293411254883 109.06478500366211 41.6318244934082 109.06478500366211
40.43265151977539 38.3011360168457 70.42779350280762 38.3011360168457 70.42779350280762 108.87793350219727 40.43265151977539 108.87793350219727
39.21183395385742 37.559181213378906 68.74144744873047 37.559181213378906 68.74144744873047 107.0406265258789 39.21183395385742 107.0406265258789
37.9719123840332 37.35127639770508 67.03974914550781 37.35127639770508 67.03974914550781 105.74618911743164 37.9719123840332 105.74618911743164
36.71417999267578 35.19438934326172 65.98028945922852 35.19438934326172 65.98028945922852 104.05583190917969 36.71417999267578 104.05583190917969
36.941165924072266 35.613670349121094 65.55143165588379 35.613670349121094 65.55143165588379 102.93195343017578 36.941165924072266 102.93195343017578
37.03348922729492 35.461708068847656 65.30965423583984 35.461708068847656 65.30965423583984 101.9938735961914 37.03348922729492 101.9938735961914
37.346046447753906 34.144412994384766 65.29247665405273 34.144412994384766 65.29247665405273 99.90073013305664 37.346046447753906 99.90073013305664
37.12171173095703 32.77409744262695 64.85112190246582 32.77409744262695 64.85112190246582 98.01977920532227 37.12171173095703 98.01977920532227
36.82513427734375 32.75851821899414 65.17598915100098 32.75851821899414 65.17598915100098 99.46642684936523 36.82513427734375 99.46642684936523
37.176109313964844 32.68018341064453 65.26877021789551 32.68018341064453 65.26877021789551 98.78057098388672 37.176109313964844 98.78057098388672
38.60687255859375 33.063751220703125 65.75496864318848 33.063751220703125 65.75496864318848 96.94163131713867 38.60687255859375 96.94163131713867
39.52383804321289 30.833423614501953 66.39299964904785 30.833423614501953 66.39299964904785 94.05499267578125 39.52383804321289 94.05499267578125
40.54625701904297 30.36587142944336 67.04678153991699 30.36587142944336 67.04678153991699 92.72005844116211 40.54625701904297 92.72005844116211
41.29994583129883 30.251256942749023 67.87963104248047 30.251256942749023 67.87963104248047 92.79170417785645 41.29994583129883 92.79170417785645
42.726593017578125 28.335046768188477 69.21703147888184 28.335046768188477 69.21703147888184 90.66550254821777 42.726593017578125 90.66550254821777
43.282249450683594 29.968252182006836 69.4897575378418 29.968252182006836 69.4897575378418 91.63298606872559 43.282249450683594 91.63298606872559
43.92280960083008 30.44658851623535 70.02797889709473 30.44658851623535 70.02797889709473 91.87052726745605 43.92280960083008 91.87052726745605
44.8018684387207 30.0040283203125 71.0921573638916 30.0040283203125 71.0921573638916 91.86354446411133 44.8018684387207 91.86354446411133
45.16616439819336 29.981369018554688 70.97892379760742 29.981369018554688 70.97892379760742 90.71728134155273 45.16616439819336 90.71728134155273
48.282928466796875 28.820667266845703 74.10163497924805 28.820667266845703 74.10163497924805 89.57057571411133 48.282928466796875 89.57057571411133
48.241363525390625 27.178979873657227 74.09040451049805 27.178979873657227 74.09040451049805 88.0002613067627 48.241363525390625 88.0002613067627
49.17641830444336 26.272058486938477 75.48361206054688 26.272058486938477 75.48361206054688 88.17133903503418 49.17641830444336 88.17133903503418
49.52186965942383 26.490890502929688 75.56116104125977 26.490890502929688 75.56116104125977 87.75981140136719 49.52186965942383 87.75981140136719
50.426300048828125 26.031986236572266 76.33687400817871 26.031986236572266 76.33687400817871 86.99803924560547 50.426300048828125 86.99803924560547
51.2637939453125 25.313419342041016 77.19575119018555 25.313419342041016 77.19575119018555 86.32978820800781 51.2637939453125 86.32978820800781
52.23583221435547 26.062450408935547 78.24930000305176 26.062450408935547 78.24930000305176 87.27061080932617 52.23583221435547 87.27061080932617
51.92618942260742 25.395883560180664 78.01781463623047 25.395883560180664 78.01781463623047 86.78795051574707 51.92618942260742 86.78795051574707
53.19017791748047 25.24566650390625 79.1302719116211 25.24566650390625 79.1302719116211 86.28118896484375 53.19017791748047 86.28118896484375
52.91771697998047 26.844005584716797 79.22087860107422 26.844005584716797 79.22087860107422 88.73380661010742 52.91771697998047 88.73380661010742
53.089324951171875 27.715892791748047 79.35984420776367 27.715892791748047 79.35984420776367 89.52888870239258 53.089324951171875 89.52888870239258
53.81339645385742 28.202621459960938 80.30450057983398 28.202621459960938 80.30450057983398 90.53464126586914 53.81339645385742 90.53464126586914
54.104347229003906 29.114261627197266 80.54251480102539 29.114261627197266 80.54251480102539 91.32172012329102 54.104347229003906 91.32172012329102
54.3987922668457 29.063556671142578 81.03624725341797 29.063556671142578 81.03624725341797 91.73992538452148 54.3987922668457 91.73992538452148
54.92962646484375 30.809356689453125 81.63112258911133 30.809356689453125 81.63112258911133 93.63640594482422 54.92962646484375 93.63640594482422
55.8369255065918 28.651662826538086 82.68977546691895 28.651662826538086 82.68977546691895 91.83484077453613 55.8369255065918 91.83484077453613
55.95490646362305 29.474468231201172 82.71757125854492 29.474468231201172 82.71757125854492 92.44545364379883 55.95490646362305 92.44545364379883
57.56376266479492 32.01993179321289 84.70561218261719 32.01993179321289 84.70561218261719 95.88312149047852 57.56376266479492 95.88312149047852
58.21526336669922 32.896820068359375 84.92583465576172 32.896820068359375 84.92583465576172 95.7452392578125 58.21526336669922 95.7452392578125
58.594970703125 31.612293243408203 85.52982711791992 31.612293243408203 85.52982711791992 94.98844146728516 58.594970703125 94.98844146728516
58.82450485229492 34.25886154174805 86.26679039001465 34.25886154174805 86.26679039001465 98.82895278930664 58.82450485229492 98.82895278930664
59.55474853515625 34.44173049926758 87.3486442565918 34.44173049926758 87.3486442565918 99.83914566040039 59.55474853515625 99.83914566040039
60.413856506347656 33.42479705810547 88.09302520751953 33.42479705810547 88.09302520751953 98.55226135253906 60.413856506347656 98.55226135253906
60.025733947753906 34.1010856628418 88.07168960571289 34.1010856628418 88.07168960571289 100.09157943725586 60.025733947753906 100.09157943725586
61.271888732910156 34.53560256958008 89.50902557373047 34.53560256958008 89.50902557373047 100.97593307495117 61.271888732910156 100.97593307495117
62.081199645996094 35.18773651123047 90.51081657409668 35.18773651123047 90.51081657409668 102.08096313476562 62.081199645996094 102.08096313476562
63.207916259765625 37.14342498779297 91.02376937866211 37.14342498779297 91.02376937866211 102.59249877929688 63.207916259765625 102.59249877929688
64.50503540039062 37.734046936035156 92.30894470214844 37.734046936035156 92.30894470214844 103.15502166748047 64.50503540039062 103.15502166748047
65.59488677978516 35.3055534362793 94.14123153686523 35.3055534362793 94.14123153686523 102.47343826293945 65.59488677978516 102.47343826293945
66.43576049804688 38.09986114501953 94.53541564941406 38.09986114501953 94.53541564941406 104.21671295166016 66.43576049804688 104.21671295166016
67.54239654541016 39.56487274169922 96.03544807434082 39.56487274169922 96.03544807434082 106.60736083984375 67.54239654541016 106.60736083984375
68.12926483154297 39.32587814331055 96.75701141357422 39.32587814331055 96.75701141357422 106.68529891967773 68.12926483154297 106.68529891967773
69.21943664550781 39.14533233642578 97.39426231384277 39.14533233642578 97.39426231384277 105.43905639648438 69.21943664550781 105.43905639648438
69.80389404296875 40.807106018066406 98.18657493591309 40.807106018066406 98.18657493591309 107.58991241455078 69.80389404296875 107.58991241455078
70.39561462402344 39.02442169189453 99.2615966796875 39.02442169189453 99.2615966796875 106.94441223144531 70.39561462402344 106.94441223144531
70.40359497070312 39.99063491821289 99.0772705078125 39.99063491821289 99.0772705078125 107.45814895629883 70.40359497070312 107.45814895629883
70.42459869384766 39.15392303466797 99.6231803894043 39.15392303466797 99.6231803894043 107.85651397705078 70.42459869384766 107.85651397705078
72.26637268066406 41.58854293823242 101.14206314086914 41.58854293823242 101.14206314086914 109.5313835144043 72.26637268066406 109.5313835144043
72.35354614257812 41.9025764465332 101.4682674407959 41.9025764465332 101.4682674407959 110.40784072875977 72.35354614257812 110.40784072875977
74.16880798339844 43.64461898803711 103.34040451049805 43.64461898803711 103.34040451049805 112.28371047973633 74.16880798339844 112.28371047973633
74.52359008789062 43.482933044433594 103.22431564331055 43.482933044433594 103.22431564331055 111.01409149169922 74.52359008789062 111.01409149169922
75.76703643798828 42.937103271484375 104.17203903198242 42.937103271484375 104.17203903198242 109.7724380493164 75.76703643798828 109.7724380493164
77.39311218261719 44.836997985839844 105.59537887573242 44.836997985839844 105.59537887573242 111.19530487060547 77.39311218261719 111.19530487060547
77.61906433105469 45.461692810058594 106.39857482910156 45.461692810058594 106.39857482910156 113.17823028564453 77.61906433105469 113.17823028564453
79.0792236328125 45.678890228271484 107.80451965332031 45.678890228271484 107.80451965332031 113.26786422729492 79.0792236328125 113.26786422729492
79.840576171875 45.680912017822266 108.98707008361816 45.680912017822266 108.98707008361816 114.26094436645508 79.840576171875 114.26094436645508
81.28060150146484 46.045326232910156 110.50320243835449 46.045326232910156 110.50320243835449 114.80443572998047 81.28060150146484 114.80443572998047
81.78145599365234 47.31513977050781 111.21331596374512 47.31513977050781 111.21331596374512 116.5666275024414 81.78145599365234 116.5666275024414
83.19120788574219 46.36511993408203 113.09427452087402 46.36511993408203 113.09427452087402 116.72533416748047 83.19120788574219 116.72533416748047
85.0321273803711 46.20386505126953 115.0167121887207 46.20386505126953 115.0167121887207 116.7558822631836 85.0321273803711 116.7558822631836
86.71986389160156 47.12793731689453 116.69881248474121 47.12793731689453 116.69881248474121 117.66670227050781 86.71986389160156 117.66670227050781
88.49842834472656 48.75985336303711 118.16656494140625 48.75985336303711 118.16656494140625 118.56730270385742 88.49842834472656 118.56730270385742
91.96171569824219 46.553489685058594 121.75302505493164 46.553489685058594 121.75302505493164 116.65076446533203 91.96171569824219 116.65076446533203
93.86924743652344 47.800941467285156 123.53378677368164 47.800941467285156 123.53378677368164 117.59993743896484 93.86924743652344 117.59993743896484
95.11310577392578 47.955631256103516 124.40634346008301 47.955631256103516 124.40634346008301 116.8809700012207 95.11310577392578 116.8809700012207
97.81965637207031 48.24135208129883 126.62648963928223 48.24135208129883 126.62648963928223 116.0222053527832 97.81965637207031 116.0222053527832
100.4520263671875 48.53687286376953 129.03309059143066 48.53687286376953 129.03309059143066 115.7864990234375 100.4520263671875 115.7864990234375
101.35565948486328 49.857093811035156 129.55100631713867 49.857093811035156 129.55100631713867 116.19915008544922 101.35565948486328 116.19915008544922
103.7328109741211 49.8764533996582 131.56962776184082 49.8764533996582 131.56962776184082 115.37491226196289 103.7328109741211 115.37491226196289
107.02803802490234 51.91493606567383 134.77620124816895 51.91493606567383 134.77620124816895 117.20479202270508 107.02803802490234 117.20479202270508
108.5075454711914 50.56163024902344 136.21228218078613 50.56163024902344 136.21228218078613 115.74929809570312 108.5075454711914 115.74929809570312
109.4955825805664 52.26091384887695 137.15830612182617 52.26091384887695 137.15830612182617 117.34972763061523 109.4955825805664 117.34972763061523
111.88410949707031 50.08723831176758 139.61045265197754 50.08723831176758 139.61045265197754 115.32574081420898 111.88410949707031 115.32574081420898
114.03483581542969 49.65298080444336 141.96532249450684 49.65298080444336 141.96532249450684 115.3718147277832 114.03483581542969 115.3718147277832
117.7332992553711 51.14918518066406 145.08984756469727 51.14918518066406 145.08984756469727 115.517578125 117.7332992553711 115.517578125
118.72996520996094 50.98383331298828 145.73104858398438 50.98383331298828 145.73104858398438 114.51583862304688 118.72996520996094 114.51583862304688
121.47835540771484 52.530311584472656 148.96342849731445 52.530311584472656 148.96342849731445 117.20112609863281 121.47835540771484 117.20112609863281
122.68135833740234 51.891502380371094 150.9810962677002 51.891502380371094 150.9810962677002 118.47916412353516 122.68135833740234 118.47916412353516
127.55867004394531 54.34373092651367 156.13261032104492 54.34373092651367 156.13261032104492 121.57657241821289 127.55867004394531 121.57657241821289
128.38063049316406 52.924957275390625 156.7125759124756 52.924957275390625 156.7125759124756 119.58839416503906 128.38063049316406 119.58839416503906
128.81678771972656 51.910484313964844 157.9877052307129 51.910484313964844 157.9877052307129 120.5479736328125 128.81678771972656 120.5479736328125
131.2176513671875 50.09052276611328 160.25551414489746 50.09052276611328 160.25551414489746 118.41494750976562 131.2176513671875 118.41494750976562
133.9741668701172 50.62826919555664 162.91409873962402 50.62826919555664 162.91409873962402 118.72227096557617 133.9741668701172 118.72227096557617
136.4279327392578 50.293724060058594 165.11001586914062 50.293724060058594 165.11001586914062 117.7810287475586 136.4279327392578 117.7810287475586
137.990234375 48.05662155151367 166.59009742736816 48.05662155151367 166.59009742736816 115.35046005249023 137.990234375 115.35046005249023
140.751708984375 49.078216552734375 169.53084182739258 49.078216552734375 169.53084182739258 116.79386901855469 140.751708984375 116.79386901855469
143.43862915039062 48.5058479309082 171.92156600952148 48.5058479309082 171.92156600952148 115.52457046508789 143.43862915039062 115.52457046508789
145.32562255859375 51.29259490966797 173.80244827270508 51.29259490966797 173.80244827270508 118.29694366455078 145.32562255859375 118.29694366455078
146.29978942871094 52.382972717285156 175.16469764709473 52.382972717285156 175.16469764709473 120.30046081542969 146.29978942871094 120.30046081542969
147.88534545898438 53.52960205078125 176.90471839904785 53.52960205078125 176.90471839904785 121.81053161621094 147.88534545898438 121.81053161621094
149.51254272460938 52.478843688964844 178.5106143951416 52.478843688964844 178.5106143951416 120.70965576171875 149.51254272460938 120.70965576171875
149.84579467773438 52.78052520751953 178.88368225097656 52.78052520751953 178.88368225097656 121.10501861572266 149.84579467773438 121.10501861572266
151.394775390625 52.2386474609375 180.3118019104004 52.2386474609375 180.3118019104004 120.27876281738281 151.394775390625 120.27876281738281
153.30810546875 54.79474639892578 181.5597438812256 54.79474639892578 181.5597438812256 121.26924133300781 153.30810546875 121.26924133300781
155.27293395996094 55.6365966796875 183.40419006347656 55.6365966796875 183.40419006347656 121.82783508300781 155.27293395996094 121.82783508300781
155.72830200195312 55.59282302856445 183.9751682281494 55.59282302856445 183.9751682281494 122.05607986450195 155.72830200195312 122.05607986450195
158.7285614013672 57.5630989074707 187.2325496673584 57.5630989074707 187.2325496673584 124.63135147094727 158.7285614013672 124.63135147094727
160.5771942138672 55.80034255981445 189.1437931060791 55.80034255981445 189.1437931060791 123.01591110229492 160.5771942138672 123.01591110229492
161.424560546875 59.03301239013672 190.26823043823242 59.03301239013672 190.26823043823242 126.9005126953125 161.424560546875 126.9005126953125
163.1390380859375 57.76884841918945 192.1008644104004 57.76884841918945 192.1008644104004 125.91436386108398 163.1390380859375 125.91436386108398
164.65638732910156 60.41840362548828 194.45828247070312 60.41840362548828 194.45828247070312 130.5405502319336 164.65638732910156 130.5405502319336
165.96243286132812 61.444297790527344 195.6424217224121 61.444297790527344 195.6424217224121 131.2796173095703 165.96243286132812 131.2796173095703
167.31216430664062 61.2077751159668 197.05324363708496 61.2077751159668 197.05324363708496 131.18683242797852 167.31216430664062 131.18683242797852
168.69149780273438 62.22827911376953 198.86740112304688 62.22827911376953 198.86740112304688 133.23045349121094 168.69149780273438 133.23045349121094
170.65538024902344 63.62886428833008 200.64913368225098 63.62886428833008 200.64913368225098 134.20244979858398 170.65538024902344 134.20244979858398
171.80360412597656 62.84264373779297 201.77991676330566 62.84264373779297 201.77991676330566 133.37519073486328 171.80360412597656 133.37519073486328
173.0742950439453 64.69450378417969 202.90073013305664 64.69450378417969 202.90073013305664 134.8743896484375 173.0742950439453 134.8743896484375
174.2869873046875 66.68568420410156 204.01409912109375 66.68568420410156 204.01409912109375 136.63186645507812 174.2869873046875 136.63186645507812
177.8486785888672 67.38999938964844 207.48698043823242 67.38999938964844 207.48698043823242 137.1272201538086 177.8486785888672 137.1272201538086
178.33273315429688 67.97590637207031 208.09889221191406 67.97590637207031 208.09889221191406 138.01396942138672 178.33273315429688 138.01396942138672
180.90994262695312 68.3895034790039 210.69270706176758 68.3895034790039 210.69270706176758 138.46663665771484 180.90994262695312 138.46663665771484
181.55490112304688 69.77082824707031 210.84716796875 69.77082824707031 210.84716796875 138.69384765625 181.55490112304688 138.69384765625
185.10220336914062 69.47120666503906 214.37385177612305 69.47120666503906 214.37385177612305 138.34571838378906 185.10220336914062 138.34571838378906
186.6846923828125 69.48841857910156 216.12640380859375 69.48841857910156 216.12640380859375 138.76307678222656 186.6846923828125 138.76307678222656
187.49053955078125 70.7421875 216.51218223571777 70.7421875 216.51218223571777 139.02845001220703 187.49053955078125 139.02845001220703
188.99488830566406 71.42695617675781 217.90915489196777 71.42695617675781 217.90915489196777 139.46056365966797 188.99488830566406 139.46056365966797
191.35238647460938 72.24622344970703 220.71267127990723 72.24622344970703 220.71267127990723 141.32928466796875 191.35238647460938 141.32928466796875
193.1607666015625 74.10386657714844 222.20782089233398 74.10386657714844 222.20782089233398 142.44991302490234 193.1607666015625 142.44991302490234
194.44342041015625 74.62419128417969 223.14018630981445 74.62419128417969 223.14018630981445 142.14602661132812 194.44342041015625 142.14602661132812
195.79318237304688 74.8028793334961 224.70308303833008 74.8028793334961 224.70308303833008 142.82621002197266 195.79318237304688 142.82621002197266
199.67974853515625 76.7359848022461 228.38820266723633 76.7359848022461 228.38820266723633 144.28531646728516 199.67974853515625 144.28531646728516
202.051025390625 76.17352294921875 230.98040199279785 76.17352294921875 230.98040199279785 144.24266052246094 202.051025390625 144.24266052246094
202.8206024169922 78.6858901977539 231.87628746032715 78.6858901977539 231.87628746032715 147.05221557617188 202.8206024169922 147.05221557617188
205.26681518554688 80.62993621826172 234.90000534057617 80.62993621826172 234.90000534057617 150.35509490966797 205.26681518554688 150.35509490966797
207.6502685546875 81.7525863647461 237.69118690490723 81.7525863647461 237.69118690490723 152.4371109008789 207.6502685546875 152.4371109008789
208.1024169921875 82.87492370605469 238.25279808044434 82.87492370605469 238.25279808044434 153.8170166015625 208.1024169921875 153.8170166015625
210.1787567138672 84.5914077758789 240.39069175720215 84.5914077758789 240.39069175720215 155.67833709716797 210.1787567138672 155.67833709716797
212.79623413085938 84.07881164550781 242.85407066345215 84.07881164550781 242.85407066345215 154.80316162109375 212.79623413085938 154.80316162109375
215.49221801757812 84.4477767944336 246.02115440368652 84.4477767944336 246.02115440368652 156.28058624267578 215.49221801757812 156.28058624267578
217.92501831054688 86.68172454833984 248.15755081176758 86.68172454833984 248.15755081176758 157.8171157836914 217.92501831054688 157.8171157836914
220.41159057617188 86.49380493164062 250.49270629882812 86.49380493164062 250.49270629882812 157.27291870117188 220.41159057617188 157.27291870117188
221.9581298828125 87.01809692382812 252.03206253051758 87.01809692382812 252.03206253051758 157.78031158447266 221.9581298828125 157.78031158447266
223.59121704101562 88.75459289550781 253.66623878479004 88.75459289550781 253.66623878479004 159.51937103271484 223.59121704101562 159.51937103271484
225.84945678710938 88.40821838378906 256.35361099243164 88.40821838378906 256.35361099243164 160.1827163696289 225.84945678710938 160.1827163696289
227.5743865966797 90.16492462158203 257.7768363952637 90.16492462158203 257.7768363952637 161.22952270507812 227.5743865966797 161.22952270507812
229.2506866455078 91.65821838378906 259.3702850341797 91.65821838378906 259.3702850341797 162.5278778076172 229.2506866455078 162.5278778076172
230.5239715576172 92.83245849609375 260.3803005218506 92.83245849609375 260.3803005218506 163.0826644897461 230.5239715576172 163.0826644897461
232.31716918945312 93.25887298583984 262.3802604675293 93.25887298583984 262.3802604675293 163.9955825805664 232.31716918945312 163.9955825805664
234.63070678710938 94.00666809082031 264.3579502105713 94.00666809082031 264.3579502105713 163.9531478881836 234.63070678710938 163.9531478881836
237.7388153076172 96.2962417602539 267.14216232299805 96.2962417602539 267.14216232299805 165.4806137084961 237.7388153076172 165.4806137084961
239.6732635498047 97.8882827758789 268.4452419281006 97.8882827758789 268.4452419281006 165.5870819091797 239.6732635498047 165.5870819091797
243.07876586914062 96.90058898925781 272.0056800842285 96.90058898925781 272.0056800842285 164.9639434814453 243.07876586914062 164.9639434814453
245.89208984375 95.54576110839844 275.0270748138428 95.54576110839844 275.0270748138428 164.09869384765625 245.89208984375 164.09869384765625
248.8362579345703 98.6478042602539 278.23818588256836 98.6478042602539 278.23818588256836 167.82884979248047 248.8362579345703 167.82884979248047
249.791259765625 98.7303695678711 279.2271537780762 98.7303695678711 279.2271537780762 167.9913330078125 249.791259765625 167.9913330078125
251.28329467773438 101.16400146484375 280.9137477874756 101.16400146484375 280.9137477874756 170.88275146484375 251.28329467773438 170.88275146484375
253.96273803710938 101.42586517333984 283.40532875061035 101.42586517333984 283.40532875061035 170.70258331298828 253.96273803710938 170.70258331298828
255.8531494140625 104.7076187133789 285.2196846008301 104.7076187133789 285.2196846008301 173.80538177490234 255.8531494140625 173.80538177490234
258.3034973144531 105.6329574584961 287.5888862609863 105.6329574584961 287.5888862609863 174.539794921875 258.3034973144531 174.539794921875
260.7850341796875 104.15433502197266 289.8637390136719 104.15433502197266 289.8637390136719 172.5748519897461 260.7850341796875 172.5748519897461
263.3505859375 108.1225814819336 291.62132263183594 108.1225814819336 291.62132263183594 174.64200592041016 263.3505859375 174.64200592041016
266.20166015625 108.25003814697266 294.779993057251 108.25003814697266 294.779993057251 175.49321746826172 266.20166015625 175.49321746826172
267.6865234375 109.49163818359375 296.4878692626953 109.49163818359375 296.4878692626953 177.25955963134766 267.6865234375 177.25955963134766
269.64947509765625 108.46380615234375 298.88251304626465 108.46380615234375 298.88251304626465 177.24747467041016 269.64947509765625 177.24747467041016
274.70452880859375 109.069091796875 303.6468563079834 109.069091796875 303.6468563079834 177.1687469482422 274.70452880859375 177.1687469482422
