191.0 21.0 210.0 21.0 210.0 62.0 191.0 62.0
190.76705932617188 20.06015396118164 210.21628189086914 20.06015396118164 210.21628189086914 62.02952194213867 190.76705932617188 62.02952194213867
190.82852172851562 21.048425674438477 210.48465538024902 21.048425674438477 210.48465538024902 63.46428871154785 190.82852172851562 63.46428871154785
191.87257385253906 20.161056518554688 211.76845169067383 20.161056518554688 211.76845169067383 63.09426498413086 191.87257385253906 63.09426498413086
190.90936279296875 20.711156845092773 210.76093673706055 20.711156845092773 210.76093673706055 63.54876136779785 190.90936279296875 63.54876136779785
191.20089721679688 20.67196273803711 211.19862937927246 20.67196273803711 211.19862937927246 63.82495880126953 191.20089721679688 63.82495880126953
190.7841339111328 19.675498962402344 210.96051025390625 19.675498962402344 210.96051025390625 63.2139892578125 190.7841339111328 63.2139892578125
190.9727020263672 19.569847106933594 211.6832790374756 19.569847106933594 211.6832790374756 64.26108932495117 190.9727020263672 64.26108932495117
190.84713745117188 20.811017990112305 211.5534782409668 20.811017990112305 211.5534782409668 65.49312019348145 190.84713745117188 65.49312019348145
191.2342071533203 18.689531326293945 212.03313636779785 18.689531326293945 212.03313636779785 63.571428298950195 191.2342071533203 63.571428298950195
191.244140625 19.70283317565918 212.22925186157227 19.70283317565918 212.22925186157227 64.98649406433105 191.244140625 64.98649406433105
191.03448486328125 19.612777709960938 212.101957321167 19.612777709960938 212.101957321167 65.07416534423828 191.03448486328125 65.07416534423828
191.30227661132812 19.44524574279785 212.22773933410645 19.44524574279785 212.22773933410645 64.60019111633301 191.30227661132812 64.60019111633301
191.58087158203125 19.36881446838379 212.39958572387695 19.36881446838379 212.39958572387695 64.29340553283691 191.58087158203125 64.29340553283691
191.19728088378906 19.6884708404541 212.06682968139648 19.6884708404541 212.06682968139648 64.7227611541748 191.19728088378906 64.7227611541748
191.64859008789062 18.89333152770996 212.3954906463623 18.89333152770996 212.3954906463623 63.6629581451416 191.64859008789062 63.6629581451416
191.40003967285156 18.34002113342285 212.3708667755127 18.34002113342285 212.3708667755127 63.59285926818848 191.40003967285156 63.59285926818848
191.7435302734375 19.013010025024414 212.61886978149414 19.013010025024414 212.61886978149414 64.0597972869873 191.7435302734375 64.0597972869873
190.7963104248047 19.088993072509766 211.85539436340332 19.088993072509766 211.85539436340332 64.53227996826172 190.7963104248047 64.53227996826172
190.7613983154297 20.13904571533203 211.8755989074707 20.13904571533203 211.8755989074707 65.70126724243164 190.7613983154297 65.70126724243164
191.62844848632812 19.920089721679688 212.51972007751465 19.920089721679688 212.51972007751465 65.00125122070312 191.62844848632812 65.00125122070312
191.4359130859375 19.388574600219727 212.29717636108398 19.388574600219727 212.29717636108398 64.40497779846191 191.4359130859375 64.40497779846191
189.99154663085938 19.096519470214844 210.81893348693848 19.096519470214844 210.81893348693848 64.03982162475586 189.99154663085938 64.03982162475586
189.838134765625 19.7706356048584 210.6710319519043 19.7706356048584 210.6710319519043 64.72582817077637 189.838134765625 64.72582817077637
189.3560333251953 19.242877960205078 209.9761085510254 19.242877960205078 209.9761085510254 63.73881530761719 189.3560333251953 63.73881530761719
189.06117248535156 19.637893676757812 209.90299797058105 19.637893676757812 209.90299797058105 64.61234283447266 189.06117248535156 64.61234283447266
188.9259796142578 19.47121238708496 209.6171474456787 19.47121238708496 209.6171474456787 64.12055778503418 188.9259796142578 64.12055778503418
187.64630126953125 19.315509796142578 208.3642807006836 19.315509796142578 208.3642807006836 64.02271270751953 187.64630126953125 64.02271270751953
185.92507934570312 18.701202392578125 206.73816871643066 18.701202392578125 206.73816871643066 63.61363983154297 185.92507934570312 63.61363983154297
185.33172607421875 19.674190521240234 206.24146461486816 19.674190521240234 206.24146461486816 64.79518508911133 185.33172607421875 64.79518508911133
184.16845703125 18.934450149536133 205.28489685058594 18.934450149536133 205.28489685058594 64.50148582458496 184.16845703125 64.50148582458496
182.38059997558594 19.27816390991211 203.73925018310547 19.27816390991211 203.73925018310547 65.36786270141602 182.38059997558594 65.36786270141602
180.60118103027344 19.179285049438477 201.5615577697754 19.179285049438477 201.5615577697754 64.40955543518066 180.60118103027344 64.40955543518066
178.50311279296875 19.437124252319336 199.66988563537598 19.437124252319336 199.66988563537598 65.1127758026123 178.50311279296875 65.1127758026123
178.33908081054688 18.928709030151367 199.41075134277344 18.928709030151367 199.41075134277344 64.39914131164551 178.33908081054688 64.39914131164551
176.9095458984375 20.40042495727539 197.86130142211914 20.40042495727539 197.86130142211914 65.61209487915039 176.9095458984375 65.61209487915039
174.10459899902344 19.898178100585938 195.13084030151367 19.898178100585938 195.13084030151367 65.27057647705078 174.10459899902344 65.27057647705078
172.58316040039062 19.838191986083984 193.65111923217773 19.838191986083984 193.65111923217773 65.30061721801758 172.58316040039062 65.30061721801758
170.44349670410156 20.088886260986328 191.48421096801758 20.088886260986328 191.48421096801758 65.49251937866211 170.44349670410156 65.49251937866211
167.72584533691406 19.517742156982422 188.4799404144287 19.517742156982422 188.4799404144287 64.3028793334961 167.72584533691406 64.3028793334961
167.9779052734375 19.764144897460938 188.94968032836914 19.764144897460938 188.94968032836914 65.01901245117188 167.9779052734375 65.01901245117188
167.12802124023438 20.206329345703125 187.91699409484863 20.206329345703125 187.91699409484863 65.06672286987305 167.12802124023438 65.06672286987305
164.7293243408203 20.28144645690918 185.43133926391602 20.28144645690918 185.43133926391602 64.95419502258301 164.7293243408203 64.95419502258301
163.3118438720703 21.498516082763672 184.0898895263672 21.498516082763672 184.0898895263672 66.3353271484375 163.3118438720703 66.3353271484375
158.96786499023438 21.532024383544922 179.76433753967285 21.532024383544922 179.76433753967285 66.40859603881836 158.96786499023438 66.40859603881836
157.4027557373047 20.842998504638672 178.39666557312012 20.842998504638672 178.39666557312012 66.1456184387207 157.4027557373047 66.1456184387207
154.72610473632812 19.495508193969727 175.8242073059082 19.495508193969727 175.8242073059082 65.02296257019043 154.72610473632812 65.02296257019043
154.6190948486328 20.29043197631836 175.61908340454102 20.29043197631836 175.61908340454102 65.60616683959961 154.6190948486328 65.60616683959961
153.07359313964844 20.010276794433594 174.46571922302246 20.010276794433594 174.46571922302246 66.17220306396484 153.07359313964844 66.17220306396484
151.14620971679688 20.439807891845703 172.32626152038574 20.439807891845703 172.32626152038574 66.14410400390625 151.14620971679688 66.14410400390625
149.57986450195312 21.904438018798828 170.67013931274414 21.904438018798828 170.67013931274414 67.41500854492188 149.57986450195312 67.41500854492188
146.86181640625 22.814579010009766 167.69528770446777 22.814579010009766 167.69528770446777 67.77099227905273 146.86181640625 67.77099227905273
144.8830108642578 21.47551155090332 165.9313850402832 21.47551155090332 165.9313850402832 66.89566612243652 144.8830108642578 66.89566612243652
142.93301391601562 22.185436248779297 163.71690559387207 22.185436248779297 163.71690559387207 67.03485870361328 142.93301391601562 67.03485870361328
143.49075317382812 22.104366302490234 164.09959983825684 22.104366302490234 164.09959983825684 66.57606506347656 143.49075317382812 66.57606506347656
142.3944854736328 21.96044921875 162.9048194885254 21.96044921875 162.9048194885254 66.21956634521484 142.3944854736328 66.21956634521484
141.4523468017578 21.419109344482422 161.97177124023438 21.419109344482422 161.97177124023438 65.69784164428711 141.4523468017578 65.69784164428711
140.4861602783203 21.618000030517578 161.1523551940918 21.618000030517578 161.1523551940918 66.21345138549805 140.4861602783203 66.21345138549805
140.14926147460938 21.515443801879883 160.615327835083 21.515443801879883 160.615327835083 65.67904090881348 140.14926147460938 65.67904090881348
140.07444763183594 22.354543685913086 160.40514755249023 22.354543685913086 160.40514755249023 66.22604179382324 140.07444763183594 66.22604179382324
140.35313415527344 21.89162254333496 160.49753761291504 21.89162254333496 160.49753761291504 65.36111259460449 140.35313415527344 65.36111259460449
140.764404296875 22.99627113342285 160.8726406097412 22.99627113342285 160.8726406097412 66.38772010803223 140.764404296875 66.38772010803223
141.7944793701172 23.670948028564453 161.7388801574707 23.670948028564453 161.7388801574707 66.70885848999023 141.7944793701172 66.70885848999023
141.90390014648438 22.76064109802246 162.36916160583496 22.76064109802246 162.36916160583496 66.92251396179199 141.90390014648438 66.92251396179199
142.12765502929688 22.67692756652832 162.63209533691406 22.67692756652832 162.63209533691406 66.9233455657959 142.12765502929688 66.9233455657959
142.67630004882812 22.25210952758789 162.99294471740723 22.25210952758789 162.99294471740723 66.09328842163086 142.67630004882812 66.09328842163086
141.84793090820312 22.72434425354004 162.28102493286133 22.72434425354004 162.28102493286133 66.81680870056152 141.84793090820312 66.81680870056152
142.96139526367188 23.339279174804688 163.29382514953613 23.339279174804688 163.29382514953613 67.21451950073242 142.96139526367188 67.21451950073242
142.71481323242188 23.25898551940918 162.93195915222168 23.25898551940918 162.93195915222168 66.88545799255371 142.71481323242188 66.88545799255371
142.76075744628906 22.30545425415039 163.10934829711914 22.30545425415039 163.10934829711914 66.21557235717773 142.76075744628906 66.21557235717773
143.8755340576172 23.577289581298828 164.3004856109619 23.577289581298828 164.3004856109619 67.65218734741211 143.8755340576172 67.65218734741211
143.09323120117188 22.344135284423828 163.60508346557617 22.344135284423828 163.60508346557617 66.60655212402344 143.09323120117188 66.60655212402344
143.90292358398438 22.385395050048828 164.41933822631836 22.385395050048828 164.41933822631836 66.65766143798828 143.90292358398438 66.65766143798828
142.76239013671875 21.490365982055664 163.41812896728516 21.490365982055664 163.41812896728516 66.06328010559082 142.76239013671875 66.06328010559082
143.28466796875 22.22080421447754 164.01829147338867 22.22080421447754 164.01829147338867 66.96178245544434 143.28466796875 66.96178245544434
143.35914611816406 22.224964141845703 164.23777389526367 22.224964141845703 164.23777389526367 67.27885055541992 143.35914611816406 67.27885055541992
143.22390747070312 22.089157104492188 163.97811889648438 22.089157104492188 163.97811889648438 66.87456512451172 143.22390747070312 66.87456512451172
143.57180786132812 23.40740203857422 164.12847900390625 23.40740203857422 164.12847900390625 67.76654052734375 143.57180786132812 67.76654052734375
142.5984344482422 22.126018524169922 163.34261894226074 22.126018524169922 163.34261894226074 66.8897933959961 142.5984344482422 66.8897933959961
142.96829223632812 21.81969451904297 163.88970375061035 21.81969451904297 163.88970375061035 66.96590423583984 142.96829223632812 66.96590423583984
143.14718627929688 22.392868041992188 164.00693130493164 22.392868041992188 164.00693130493164 67.40600967407227 143.14718627929688 67.40600967407227
143.76185607910156 22.550403594970703 164.3482265472412 22.550403594970703 164.3482265472412 66.9736328125 143.76185607910156 66.9736328125
142.8975067138672 22.813602447509766 163.36549949645996 22.813602447509766 163.36549949645996 66.98138809204102 142.8975067138672 66.98138809204102
142.82223510742188 22.21511459350586 163.6598777770996 22.21511459350586 163.6598777770996 67.18056869506836 142.82223510742188 67.18056869506836
142.85806274414062 22.878381729125977 163.0536231994629 22.878381729125977 163.0536231994629 66.45829582214355 142.85806274414062 66.45829582214355
143.25343322753906 22.444658279418945 163.58337783813477 22.444658279418945 163.58337783813477 66.31456184387207 143.25343322753906 66.31456184387207
142.95040893554688 22.966686248779297 163.04892349243164 22.966686248779297 163.04892349243164 66.3371810913086 142.95040893554688 66.3371810913086
142.75341796875 23.842870712280273 162.7652473449707 23.842870712280273 162.7652473449707 67.02630805969238 142.75341796875 67.02630805969238
142.78448486328125 22.753360748291016 163.06750106811523 22.753360748291016 163.06750106811523 66.52198791503906 142.78448486328125 66.52198791503906
142.7351837158203 23.11335563659668 163.0433864593506 23.11335563659668 163.0433864593506 66.93633460998535 142.7351837158203 66.93633460998535
142.36447143554688 22.732065200805664 162.7808780670166 22.732065200805664 162.7808780670166 66.78854179382324 142.36447143554688 66.78854179382324
142.3717803955078 23.952173233032227 162.76347160339355 23.952173233032227 162.76347160339355 67.95532035827637 142.3717803955078 67.95532035827637
142.26065063476562 23.263851165771484 162.3052158355713 23.263851165771484 162.3052158355713 66.5179328918457 142.26065063476562 66.5179328918457
142.40525817871094 23.63471221923828 162.07922744750977 23.63471221923828 162.07922744750977 66.08908081054688 142.40525817871094 66.08908081054688
142.1194305419922 23.652130126953125 161.94481658935547 23.652130126953125 161.94481658935547 66.43324279785156 142.1194305419922 66.43324279785156
141.80874633789062 25.061473846435547 161.2181282043457 25.061473846435547 161.2181282043457 66.94489669799805 141.80874633789062 66.94489669799805
141.5450439453125 25.8183650970459 161.1157569885254 25.8183650970459 161.1157569885254 68.04992485046387 141.5450439453125 68.04992485046387
141.0721893310547 25.414535522460938 160.3481388092041 25.414535522460938 160.3481388092041 67.0100326538086 141.0721893310547 67.0100326538086
140.69056701660156 24.82434844970703 159.97872352600098 24.82434844970703 159.97872352600098 66.44618606567383 140.69056701660156 66.44618606567383
140.0511474609375 25.8563175201416 159.15351486206055 25.8563175201416 159.15351486206055 67.07724189758301 140.0511474609375 67.07724189758301
138.8184814453125 24.948137283325195 158.26174545288086 24.948137283325195 158.26174545288086 66.9046802520752 138.8184814453125 66.9046802520752
138.30392456054688 25.116436004638672 157.65219116210938 25.116436004638672 157.65219116210938 66.86798477172852 138.30392456054688 66.86798477172852
137.50387573242188 24.876220703125 156.8346996307373 24.876220703125 156.8346996307373 66.59012985229492 137.50387573242188 66.59012985229492
137.653564453125 25.50518226623535 156.9560203552246 25.50518226623535 156.9560203552246 67.15787315368652 137.653564453125 67.15787315368652
136.97900390625 24.910564422607422 156.21495628356934 24.910564422607422 156.21495628356934 66.41975021362305 136.97900390625 66.41975021362305
136.7158966064453 25.567148208618164 155.96214866638184 25.567148208618164 155.96214866638184 67.09855842590332 136.7158966064453 67.09855842590332
136.93722534179688 24.857152938842773 156.18921279907227 24.857152938842773 156.18921279907227 66.40093803405762 136.93722534179688 66.40093803405762
137.1194305419922 25.912561416625977 156.19040489196777 25.912561416625977 156.19040489196777 67.06574058532715 137.1194305419922 67.06574058532715
137.06167602539062 25.6812801361084 156.28314208984375 25.6812801361084 156.28314208984375 67.15920448303223 137.06167602539062 67.15920448303223
136.50648498535156 24.630809783935547 155.65417671203613 24.630809783935547 155.65417671203613 65.94953536987305 136.50648498535156 65.94953536987305
136.5475616455078 25.49270248413086 155.93050003051758 25.49270248413086 155.93050003051758 67.31906509399414 136.5475616455078 67.31906509399414
136.41839599609375 26.12948989868164 155.80010414123535 26.12948989868164 155.80010414123535 67.95320129394531 136.41839599609375 67.95320129394531
135.98683166503906 25.15505599975586 155.3066349029541 25.15505599975586 155.3066349029541 66.84518432617188 135.98683166503906 66.84518432617188
136.00851440429688 26.22064208984375 155.45341873168945 26.22064208984375 155.45341873168945 68.18072891235352 136.00851440429688 68.18072891235352
135.6848907470703 25.90877914428711 155.01311492919922 25.90877914428711 155.01311492919922 67.61708450317383 135.6848907470703 67.61708450317383
134.72970581054688 26.03659439086914 154.03214645385742 26.03659439086914 154.03214645385742 67.68926239013672 134.72970581054688 67.68926239013672
134.51593017578125 26.606273651123047 153.72547721862793 26.606273651123047 153.72547721862793 68.05848693847656 134.51593017578125 68.05848693847656
133.66653442382812 26.99155616760254 153.08437728881836 26.99155616760254 153.08437728881836 68.89325141906738 133.66653442382812 68.89325141906738
133.1448974609375 27.170589447021484 152.36993789672852 27.170589447021484 152.36993789672852 68.65623092651367 133.1448974609375 68.65623092651367
132.2025604248047 27.936853408813477 151.5546703338623 27.936853408813477 151.5546703338623 69.69669532775879 132.2025604248047 69.69669532775879
131.82679748535156 28.767751693725586 151.08001136779785 28.767751693725586 151.08001136779785 70.31418800354004 131.82679748535156 70.31418800354004
131.60269165039062 27.865352630615234 150.89449501037598 27.865352630615234 150.89449501037598 69.49505996704102 131.60269165039062 69.49505996704102
130.18051147460938 29.0931453704834 149.7723388671875 29.0931453704834 149.7723388671875 71.37027549743652 130.18051147460938 71.37027549743652
129.28970336914062 28.877029418945312 149.1013355255127 28.877029418945312 149.1013355255127 71.62847137451172 129.28970336914062 71.62847137451172
129.6554718017578 29.32735824584961 149.4238166809082 29.32735824584961 149.4238166809082 71.98538589477539 129.6554718017578 71.98538589477539
129.37460327148438 29.275142669677734 149.05609130859375 29.275142669677734 149.05609130859375 71.74574661254883 129.37460327148438 71.74574661254883
129.06460571289062 30.20711898803711 148.20742797851562 30.20711898803711 148.20742797851562 71.51533889770508 129.06460571289062 71.51533889770508
128.448486328125 30.422443389892578 147.55862617492676 30.422443389892578 147.55862617492676 71.66013717651367 128.448486328125 71.66013717651367
127.87617492675781 30.906085968017578 147.3889980316162 30.906085968017578 147.3889980316162 73.01272964477539 127.87617492675781 73.01272964477539
127.2588119506836 32.85658264160156 146.4212703704834 32.85658264160156 146.4212703704834 74.2071762084961 127.2588119506836 74.2071762084961
127.0902328491211 33.15807342529297 146.02131271362305 33.15807342529297 146.02131271362305 74.00938034057617 127.0902328491211 74.00938034057617
126.9774169921875 34.013282775878906 145.64307022094727 34.013282775878906 145.64307022094727 74.29182434082031 126.9774169921875 74.29182434082031
127.1721420288086 33.89140701293945 146.01434516906738 33.89140701293945 146.01434516906738 74.5509262084961 127.1721420288086 74.5509262084961
126.40129089355469 34.283103942871094 145.33027267456055 34.283103942871094 145.33027267456055 75.1298828125 126.40129089355469 75.1298828125
125.9852294921875 34.446014404296875 145.050142288208 34.446014404296875 145.050142288208 75.58611679077148 125.9852294921875 75.58611679077148
126.10966491699219 35.23226547241211 145.64644050598145 35.23226547241211 145.64644050598145 77.39059829711914 126.10966491699219 77.39059829711914
125.91331481933594 37.165000915527344 145.61799430847168 37.165000915527344 145.61799430847168 79.68565368652344 125.91331481933594 79.68565368652344
127.0997543334961 36.835655212402344 146.8374309539795 36.835655212402344 146.8374309539795 79.4275131225586 127.0997543334961 79.4275131225586
126.40030670166016 37.41741943359375 146.03018760681152 37.41741943359375 146.03018760681152 79.77666854858398 126.40030670166016 79.77666854858398
127.5387191772461 37.077640533447266 147.04637908935547 37.077640533447266 147.04637908935547 79.17314910888672 127.5387191772461 79.17314910888672
128.72634887695312 37.86373519897461 148.4697971343994 37.86373519897461 148.4697971343994 80.46804809570312 128.72634887695312 80.46804809570312
130.2793731689453 37.49341583251953 150.00697708129883 37.49341583251953 150.00697708129883 80.06353759765625 130.2793731689453 80.06353759765625
132.38687133789062 37.962799072265625 152.04769134521484 37.962799072265625 152.04769134521484 80.3888053894043 132.38687133789062 80.3888053894043
133.7264862060547 39.1344108581543 153.49678993225098 39.1344108581543 153.49678993225098 81.79667663574219 133.7264862060547 81.79667663574219
135.72640991210938 39.36527633666992 155.4084587097168 39.36527633666992 155.4084587097168 81.83709716796875 135.72640991210938 81.83709716796875
136.3419952392578 39.0936164855957 155.65283393859863 39.0936164855957 155.65283393859863 80.76440048217773 136.3419952392578 80.76440048217773
137.20098876953125 39.825260162353516 156.5985279083252 39.825260162353516 156.5985279083252 81.68313217163086 137.20098876953125 81.68313217163086
138.27835083007812 40.82020568847656 157.71454238891602 40.82020568847656 157.71454238891602 82.7614860534668 138.27835083007812 82.7614860534668
139.22280883789062 40.48691940307617 158.704345703125 40.48691940307617 158.704345703125 82.52605056762695 139.22280883789062 82.52605056762695
140.504150390625 43.62794876098633 160.13621139526367 43.62794876098633 160.13621139526367 85.99189376831055 140.504150390625 85.99189376831055
143.64852905273438 42.501487731933594 163.4321231842041 42.501487731933594 163.4321231842041 85.19242858886719 143.64852905273438 85.19242858886719
145.9019775390625 42.86527633666992 165.87709617614746 42.86527633666992 165.87709617614746 85.9695053100586 145.9019775390625 85.9695053100586
147.69956970214844 43.68334197998047 167.59011268615723 43.68334197998047 167.59011268615723 86.60506820678711 147.69956970214844 86.60506820678711
147.1585693359375 44.539146423339844 167.10833549499512 44.539146423339844 167.10833549499512 87.58867263793945 147.1585693359375 87.58867263793945
150.3945770263672 43.293678283691406 170.34454727172852 43.293678283691406 170.34454727172852 86.34364700317383 150.3945770263672 86.34364700317383
151.8379364013672 43.04444122314453 171.99287605285645 43.04444122314453 171.99287605285645 86.53671264648438 151.8379364013672 86.53671264648438
154.37234497070312 43.8154182434082 174.32623100280762 43.8154182434082 174.32623100280762 86.87383651733398 154.37234497070312 86.87383651733398
156.01254272460938 45.129493713378906 175.77704238891602 45.129493713378906 175.77704238891602 87.77923583984375 156.01254272460938 87.77923583984375
156.32391357421875 44.69470977783203 176.05355262756348 44.69470977783203 176.05355262756348 87.26922607421875 156.32391357421875 87.26922607421875
158.49746704101562 46.17033767700195 178.19905281066895 46.17033767700195 178.19905281066895 88.68432235717773 158.49746704101562 88.68432235717773
160.6291961669922 47.13094711303711 180.1116428375244 47.13094711303711 180.1116428375244 89.17204666137695 160.6291961669922 89.17204666137695
161.95907592773438 47.96308135986328 181.47169876098633 47.96308135986328 181.47169876098633 90.06930160522461 161.95907592773438 90.06930160522461
162.3748321533203 48.00738525390625 182.4237403869629 48.00738525390625 182.4237403869629 91.27085876464844 162.3748321533203 91.27085876464844
162.11119079589844 48.162811279296875 182.34929656982422 48.162811279296875 182.34929656982422 91.83455657958984 162.11119079589844 91.83455657958984
162.89161682128906 49.525787353515625 183.11028671264648 49.525787353515625 183.11028671264648 93.15559387207031 162.89161682128906 93.15559387207031
163.66561889648438 50.59699249267578 183.69130897521973 50.59699249267578 183.69130897521973 93.81036376953125 163.66561889648438 93.81036376953125
163.98379516601562 51.12584686279297 184.3858184814453 51.12584686279297 184.3858184814453 95.15130996704102 163.98379516601562 95.15130996704102
164.38734436035156 51.286720275878906 184.8142910003662 51.286720275878906 184.8142910003662 95.365966796875 164.38734436035156 95.365966796875
164.60806274414062 52.5924072265625 185.1853904724121 52.5924072265625 185.1853904724121 96.99615859985352 164.60806274414062 96.99615859985352
164.3192901611328 52.440826416015625 184.79011154174805 52.440826416015625 184.79011154174805 96.61474990844727 164.3192901611328 96.61474990844727
164.2213134765625 53.477821350097656 185.09812355041504 53.477821350097656 185.09812355041504 98.5278205871582 164.2213134765625 98.5278205871582
164.57962036132812 54.9615364074707 185.6693172454834 54.9615364074707 185.6693172454834 100.4709243774414 164.57962036132812 100.4709243774414
163.75607299804688 55.24980545043945 185.0824851989746 55.24980545043945 185.0824851989746 101.27000045776367 163.75607299804688 101.27000045776367
163.5829620361328 55.670143127441406 184.66354942321777 55.670143127441406 184.66354942321777 101.15987014770508 163.5829620361328 101.15987014770508
163.0811309814453 56.00469970703125 184.75294494628906 56.00469970703125 184.75294494628906 102.77023315429688 163.0811309814453 102.77023315429688
162.30776977539062 55.42059326171875 184.34769248962402 55.42059326171875 184.34769248962402 102.98046493530273 162.30776977539062 102.98046493530273
160.67848205566406 55.69404220581055 182.4093132019043 55.69404220581055 182.4093132019043 102.58692932128906 160.67848205566406 102.58692932128906
159.73110961914062 56.341026306152344 181.60983276367188 56.341026306152344 181.60983276367188 103.55304718017578 159.73110961914062 103.55304718017578
157.03921508789062 57.50972366333008 178.80991744995117 57.50972366333008 178.80991744995117 104.48864364624023 157.03921508789062 104.48864364624023
156.9985809326172 57.32537841796875 178.99609375 57.32537841796875 178.99609375 104.79373168945312 156.9985809326172 104.79373168945312
155.7958221435547 58.354400634765625 177.8997859954834 58.354400634765625 177.8997859954834 106.0524673461914 155.7958221435547 106.0524673461914
155.07455444335938 57.3386116027832 177.0616340637207 57.3386116027832 177.0616340637207 104.78445053100586 155.07455444335938 104.78445053100586
150.65963745117188 59.42314910888672 172.63898277282715 59.42314910888672 172.63898277282715 106.85230255126953 150.65963745117188 106.85230255126953
149.33766174316406 59.9510498046875 171.25114059448242 59.9510498046875 171.25114059448242 107.23806762695312 149.33766174316406 107.23806762695312
147.36410522460938 61.20030975341797 168.76766395568848 61.20030975341797 168.76766395568848 107.38697052001953 147.36410522460938 107.38697052001953
145.8560333251953 61.991539001464844 166.87591171264648 61.991539001464844 166.87591171264648 107.35026168823242 145.8560333251953 107.35026168823242
146.19845581054688 63.07768630981445 167.0465030670166 63.07768630981445 167.0465030670166 108.06561660766602 146.19845581054688 108.06561660766602
143.68507385253906 64.32327270507812 164.74745178222656 64.32327270507812 164.74745178222656 109.7737045288086 143.68507385253906 109.7737045288086
141.40509033203125 63.2578010559082 162.92596626281738 63.2578010559082 162.92596626281738 109.6976203918457 141.40509033203125 109.6976203918457
138.94923400878906 63.89103317260742 160.47576332092285 63.89103317260742 160.47576332092285 110.34305191040039 138.94923400878906 110.34305191040039
137.99029541015625 64.35954284667969 159.7364273071289 64.35954284667969 159.7364273071289 111.28544235229492 137.99029541015625 111.28544235229492
137.03433227539062 65.48843383789062 158.26926612854004 65.48843383789062 158.26926612854004 111.31122207641602 137.03433227539062 111.31122207641602
135.2913055419922 64.52748107910156 156.6301670074463 64.52748107910156 156.6301670074463 110.57453155517578 135.2913055419922 110.57453155517578
136.43429565429688 65.89027404785156 157.5721035003662 65.89027404785156 157.5721035003662 111.50347137451172 136.43429565429688 111.50347137451172
133.7199249267578 65.88907623291016 154.83471298217773 65.88907623291016 154.83471298217773 111.45259857177734 133.7199249267578 111.45259857177734
131.07815551757812 65.4638442993164 152.41340255737305 65.4638442993164 152.41340255737305 111.50309753417969 131.07815551757812 111.50309753417969
129.48619079589844 65.22647857666016 150.7896842956543 65.22647857666016 150.7896842956543 111.19721221923828 129.48619079589844 111.19721221923828
128.4698944091797 66.1724624633789 149.90056037902832 66.1724624633789 149.90056037902832 112.41761779785156 128.4698944091797 112.41761779785156
127.28292083740234 66.98533630371094 148.54708671569824 66.98533630371094 148.54708671569824 112.87120056152344 127.28292083740234 112.87120056152344
127.92398834228516 67.62916564941406 149.18958282470703 67.62916564941406 149.18958282470703 113.51811599731445 127.92398834228516 113.51811599731445
