283.0 117.0 296.0 117.0 296.0 142.0 283.0 142.0
282.6273498535156 117.36197662353516 295.38732528686523 117.36197662353516 295.38732528686523 141.900390625 282.6273498535156 141.900390625
282.28656005859375 117.3705825805664 295.1561222076416 117.3705825805664 295.1561222076416 142.1197395324707 282.28656005859375 142.1197395324707
281.71002197265625 117.11331939697266 294.88983631134033 117.11331939697266 294.88983631134033 142.4591121673584 281.71002197265625 142.4591121673584
280.8943786621094 117.00821685791016 294.44987297058105 117.00821685791016 294.44987297058105 143.07646942138672 280.8943786621094 143.07646942138672
280.04718017578125 116.41412353515625 293.7976779937744 116.41412353515625 293.7976779937744 142.85738563537598 280.04718017578125 142.85738563537598
278.93218994140625 116.79850769042969 292.5572967529297 116.79850769042969 292.5572967529297 143.00063133239746 278.93218994140625 143.00063133239746
278.1969909667969 117.244384765625 291.8265075683594 117.244384765625 291.8265075683594 143.45498657226562 278.1969909667969 143.45498657226562
277.31146240234375 117.26228332519531 290.89924907684326 117.26228332519531 290.89924907684326 143.39263534545898 277.31146240234375 143.39263534545898
277.0835876464844 117.49029541015625 290.55600929260254 117.49029541015625 290.55600929260254 143.3987922668457 277.0835876464844 143.3987922668457
276.15362548828125 116.98419189453125 289.52994537353516 116.98419189453125 289.52994537353516 142.7078800201416 276.15362548828125 142.7078800201416
275.4034423828125 117.02369689941406 288.78625774383545 117.02369689941406 288.78625774383545 142.7598762512207 275.4034423828125 142.7598762512207
275.0170593261719 117.70687103271484 288.3998050689697 117.70687103271484 288.3998050689697 143.44291496276855 275.0170593261719 143.44291496276855
274.9233703613281 117.78486633300781 288.2677993774414 117.78486633300781 288.2677993774414 143.4472255706787 274.9233703613281 143.4472255706787
274.17572021484375 117.27449035644531 287.6929111480713 117.27449035644531 287.6929111480713 143.26907920837402 274.17572021484375 143.26907920837402
273.82611083984375 117.3594970703125 287.28114891052246 117.3594970703125 287.28114891052246 143.23456192016602 273.82611083984375 143.23456192016602
272.6654357910156 117.5350341796875 285.9089632034302 117.5350341796875 285.9089632034302 143.00334930419922 272.6654357910156 143.00334930419922
272.621337890625 117.51466369628906 285.84228515625 117.51466369628906 285.84228515625 142.93955421447754 272.621337890625 142.93955421447754
272.0158386230469 117.3291015625 285.3947114944458 117.3291015625 285.3947114944458 143.0576934814453 272.0158386230469 143.0576934814453
271.4451904296875 117.201904296875 285.12938690185547 117.201904296875 285.12938690185547 143.51765823364258 271.4451904296875 143.51765823364258
270.10223388671875 117.2378921508789 283.8600788116455 117.2378921508789 283.8600788116455 143.6952781677246 270.10223388671875 143.6952781677246
269.76763916015625 117.29423522949219 283.5027894973755 117.29423522949219 283.5027894973755 143.70797729492188 269.76763916015625 143.70797729492188
268.5476989746094 117.0677261352539 282.31360626220703 117.0677261352539 282.31360626220703 143.54061698913574 268.5476989746094 143.54061698913574
268.1348571777344 117.4067153930664 281.81421184539795 117.4067153930664 281.81421184539795 143.7131576538086 268.1348571777344 143.7131576538086
267.2545471191406 117.16999816894531 280.70840644836426 117.16999816894531 280.70840644836426 143.0427951812744 267.2545471191406 143.0427951812744
266.6769104003906 117.14750671386719 279.96657371520996 117.14750671386719 279.96657371520996 142.70454025268555 266.6769104003906 142.70454025268555
266.25921630859375 117.5183334350586 279.64563179016113 117.5183334350586 279.64563179016113 143.26143074035645 266.25921630859375 143.26143074035645
265.8143005371094 117.55177307128906 279.4100856781006 117.55177307128906 279.4100856781006 143.69750595092773 265.8143005371094 143.69750595092773
265.40985107421875 117.2917709350586 279.1313724517822 117.2917709350586 279.1313724517822 143.67930221557617 265.40985107421875 143.67930221557617
265.072021484375 117.11518859863281 278.8740339279175 117.11518859863281 278.8740339279175 143.6575107574463 265.072021484375 143.6575107574463
264.147216796875 117.46382141113281 278.0714292526245 117.46382141113281 278.0714292526245 144.24114608764648 264.147216796875 144.24114608764648
263.7752380371094 117.487060546875 277.47466564178467 117.487060546875 277.47466564178467 143.8321075439453 263.7752380371094 143.8321075439453
262.730224609375 117.25677490234375 276.3120708465576 117.25677490234375 276.3120708465576 143.37570571899414 262.730224609375 143.37570571899414
262.14190673828125 117.4642333984375 275.58209228515625 117.4642333984375 275.58209228515625 143.3107395172119 262.14190673828125 143.3107395172119
261.20318603515625 117.5505599975586 274.61909198760986 117.5505599975586 274.61909198760986 143.35037422180176 261.20318603515625 143.35037422180176
260.4075927734375 117.26667785644531 274.0203580856323 117.26667785644531 274.0203580856323 143.445068359375 260.4075927734375 143.445068359375
259.97515869140625 117.1335220336914 273.6495008468628 117.1335220336914 273.6495008468628 143.43033027648926 259.97515869140625 143.43033027648926
259.2239990234375 117.4373550415039 272.9424076080322 117.4373550415039 272.9424076080322 143.81890487670898 259.2239990234375 143.81890487670898
258.95343017578125 117.48482513427734 272.7417526245117 117.48482513427734 272.7417526245117 144.000825881958 258.95343017578125 144.000825881958
258.27642822265625 116.83012390136719 272.09435844421387 116.83012390136719 272.09435844421387 143.4030647277832 258.27642822265625 143.4030647277832
257.6983947753906 117.27690124511719 271.41246604919434 117.27690124511719 271.41246604919434 143.6501121520996 257.6983947753906 143.6501121520996
256.77508544921875 117.85040283203125 270.4110460281372 117.85040283203125 270.4110460281372 144.07340049743652 256.77508544921875 144.07340049743652
256.42498779296875 117.56246185302734 270.0457763671875 117.56246185302734 270.0457763671875 143.75628471374512 256.42498779296875 143.75628471374512
256.6543884277344 117.97120666503906 270.1764163970947 117.97120666503906 270.1764163970947 143.97510147094727 256.6543884277344 143.97510147094727
255.63027954101562 117.55635070800781 269.13071155548096 117.55635070800781 269.13071155548096 143.5187168121338 255.63027954101562 143.5187168121338
255.4363250732422 118.0630111694336 268.92359352111816 118.0630111694336 268.92359352111816 144.00006294250488 255.4363250732422 144.00006294250488
254.3533477783203 119.09226989746094 267.65488147735596 119.09226989746094 267.65488147735596 144.67213821411133 254.3533477783203 144.67213821411133
253.4085693359375 118.75169372558594 266.26105308532715 118.75169372558594 266.26105308532715 143.46800804138184 253.4085693359375 143.46800804138184
252.333251953125 119.27613830566406 265.2601070404053 119.27613830566406 265.2601070404053 144.1354751586914 252.333251953125 144.1354751586914
251.3640899658203 118.98951721191406 264.60149574279785 118.98951721191406 264.60149574279785 144.44606590270996 251.3640899658203 144.44606590270996
250.66537475585938 120.497314453125 263.57454204559326 120.497314453125 263.57454204559326 145.32263565063477 250.66537475585938 145.32263565063477
249.8612060546875 119.71675109863281 262.4854688644409 119.71675109863281 262.4854688644409 143.99417877197266 249.8612060546875 143.99417877197266
249.29464721679688 119.76087951660156 261.804518699646 119.76087951660156 261.804518699646 143.8183250427246 249.29464721679688 143.8183250427246
248.3856964111328 119.338623046875 261.0285530090332 119.338623046875 261.0285530090332 143.6518096923828 248.3856964111328 143.6518096923828
247.8521728515625 119.242431640625 260.3135356903076 119.242431640625 260.3135356903076 143.20659255981445 247.8521728515625 143.20659255981445
247.27798461914062 120.13160705566406 259.71116828918457 120.13160705566406 259.71116828918457 144.04157829284668 247.27798461914062 144.04157829284668
246.66867065429688 120.8382797241211 258.9588146209717 120.8382797241211 258.9588146209717 144.47317695617676 246.66867065429688 144.47317695617676
246.4251251220703 120.46697998046875 258.7007350921631 120.46697998046875 258.7007350921631 144.07392501831055 246.4251251220703 144.07392501831055
246.11776733398438 120.42899322509766 258.2610492706299 120.42899322509766 258.2610492706299 143.78146171569824 246.11776733398438 143.78146171569824
245.05184936523438 120.31693267822266 257.3414821624756 120.31693267822266 257.3414821624756 143.9508457183838 245.05184936523438 143.9508457183838
244.6627960205078 120.03993225097656 256.9422302246094 120.03993225097656 256.9422302246094 143.65423202514648 244.6627960205078 143.65423202514648
243.7119140625 120.77877044677734 256.03377628326416 120.77877044677734 256.03377628326416 144.47466278076172 243.7119140625 144.47466278076172
242.3881072998047 120.9512939453125 254.77912139892578 120.9512939453125 254.77912139892578 144.78017044067383 242.3881072998047 144.78017044067383
242.03695678710938 120.80683898925781 254.32999992370605 120.80683898925781 254.32999992370605 144.4473114013672 242.03695678710938 144.4473114013672
240.7681427001953 121.23602294921875 253.08612251281738 121.23602294921875 253.08612251281738 144.9244499206543 240.7681427001953 144.9244499206543
240.4908905029297 121.8957290649414 252.57558250427246 121.8957290649414 252.57558250427246 145.1355266571045 240.4908905029297 145.1355266571045
239.81625366210938 121.85932922363281 251.87210369110107 121.85932922363281 251.87210369110107 145.0436611175537 239.81625366210938 145.0436611175537
239.2298126220703 120.4617691040039 251.4290418624878 120.4617691040039 251.4290418624878 143.92183113098145 239.2298126220703 143.92183113098145
238.63876342773438 120.20442962646484 250.80930519104004 120.20442962646484 250.80930519104004 143.6093235015869 238.63876342773438 143.6093235015869
237.903564453125 121.36982727050781 250.0879373550415 121.36982727050781 250.0879373550415 144.80131912231445 237.903564453125 144.80131912231445
237.4989013671875 122.3050765991211 249.77450847625732 122.3050765991211 249.77450847625732 145.91201972961426 237.4989013671875 145.91201972961426
237.0604705810547 121.9012222290039 249.2030668258667 121.9012222290039 249.2030668258667 145.25237655639648 237.0604705810547 145.25237655639648
236.7673797607422 122.0324478149414 248.84908485412598 122.0324478149414 248.84908485412598 145.2665023803711 236.7673797607422 145.2665023803711
236.1217498779297 122.11637115478516 248.1168966293335 122.11637115478516 248.1168966293335 145.18396949768066 236.1217498779297 145.18396949768066
235.5745086669922 121.80863952636719 247.57452487945557 121.80863952636719 247.57452487945557 144.88560104370117 235.5745086669922 144.88560104370117
234.9727325439453 122.08110046386719 246.92687511444092 122.08110046386719 246.92687511444092 145.06984519958496 234.9727325439453 145.06984519958496
234.1747589111328 121.96858215332031 246.21868801116943 121.96858215332031 246.21868801116943 145.12999534606934 234.1747589111328 145.12999534606934
233.153564453125 122.75849914550781 245.05778789520264 122.75849914550781 245.05778789520264 145.65124893188477 233.153564453125 145.65124893188477
232.3509521484375 122.828125 244.06091499328613 122.828125 244.06091499328613 145.3472957611084 232.3509521484375 145.3472957611084
231.65536499023438 124.1907958984375 243.2454957962036 124.1907958984375 243.2454957962036 146.4795207977295 231.65536499023438 146.4795207977295
230.8212890625 123.19297790527344 242.23713493347168 123.19297790527344 242.23713493347168 145.14653968811035 230.8212890625 145.14653968811035
230.317626953125 123.27391052246094 241.826003074646 123.27391052246094 241.826003074646 145.40541648864746 230.317626953125 145.40541648864746
229.48214721679688 123.1338119506836 240.96371269226074 123.1338119506836 240.96371269226074 145.21376037597656 229.48214721679688 145.21376037597656
229.0982208251953 122.94526672363281 240.5389814376831 122.94526672363281 240.5389814376831 144.9467430114746 229.0982208251953 144.9467430114746
228.44271850585938 122.73640441894531 239.96265029907227 122.73640441894531 239.96265029907227 144.89013290405273 228.44271850585938 144.89013290405273
227.6021270751953 122.34724426269531 239.45789909362793 122.34724426269531 239.45789909362793 145.1468162536621 227.6021270751953 145.1468162536621
227.0706024169922 122.34382629394531 239.08740615844727 122.34382629394531 239.08740615844727 145.45307540893555 227.0706024169922 145.45307540893555
226.27944946289062 121.7201156616211 238.3751163482666 121.7201156616211 238.3751163482666 144.98102569580078 226.27944946289062 144.98102569580078
225.5389862060547 121.65264892578125 237.6123275756836 121.65264892578125 237.6123275756836 144.87062454223633 225.5389862060547 144.87062454223633
224.8517303466797 121.82728576660156 236.86164569854736 121.82728576660156 236.86164569854736 144.9232883453369 224.8517303466797 144.9232883453369
223.9805908203125 122.5572280883789 235.8276424407959 122.5572280883789 235.8276424407959 145.34003067016602 223.9805908203125 145.34003067016602
222.8833465576172 123.3283920288086 234.62860202789307 123.3283920288086 234.62860202789307 145.91543197631836 222.8833465576172 145.91543197631836
222.33889770507812 122.92634582519531 234.1325969696045 122.92634582519531 234.1325969696045 145.60654830932617 222.33889770507812 145.60654830932617
221.65316772460938 123.44694519042969 233.47468090057373 123.44694519042969 233.47468090057373 146.18063735961914 221.65316772460938 146.18063735961914
221.2510528564453 123.4639663696289 232.865478515625 123.4639663696289 232.865478515625 145.79941177368164 221.2510528564453 145.79941177368164
220.6253204345703 123.34588623046875 232.26318073272705 123.34588623046875 232.26318073272705 145.7263946533203 220.6253204345703 145.7263946533203
219.9518280029297 122.95455169677734 231.5414752960205 122.95455169677734 231.5414752960205 145.2423439025879 219.9518280029297 145.2423439025879
219.1443634033203 124.07861328125 230.66305541992188 124.07861328125 230.66305541992188 146.2299518585205 219.1443634033203 146.2299518585205
219.08920288085938 124.34883117675781 230.5517702102661 124.34883117675781 230.5517702102661 146.39223670959473 219.08920288085938 146.39223670959473
218.4551239013672 123.79305267333984 229.7514066696167 123.79305267333984 229.7514066696167 145.51667976379395 218.4551239013672 145.51667976379395
217.94662475585938 124.14091491699219 229.17888069152832 124.14091491699219 229.17888069152832 145.7414150238037 217.94662475585938 145.7414150238037
217.2689666748047 124.21299743652344 228.64689826965332 124.21299743652344 228.64689826965332 146.09364318847656 217.2689666748047 146.09364318847656
216.69894409179688 124.1308364868164 228.0346393585205 124.1308364868164 228.0346393585205 145.93026161193848 216.69894409179688 145.93026161193848
215.96865844726562 124.78790283203125 227.1755657196045 124.78790283203125 227.1755657196045 146.33965682983398 215.96865844726562 146.33965682983398
215.28408813476562 123.97111511230469 226.60272407531738 123.97111511230469 226.60272407531738 145.73773193359375 215.28408813476562 145.73773193359375
213.9530487060547 123.9874496459961 225.29812145233154 123.9874496459961 225.29812145233154 145.80490684509277 213.9530487060547 145.80490684509277
213.20361328125 124.6982650756836 224.47698402404785 124.6982650756836 224.47698402404785 146.3778305053711 213.20361328125 146.3778305053711
212.3881072998047 124.82197570800781 223.4730863571167 124.82197570800781 223.4730863571167 146.1392478942871 212.3881072998047 146.1392478942871
211.7838134765625 124.65193939208984 222.8303279876709 124.65193939208984 222.8303279876709 145.89524269104004 211.7838134765625 145.89524269104004
211.0041961669922 124.4284439086914 222.11794090270996 124.4284439086914 222.11794090270996 145.8010368347168 211.0041961669922 145.8010368347168
210.0850067138672 123.47074890136719 221.47740745544434 123.47074890136719 221.47740745544434 145.37921905517578 210.0850067138672 145.37921905517578
209.3602752685547 124.5567626953125 220.78283023834229 124.5567626953125 220.78283023834229 146.52322006225586 209.3602752685547 146.52322006225586
208.9757080078125 124.1122817993164 220.4333267211914 124.1122817993164 220.4333267211914 146.14617156982422 208.9757080078125 146.14617156982422
208.4267578125 124.315673828125 219.79432106018066 124.315673828125 219.79432106018066 146.1763801574707 208.4267578125 146.1763801574707
207.7894744873047 123.71678161621094 219.23260307312012 123.71678161621094 219.23260307312012 145.722806930542 207.7894744873047 145.722806930542
207.2879180908203 124.0503921508789 218.7593641281128 124.0503921508789 218.7593641281128 146.11087226867676 207.2879180908203 146.11087226867676
206.2228546142578 124.0743637084961 217.85948848724365 124.0743637084961 217.85948848724365 146.45251274108887 206.2228546142578 146.45251274108887
205.515625 123.87217712402344 217.3433256149292 123.87217712402344 217.3433256149292 146.6177635192871 205.515625 146.6177635192871
204.9557647705078 123.80332946777344 216.48989963531494 123.80332946777344 216.48989963531494 145.98436546325684 204.9557647705078 145.98436546325684
204.0238800048828 124.5685043334961 215.5394411087036 124.5685043334961 215.5394411087036 146.7138214111328 204.0238800048828 146.7138214111328
203.46624755859375 124.69828033447266 215.00779819488525 124.69828033447266 215.00779819488525 146.89357566833496 203.46624755859375 146.89357566833496
202.56344604492188 124.42155456542969 214.1515760421753 124.42155456542969 214.1515760421753 146.7064266204834 202.56344604492188 146.7064266204834
201.7040252685547 124.9231948852539 213.29907417297363 124.9231948852539 213.29907417297363 147.22137260437012 201.7040252685547 147.22137260437012
201.20889282226562 124.1479721069336 212.74837017059326 124.1479721069336 212.74837017059326 146.33928298950195 201.20889282226562 146.33928298950195
200.5062255859375 125.12147521972656 211.9120454788208 125.12147521972656 211.9120454788208 147.05575370788574 200.5062255859375 147.05575370788574
199.71841430664062 124.2606201171875 211.1612491607666 124.2606201171875 211.1612491607666 146.2660789489746 199.71841430664062 146.2660789489746
199.11444091796875 124.5805435180664 210.53371334075928 124.5805435180664 210.53371334075928 146.54069137573242 199.11444091796875 146.54069137573242
198.33567810058594 125.21246337890625 209.7822666168213 125.21246337890625 209.7822666168213 147.22513961791992 198.33567810058594 147.22513961791992
198.2587432861328 125.50677490234375 209.61647033691406 125.50677490234375 209.61647033691406 147.34856033325195 198.2587432861328 147.34856033325195
197.6383819580078 124.99652099609375 209.04591369628906 124.99652099609375 209.04591369628906 146.93408584594727 197.6383819580078 146.93408584594727
197.11227416992188 124.96965026855469 208.31255435943604 124.96965026855469 208.31255435943604 146.50865173339844 197.11227416992188 146.50865173339844
196.46202087402344 125.2133560180664 207.78529167175293 125.2133560180664 207.78529167175293 146.9888801574707 196.46202087402344 146.9888801574707
195.68429565429688 125.47093200683594 206.99230480194092 125.47093200683594 206.99230480194092 147.21710586547852 195.68429565429688 147.21710586547852
194.54110717773438 125.21867370605469 205.8692569732666 125.21867370605469 205.8692569732666 147.00357818603516 194.54110717773438 147.00357818603516
193.89456176757812 125.62994384765625 205.1782932281494 125.62994384765625 205.1782932281494 147.32942581176758 193.89456176757812 147.32942581176758
192.75938415527344 125.76416015625 204.1653938293457 125.76416015625 204.1653938293457 147.69879341125488 192.75938415527344 147.69879341125488
191.9049530029297 125.5062484741211 203.4321575164795 125.5062484741211 203.4321575164795 147.67394828796387 191.9049530029297 147.67394828796387
191.33218383789062 125.08116149902344 202.95677089691162 125.08116149902344 202.95677089691162 147.43613815307617 191.33218383789062 147.43613815307617
190.7719268798828 124.6602554321289 202.1789379119873 124.6602554321289 202.1789379119873 146.59681701660156 190.7719268798828 146.59681701660156
189.96029663085938 125.35843658447266 201.55140781402588 125.35843658447266 201.55140781402588 147.64903450012207 189.96029663085938 147.64903450012207
189.1421661376953 125.47723388671875 200.7162275314331 125.47723388671875 200.7162275314331 147.73504257202148 189.1421661376953 147.73504257202148
188.79299926757812 125.07293701171875 200.37220573425293 125.07293701171875 200.37220573425293 147.34064102172852 188.79299926757812 147.34064102172852
188.20263671875 125.5613784790039 199.8626308441162 125.5613784790039 199.8626308441162 147.98444366455078 188.20263671875 147.98444366455078
187.78689575195312 125.2962417602539 199.5361843109131 125.2962417602539 199.5361843109131 147.89102935791016 187.78689575195312 147.89102935791016
186.86874389648438 125.1802749633789 198.61141204833984 125.1802749633789 198.61141204833984 147.76233100891113 186.86874389648438 147.76233100891113
186.09686279296875 124.36478424072266 197.79480266571045 124.36478424072266 197.79480266571045 146.86082458496094 186.09686279296875 146.86082458496094
184.65737915039062 124.6436538696289 196.60128211975098 124.6436538696289 196.60128211975098 147.61269760131836 184.65737915039062 147.61269760131836
183.76393127441406 124.73240661621094 195.71753787994385 124.73240661621094 195.71753787994385 147.72011184692383 183.76393127441406 147.72011184692383
183.32098388671875 124.92265319824219 195.3105058670044 124.92265319824219 195.3105058670044 147.97942733764648 183.32098388671875 147.97942733764648
182.67770385742188 125.423828125 194.66765785217285 125.423828125 194.66765785217285 148.48143196105957 182.67770385742188 148.48143196105957
181.95521545410156 125.50856018066406 193.8694486618042 125.50856018066406 193.8694486618042 148.42054557800293 181.95521545410156 148.42054557800293
181.23263549804688 125.05192565917969 193.0489854812622 125.05192565917969 193.0489854812622 147.7756748199463 181.23263549804688 147.7756748199463
180.57769775390625 124.75895690917969 192.5225954055786 124.75895690917969 192.5225954055786 147.72991180419922 180.57769775390625 147.72991180419922
179.96963500976562 124.52052307128906 191.93392372131348 124.52052307128906 191.93392372131348 147.5287685394287 179.96963500976562 147.5287685394287
179.24874877929688 125.31996154785156 191.38081550598145 125.31996154785156 191.38081550598145 148.65085792541504 179.24874877929688 148.65085792541504
178.7801513671875 125.34423828125 191.1989459991455 125.34423828125 191.1989459991455 149.22653579711914 178.7801513671875 149.22653579711914
178.006591796875 124.80363464355469 190.51411628723145 124.80363464355469 190.51411628723145 148.85656547546387 178.006591796875 148.85656547546387
177.3775177001953 124.93199157714844 189.99292278289795 124.93199157714844 189.99292278289795 149.19238662719727 177.3775177001953 149.19238662719727
176.38790893554688 125.421630859375 188.960467338562 125.421630859375 188.960467338562 149.59962844848633 176.38790893554688 149.59962844848633
175.81968688964844 125.2131576538086 188.3190860748291 125.2131576538086 188.3190860748291 149.25046348571777 175.81968688964844 149.25046348571777
174.86550903320312 125.3907241821289 187.5323085784912 125.3907241821289 187.5323085784912 149.74995231628418 174.86550903320312 149.74995231628418
173.92745971679688 126.08406829833984 186.63647270202637 126.08406829833984 186.63647270202637 150.52447891235352 173.92745971679688 150.52447891235352
173.17568969726562 126.4029312133789 185.74493789672852 126.4029312133789 185.74493789672852 150.57456398010254 173.17568969726562 150.57456398010254
172.33111572265625 125.91856384277344 185.12204551696777 125.91856384277344 185.12204551696777 150.51650619506836 172.33111572265625 150.51650619506836
171.5861358642578 126.0420913696289 184.37355041503906 126.0420913696289 184.37355041503906 150.63327407836914 171.5861358642578 150.63327407836914
170.93392944335938 126.02436828613281 183.58958911895752 126.02436828613281 183.58958911895752 150.36217498779297 170.93392944335938 150.36217498779297
170.4058380126953 126.377197265625 183.00502014160156 126.377197265625 183.00502014160156 150.60638999938965 170.4058380126953 150.60638999938965
169.17413330078125 126.4070816040039 181.82683277130127 126.4070816040039 181.82683277130127 150.73919296264648 169.17413330078125 150.73919296264648
168.6987762451172 126.33231353759766 181.37534427642822 126.33231353759766 181.37534427642822 150.71032524108887 168.6987762451172 150.71032524108887
168.07418823242188 125.45479583740234 180.89311408996582 125.45479583740234 180.89311408996582 150.1065731048584 168.07418823242188 150.1065731048584
167.35711669921875 126.16117858886719 180.1764907836914 126.16117858886719 180.1764907836914 150.81381607055664 167.35711669921875 150.81381607055664
167.10345458984375 125.33064270019531 180.0921401977539 125.33064270019531 180.0921401977539 150.3088779449463 167.10345458984375 150.3088779449463
166.14361572265625 126.03653717041016 178.92027854919434 126.03653717041016 178.92027854919434 150.6070384979248 166.14361572265625 150.6070384979248
165.0065155029297 125.4327621459961 177.8921356201172 125.4327621459961 177.8921356201172 150.21279525756836 165.0065155029297 150.21279525756836
164.3146514892578 126.0357894897461 177.13116931915283 126.0357894897461 177.13116931915283 150.68293380737305 164.3146514892578 150.68293380737305
163.28787231445312 126.55534362792969 176.15132427215576 126.55534362792969 176.15132427215576 151.29274368286133 163.28787231445312 151.29274368286133
162.32907104492188 126.30179595947266 175.17146110534668 126.30179595947266 175.17146110534668 150.99869346618652 162.32907104492188 150.99869346618652
161.6531982421875 126.80830383300781 174.46720695495605 126.80830383300781 174.46720695495605 151.45062065124512 161.6531982421875 151.45062065124512
161.1187744140625 126.92018127441406 173.898042678833 126.92018127441406 173.898042678833 151.49568939208984 161.1187744140625 151.49568939208984
160.46334838867188 126.7437744140625 173.1426601409912 126.7437744140625 173.1426601409912 151.1270580291748 160.46334838867188 151.1270580291748
160.02981567382812 126.42118072509766 172.6061782836914 126.42118072509766 172.6061782836914 150.60648727416992 160.02981567382812 150.60648727416992
159.03817749023438 126.79962158203125 171.68591499328613 126.79962158203125 171.68591499328613 151.1221866607666 159.03817749023438 151.1221866607666
158.609619140625 126.7368392944336 171.1860589981079 126.7368392944336 171.1860589981079 150.92229080200195 158.609619140625 150.92229080200195
158.30201721191406 127.567138671875 170.97711944580078 127.567138671875 170.97711944580078 151.94232559204102 158.30201721191406 151.94232559204102
157.48568725585938 127.1219482421875 170.21886920928955 127.1219482421875 170.21886920928955 151.60882568359375 157.48568725585938 151.60882568359375
156.59056091308594 126.8207015991211 169.14612770080566 126.8207015991211 169.14612770080566 150.96600914001465 156.59056091308594 150.96600914001465
156.158447265625 127.6414566040039 168.62644004821777 127.6414566040039 168.62644004821777 151.61835289001465 156.158447265625 151.61835289001465
155.43765258789062 127.6508560180664 168.02121829986572 127.6508560180664 168.02121829986572 151.85000801086426 155.43765258789062 151.85000801086426
154.76419067382812 127.7722396850586 167.12856101989746 127.7722396850586 167.12856101989746 151.54986190795898 154.76419067382812 151.54986190795898
153.58450317382812 127.5066909790039 165.87763595581055 127.5066909790039 165.87763595581055 151.14731979370117 153.58450317382812 151.14731979370117
152.71731567382812 128.24801635742188 164.95949363708496 128.24801635742188 164.95949363708496 151.79065704345703 152.71731567382812 151.79065704345703
151.91055297851562 128.1372528076172 164.1737995147705 128.1372528076172 164.1737995147705 151.72040939331055 151.91055297851562 151.72040939331055
151.03811645507812 127.87654876708984 163.440655708313 127.87654876708984 163.440655708313 151.7275733947754 151.03811645507812 151.7275733947754
150.43655395507812 127.0847396850586 162.85485172271729 127.0847396850586 162.85485172271729 150.96606826782227 150.43655395507812 150.96606826782227
149.89425659179688 127.50636291503906 162.30684089660645 127.50636291503906 162.30684089660645 151.3767032623291 149.89425659179688 151.3767032623291
148.95028686523438 127.67802429199219 161.30199909210205 127.67802429199219 161.30199909210205 151.431303024292 148.95028686523438 151.431303024292
148.38833618164062 128.03321838378906 160.829026222229 128.03321838378906 160.829026222229 151.9576072692871 148.38833618164062 151.9576072692871
147.8628692626953 127.7405776977539 160.22608947753906 127.7405776977539 160.22608947753906 151.5159854888916 147.8628692626953 151.5159854888916
147.55496215820312 128.2435760498047 159.93341636657715 128.2435760498047 159.93341636657715 152.04828071594238 147.55496215820312 152.04828071594238
146.68991088867188 127.41627502441406 159.15235996246338 127.41627502441406 159.15235996246338 151.38251113891602 146.68991088867188 151.38251113891602
145.69293212890625 127.9058609008789 158.21334266662598 127.9058609008789 158.21334266662598 151.9835605621338 145.69293212890625 151.9835605621338
145.19189453125 128.34695434570312 157.7459135055542 128.34695434570312 157.7459135055542 152.4892864227295 145.19189453125 152.4892864227295
144.4565887451172 127.47552490234375 157.26659870147705 127.47552490234375 157.26659870147705 152.1101474761963 144.4565887451172 152.1101474761963
142.95120239257812 128.33987426757812 155.9848051071167 128.33987426757812 155.9848051071167 153.40448379516602 142.95120239257812 153.40448379516602
142.02601623535156 127.97037506103516 154.92531394958496 127.97037506103516 154.92531394958496 152.776704788208 142.02601623535156 152.776704788208
141.50234985351562 127.5346908569336 154.5910768508911 127.5346908569336 154.5910768508911 152.70530891418457 141.50234985351562 152.70530891418457
140.8379669189453 128.48428344726562 153.88074016571045 128.48428344726562 153.88074016571045 153.5665283203125 140.8379669189453 153.5665283203125
139.92567443847656 128.27365112304688 153.0386562347412 128.27365112304688 153.0386562347412 153.49091148376465 139.92567443847656 153.49091148376465
139.1816864013672 127.55204772949219 152.41440105438232 127.55204772949219 152.41440105438232 152.99956512451172 139.1816864013672 152.99956512451172
138.5620574951172 128.0901336669922 151.80888843536377 128.0901336669922 151.80888843536377 153.56480026245117 138.5620574951172 153.56480026245117
137.66787719726562 128.6192169189453 150.77129554748535 128.6192169189453 150.77129554748535 153.81809043884277 137.66787719726562 153.81809043884277
137.83056640625 129.75921630859375 150.8592357635498 129.75921630859375 150.8592357635498 154.8143424987793 137.83056640625 154.8143424987793
137.49966430664062 129.68365478515625 150.30887603759766 129.68365478515625 150.30887603759766 154.3167495727539 137.49966430664062 154.3167495727539
136.869873046875 129.84323120117188 149.45080852508545 129.84323120117188 149.45080852508545 154.03733444213867 136.869873046875 154.03733444213867
136.37103271484375 129.85411071777344 149.00414657592773 129.85411071777344 149.00414657592773 154.14855766296387 136.37103271484375 154.14855766296387
135.715087890625 129.5231475830078 148.18804740905762 129.5231475830078 148.18804740905762 153.5096092224121 135.715087890625 153.5096092224121
134.43869018554688 129.8809051513672 146.95383262634277 129.8809051513672 146.95383262634277 153.94849014282227 134.43869018554688 153.94849014282227
133.9884033203125 129.67446899414062 146.6682891845703 129.67446899414062 146.6682891845703 154.05886840820312 133.9884033203125 154.05886840820312
132.70004272460938 129.5829315185547 145.5274600982666 129.5829315185547 145.5274600982666 154.25104331970215 132.70004272460938 154.25104331970215
132.10397338867188 128.91201782226562 145.24906635284424 128.91201782226562 145.24906635284424 154.1910400390625 132.10397338867188 154.1910400390625
131.61013793945312 129.05538940429688 144.70802116394043 129.05538940429688 144.70802116394043 154.24362564086914 131.61013793945312 154.24362564086914
130.7910919189453 129.67514038085938 143.9847011566162 129.67514038085938 143.9847011566162 155.04746627807617 130.7910919189453 155.04746627807617
130.00741577148438 129.3599853515625 143.18387603759766 129.3599853515625 143.18387603759766 154.69933128356934 130.00741577148438 154.69933128356934
129.20118713378906 129.27899169921875 142.15156745910645 129.27899169921875 142.15156745910645 154.18356895446777 129.20118713378906 154.18356895446777
128.22694396972656 129.8431396484375 140.998628616333 129.8431396484375 140.998628616333 154.4040699005127 128.22694396972656 154.4040699005127
127.6161117553711 129.58172607421875 140.49256134033203 129.58172607421875 140.49256134033203 154.34413146972656 127.6161117553711 154.34413146972656
127.22685241699219 129.20298767089844 140.29005432128906 129.20298767089844 140.29005432128906 154.3245334625244 127.22685241699219 154.3245334625244
126.45062255859375 128.53128051757812 139.6970672607422 128.53128051757812 139.6970672607422 154.0052146911621 126.45062255859375 154.0052146911621
125.70588684082031 128.94570922851562 138.97396564483643 128.94570922851562 138.97396564483643 154.46124649047852 125.70588684082031 154.46124649047852
125.495361328125 129.24932861328125 138.29400825500488 129.24932861328125 138.29400825500488 153.8621120452881 125.495361328125 153.8621120452881
124.04991149902344 130.24534606933594 136.93002319335938 130.24534606933594 136.93002319335938 155.01479148864746 124.04991149902344 155.01479148864746
122.95684814453125 129.75987243652344 135.93272399902344 129.75987243652344 135.93272399902344 154.71347999572754 122.95684814453125 154.71347999572754
120.41493225097656 129.77517700195312 133.55532550811768 129.77517700195312 133.55532550811768 155.04516220092773 120.41493225097656 155.04516220092773
119.51944732666016 130.44400024414062 132.66797065734863 130.44400024414062 132.66797065734863 155.7296199798584 119.51944732666016 155.7296199798584
117.25799560546875 130.41421508789062 130.42561531066895 130.41421508789062 130.42561531066895 155.73655700683594 117.25799560546875 155.73655700683594
114.89219665527344 130.5754852294922 127.9619197845459 130.5754852294922 127.9619197845459 155.70956420898438 114.89219665527344 155.70956420898438
111.77960205078125 131.3948516845703 124.78634929656982 131.3948516845703 124.78634929656982 156.4078254699707 111.77960205078125 156.4078254699707
109.18229675292969 131.0320587158203 122.27674865722656 131.0320587158203 122.27674865722656 156.21369552612305 109.18229675292969 156.21369552612305
108.44014739990234 131.07252502441406 121.65867614746094 131.07252502441406 121.65867614746094 156.49277305603027 108.44014739990234 156.49277305603027
107.680908203125 131.06288146972656 121.00932025909424 131.06288146972656 121.00932025909424 156.6944465637207 107.680908203125 156.6944465637207
107.35697937011719 131.5617218017578 120.51110363006592 131.5617218017578 120.51110363006592 156.8581199645996 107.35697937011719 156.8581199645996
106.7369613647461 131.15423583984375 119.96203327178955 131.15423583984375 119.96203327178955 156.5870704650879 106.7369613647461 156.5870704650879
105.99554443359375 131.73452758789062 119.12658882141113 131.73452758789062 119.12658882141113 156.9865379333496 105.99554443359375 156.9865379333496
105.5649642944336 131.54312133789062 118.77728080749512 131.54312133789062 118.77728080749512 156.9514274597168 105.5649642944336 156.9514274597168
104.45121002197266 131.2659454345703 117.76789665222168 131.2659454345703 117.76789665222168 156.8749656677246 104.45121002197266 156.8749656677246
103.88749694824219 131.26043701171875 117.3604154586792 131.26043701171875 117.3604154586792 157.16990280151367 103.88749694824219 157.16990280151367
102.9524917602539 131.42105102539062 116.48902416229248 131.42105102539062 116.48902416229248 157.45285034179688 102.9524917602539 157.45285034179688
102.34085845947266 131.8182830810547 115.85219097137451 131.8182830810547 115.85219097137451 157.80162048339844 102.34085845947266 157.80162048339844
101.0766830444336 131.36607360839844 114.74192523956299 131.36607360839844 114.74192523956299 157.6453914642334 101.0766830444336 157.6453914642334
100.44556427001953 131.73388671875 114.01400184631348 131.73388671875 114.01400184631348 157.82704162597656 100.44556427001953 157.82704162597656
99.86454010009766 131.68228149414062 113.52740955352783 131.68228149414062 113.52740955352783 157.9570369720459 99.86454010009766 157.9570369720459
99.2392349243164 131.88270568847656 112.74362182617188 131.88270568847656 112.74362182617188 157.85268783569336 99.2392349243164 157.85268783569336
98.80033111572266 131.8637237548828 112.0667495727539 131.8637237548828 112.0667495727539 157.37607383728027 98.80033111572266 157.37607383728027
98.09953308105469 132.18124389648438 111.08382892608643 132.18124389648438 111.08382892608643 157.15105056762695 98.09953308105469 157.15105056762695
97.39964294433594 132.861083984375 110.3608341217041 132.861083984375 110.3608341217041 157.7864589691162 97.39964294433594 157.7864589691162
96.61478424072266 132.86129760742188 109.54450702667236 132.86129760742188 109.54450702667236 157.7261562347412 96.61478424072266 157.7261562347412
96.18302154541016 132.86923217773438 109.26624298095703 132.86923217773438 109.26624298095703 158.02927780151367 96.18302154541016 158.02927780151367
96.04383850097656 132.824462890625 109.27031707763672 132.824462890625 109.27031707763672 158.26000022888184 96.04383850097656 158.26000022888184
95.45024108886719 132.8667755126953 108.4647274017334 132.8667755126953 108.4647274017334 157.8946361541748 95.45024108886719 157.8946361541748
94.35021209716797 133.01197814941406 107.28471374511719 133.01197814941406 107.28471374511719 157.8860206604004 94.35021209716797 157.8860206604004
94.0654525756836 133.55621337890625 106.6665735244751 133.55621337890625 106.6665735244751 157.78914070129395 94.0654525756836 157.78914070129395
92.9913330078125 134.23114013671875 105.47040557861328 134.23114013671875 105.47040557861328 158.2293586730957 92.9913330078125 158.2293586730957
92.23539733886719 134.59976196289062 104.60919094085693 134.59976196289062 104.60919094085693 158.39552307128906 92.23539733886719 158.39552307128906
91.1929702758789 134.44769287109375 103.67592906951904 134.44769287109375 103.67592906951904 158.4533863067627 91.1929702758789 158.4533863067627
90.65538024902344 135.24520874023438 103.02543830871582 135.24520874023438 103.02543830871582 159.03378677368164 90.65538024902344 159.03378677368164
90.01093292236328 134.9282684326172 102.18933582305908 134.9282684326172 102.18933582305908 158.3482780456543 90.01093292236328 158.3482780456543
89.15553283691406 134.45069885253906 101.3869104385376 134.45069885253906 101.3869104385376 157.97258377075195 89.15553283691406 157.97258377075195
88.19844055175781 134.72633361816406 100.4613208770752 134.72633361816406 100.4613208770752 158.30879974365234 88.19844055175781 158.30879974365234
87.44879150390625 135.27645874023438 99.53564453125 135.27645874023438 99.53564453125 158.52041053771973 87.44879150390625 158.52041053771973
86.99574279785156 135.196533203125 98.99830341339111 135.196533203125 98.99830341339111 158.27838516235352 86.99574279785156 158.27838516235352
86.83805847167969 134.76504516601562 98.75802040100098 134.76504516601562 98.75802040100098 157.68805313110352 86.83805847167969 157.68805313110352
85.73640441894531 135.10845947265625 97.53425025939941 135.10845947265625 97.53425025939941 157.79662704467773 85.73640441894531 157.79662704467773
84.50643157958984 135.4030303955078 96.29406929016113 135.4030303955078 96.29406929016113 158.07156562805176 84.50643157958984 158.07156562805176
84.13529205322266 135.46072387695312 96.04449653625488 135.46072387695312 96.04449653625488 158.36304092407227 84.13529205322266 158.36304092407227
83.27005767822266 135.6520538330078 95.05439376831055 135.6520538330078 95.05439376831055 158.31423950195312 83.27005767822266 158.31423950195312
82.64525604248047 135.47091674804688 94.42240142822266 135.47091674804688 94.42240142822266 158.1192741394043 82.64525604248047 158.1192741394043
81.68659210205078 135.74481201171875 93.54574012756348 135.74481201171875 93.54574012756348 158.55086708068848 81.68659210205078 158.55086708068848
81.32469177246094 136.39071655273438 93.00534629821777 136.39071655273438 93.00534629821777 158.853515625 81.32469177246094 158.853515625
80.5062255859375 135.86599731445312 92.2257080078125 135.86599731445312 92.2257080078125 158.40346336364746 80.5062255859375 158.40346336364746
79.70533752441406 136.3551483154297 91.60023975372314 136.3551483154297 91.60023975372314 159.22996139526367 79.70533752441406 159.22996139526367
79.2596435546875 135.9961700439453 91.06205463409424 135.9961700439453 91.06205463409424 158.69311332702637 79.2596435546875 158.69311332702637
78.08102416992188 135.7202911376953 90.01835823059082 135.7202911376953 90.01835823059082 158.67670059204102 78.08102416992188 158.67670059204102
77.65489196777344 135.58230590820312 89.60802555084229 135.58230590820312 89.60802555084229 158.56909942626953 77.65489196777344 158.56909942626953
77.10990142822266 136.24729919433594 88.99303817749023 136.24729919433594 88.99303817749023 159.09948348999023 77.10990142822266 159.09948348999023
76.24465942382812 136.3013916015625 88.19154262542725 136.3013916015625 88.19154262542725 159.27616500854492 76.24465942382812 159.27616500854492
76.18675994873047 135.95077514648438 88.30145072937012 135.95077514648438 88.30145072937012 159.24825477600098 76.18675994873047 159.24825477600098
75.58475494384766 136.2914581298828 87.32104682922363 136.2914581298828 87.32104682922363 158.8612518310547 75.58475494384766 158.8612518310547
74.39066314697266 136.3885955810547 86.11794090270996 136.3885955810547 86.11794090270996 158.94105339050293 74.39066314697266 158.94105339050293
73.72059631347656 137.00949096679688 85.42123985290527 137.00949096679688 85.42123985290527 159.5107307434082 73.72059631347656 159.5107307434082
72.59317016601562 137.11593627929688 84.19989204406738 137.11593627929688 84.19989204406738 159.4365577697754 72.59317016601562 159.4365577697754
71.78733825683594 137.64720153808594 83.28135108947754 137.64720153808594 83.28135108947754 159.75107192993164 71.78733825683594 159.75107192993164
70.71049499511719 137.3661651611328 82.2375431060791 137.3661651611328 82.2375431060791 159.5335636138916 70.71049499511719 159.5335636138916
70.34556579589844 137.93002319335938 81.80978298187256 137.93002319335938 81.80978298187256 159.9765968322754 70.34556579589844 159.9765968322754
69.92311096191406 137.88174438476562 81.4610481262207 137.88174438476562 81.4610481262207 160.07008743286133 69.92311096191406 160.07008743286133
69.18614196777344 137.5950469970703 80.8175745010376 137.5950469970703 80.8175745010376 159.96319007873535 69.18614196777344 159.96319007873535
68.2681655883789 137.05941772460938 79.64700031280518 137.05941772460938 79.64700031280518 158.94179344177246 68.2681655883789 158.94179344177246
67.63021850585938 137.22763061523438 79.17310810089111 137.22763061523438 79.17310810089111 159.42549514770508 67.63021850585938 159.42549514770508
66.96650695800781 137.16497802734375 78.76074695587158 137.16497802734375 78.76074695587158 159.84620666503906 66.96650695800781 159.84620666503906
66.40462493896484 137.23922729492188 78.2059907913208 137.23922729492188 78.2059907913208 159.9341583251953 66.40462493896484 159.9341583251953
65.6784896850586 136.61886596679688 77.70844554901123 136.61886596679688 77.70844554901123 159.75339317321777 65.6784896850586 159.75339317321777
64.98343658447266 136.41091918945312 77.1189079284668 136.41091918945312 77.1189079284668 159.7483615875244 64.98343658447266 159.7483615875244
64.30242919921875 137.2736053466797 76.3202075958252 137.2736053466797 76.3202075958252 160.38471603393555 64.30242919921875 160.38471603393555
63.162498474121094 137.18043518066406 74.93641662597656 137.18043518066406 74.93641662597656 159.82258415222168 63.162498474121094 159.82258415222168
62.17744827270508 137.30419921875 74.07069396972656 137.30419921875 74.07069396972656 160.17582511901855 62.17744827270508 160.17582511901855
61.134666442871094 137.89511108398438 73.0330638885498 137.89511108398438 73.0330638885498 160.7766456604004 61.134666442871094 160.7766456604004
60.752593994140625 137.8977508544922 72.5091142654419 137.8977508544922 72.5091142654419 160.50644302368164 60.752593994140625 160.50644302368164
60.17888259887695 138.48001098632812 72.00702095031738 138.48001098632812 72.00702095031738 161.22643089294434 60.17888259887695 161.22643089294434
59.618064880371094 138.41366577148438 71.38266658782959 138.41366577148438 71.38266658782959 161.03790283203125 59.618064880371094 161.03790283203125
58.88761520385742 137.84378051757812 70.70521068572998 137.84378051757812 70.70521068572998 160.56992721557617 58.88761520385742 160.56992721557617
58.01422882080078 138.2562713623047 69.89737892150879 138.2562713623047 69.89737892150879 161.1084861755371 58.01422882080078 161.1084861755371
57.35638427734375 138.1582794189453 69.33835029602051 138.1582794189453 69.33835029602051 161.2005271911621 57.35638427734375 161.2005271911621
56.7711296081543 138.6383819580078 68.59597682952881 138.6383819580078 68.59597682952881 161.37847709655762 56.7711296081543 161.37847709655762
56.4757080078125 138.48666381835938 68.36265659332275 138.48666381835938 68.36265659332275 161.3461856842041 56.4757080078125 161.3461856842041
55.746925354003906 138.3914337158203 67.56460762023926 138.3914337158203 67.56460762023926 161.11775016784668 55.746925354003906 161.11775016784668
55.10753631591797 138.35739135742188 67.05237579345703 138.35739135742188 67.05237579345703 161.32824325561523 55.10753631591797 161.32824325561523
54.21198272705078 138.33880615234375 66.23044204711914 138.33880615234375 66.23044204711914 161.45123481750488 54.21198272705078 161.45123481750488
53.16814041137695 138.23989868164062 65.10565662384033 138.23989868164062 65.10565662384033 161.19666862487793 53.16814041137695 161.19666862487793
51.57965087890625 138.635498046875 63.61875629425049 138.635498046875 63.61875629425049 161.7876319885254 51.57965087890625 161.7876319885254
51.442481994628906 139.1092987060547 63.39959907531738 139.1092987060547 63.39959907531738 162.103759765625 51.442481994628906 162.103759765625
50.88230514526367 138.9016876220703 62.74706554412842 138.9016876220703 62.74706554412842 161.7185401916504 50.88230514526367 161.7185401916504
50.59157943725586 139.5718994140625 62.37057590484619 139.5718994140625 62.37057590484619 162.22381973266602 50.59157943725586 162.22381973266602
50.50948715209961 139.76968383789062 62.37943172454834 139.76968383789062 62.37943172454834 162.5965061187744 50.50948715209961 162.5965061187744
48.72417449951172 139.0568389892578 60.70913124084473 139.0568389892578 60.70913124084473 162.10483932495117 48.72417449951172 162.10483932495117
48.378395080566406 139.03106689453125 60.3226318359375 139.03106689453125 60.3226318359375 162.00075721740723 48.378395080566406 162.00075721740723
47.859840393066406 139.51443481445312 59.72308540344238 139.51443481445312 59.72308540344238 162.32837295532227 47.859840393066406 162.32837295532227
47.403175354003906 139.9130401611328 59.306779861450195 139.9130401611328 59.306779861450195 162.80459213256836 47.403175354003906 162.80459213256836
46.66181182861328 139.75161743164062 58.535264015197754 139.75161743164062 58.535264015197754 162.58518409729004 46.66181182861328 162.58518409729004
46.24256134033203 139.23318481445312 58.26823616027832 139.23318481445312 58.26823616027832 162.3594856262207 46.24256134033203 162.3594856262207
44.97731399536133 138.58221435546875 57.298213958740234 138.58221435546875 57.298213958740234 162.27625465393066 44.97731399536133 162.27625465393066
44.01530075073242 138.12319946289062 56.40580368041992 138.12319946289062 56.40580368041992 161.95109176635742 44.01530075073242 161.95109176635742
43.343109130859375 138.64060974121094 55.574052810668945 138.64060974121094 55.574052810668945 162.16165733337402 43.343109130859375 162.16165733337402
42.619842529296875 138.2638702392578 54.88794231414795 138.2638702392578 54.88794231414795 161.8563747406006 42.619842529296875 161.8563747406006
41.89925765991211 139.02188110351562 54.227195739746094 139.02188110351562 54.227195739746094 162.7294578552246 41.89925765991211 162.7294578552246
41.0854606628418 138.80014038085938 53.29315757751465 138.80014038085938 53.29315757751465 162.2764835357666 41.0854606628418 162.2764835357666
40.209434509277344 139.13311767578125 52.374234199523926 139.13311767578125 52.374234199523926 162.5269660949707 40.209434509277344 162.5269660949707
39.82189178466797 138.8262176513672 52.056761741638184 138.8262176513672 52.056761741638184 162.35481643676758 39.82189178466797 162.35481643676758
38.9745979309082 138.65386962890625 51.30266761779785 138.65386962890625 51.30266761779785 162.36169815063477 38.9745979309082 162.36169815063477
37.72848129272461 138.42837524414062 50.035316467285156 138.42837524414062 50.035316467285156 162.09536743164062 37.72848129272461 162.09536743164062
36.896873474121094 138.10952758789062 49.514431953430176 138.10952758789062 49.514431953430176 162.37406539916992 36.896873474121094 162.37406539916992
36.95816421508789 137.94662475585938 49.7263240814209 137.94662475585938 49.7263240814209 162.5007781982422 36.95816421508789 162.5007781982422
35.71305847167969 136.1463623046875 48.83600330352783 136.1463623046875 48.83600330352783 161.38279342651367 35.71305847167969 161.38279342651367
35.861106872558594 136.61001586914062 49.08424377441406 136.61001586914062 49.08424377441406 162.03912544250488 35.861106872558594 162.03912544250488
35.10779571533203 136.5492401123047 48.246365547180176 136.5492401123047 48.246365547180176 161.8157196044922 35.10779571533203 161.8157196044922
34.25971603393555 136.89498901367188 47.47262763977051 136.89498901367188 47.47262763977051 162.30443382263184 34.25971603393555 162.30443382263184
33.71567916870117 137.62619018554688 46.638784408569336 137.62619018554688 46.638784408569336 162.47831535339355 33.71567916870117 162.47831535339355
32.72774124145508 137.28880310058594 45.827571868896484 137.28880310058594 45.827571868896484 162.4807834625244 32.72774124145508 162.4807834625244
32.002010345458984 137.6188507080078 45.17339515686035 137.6188507080078 45.17339515686035 162.9484348297119 32.002010345458984 162.9484348297119
30.638423919677734 136.83485412597656 43.97610855102539 136.83485412597656 43.97610855102539 162.4842472076416 30.638423919677734 162.4842472076416
29.629114151000977 137.59072875976562 42.78941535949707 137.59072875976562 42.78941535949707 162.89899826049805 29.629114151000977 162.89899826049805
29.298913955688477 137.29576110839844 42.5022554397583 137.29576110839844 42.5022554397583 162.6868019104004 29.298913955688477 162.6868019104004
28.566808700561523 137.21658325195312 41.61027145385742 137.21658325195312 41.61027145385742 162.3001651763916 28.566808700561523 162.3001651763916
