186.0 71.0 197.0 71.0 197.0 95.0 186.0 95.0
186.0894775390625 70.46614837646484 197.18894481658936 70.46614837646484 197.18894481658936 94.68316841125488 186.0894775390625 94.68316841125488
186.34019470214844 68.59027099609375 197.7406177520752 68.59027099609375 197.7406177520752 93.46392250061035 186.34019470214844 93.46392250061035
186.5018310546875 67.93304443359375 197.97008323669434 67.93304443359375 197.97008323669434 92.95468711853027 186.5018310546875 92.95468711853027
186.60299682617188 67.83880615234375 198.05505657196045 67.83880615234375 198.05505657196045 92.82512092590332 186.60299682617188 92.82512092590332
186.86209106445312 67.65806579589844 198.2639627456665 67.65806579589844 198.2639627456665 92.53487777709961 186.86209106445312 92.53487777709961
186.70706176757812 66.23030090332031 198.14576721191406 66.23030090332031 198.14576721191406 91.18747520446777 186.70706176757812 91.18747520446777
187.2818603515625 65.14510345458984 198.8434009552002 65.14510345458984 198.8434009552002 90.37028121948242 187.2818603515625 90.37028121948242
187.7482452392578 64.09428405761719 199.1898374557495 64.09428405761719 199.1898374557495 89.05775833129883 187.7482452392578 89.05775833129883
188.08689880371094 63.4085693359375 199.4746618270874 63.4085693359375 199.4746618270874 88.25459861755371 188.08689880371094 88.25459861755371
188.08180236816406 62.1196403503418 199.40379524230957 62.1196403503418 199.40379524230957 86.82217216491699 188.08180236816406 86.82217216491699
188.54283142089844 61.35693359375 199.80173301696777 61.35693359375 199.80173301696777 85.92181015014648 188.54283142089844 85.92181015014648
188.26226806640625 60.57982635498047 199.4860897064209 60.57982635498047 199.4860897064209 85.06816482543945 188.26226806640625 85.06816482543945
188.46005249023438 60.2620849609375 199.6769313812256 60.2620849609375 199.6769313812256 84.73527336120605 188.46005249023438 84.73527336120605
187.96261596679688 59.119659423828125 199.14943408966064 59.119659423828125 199.14943408966064 83.52726173400879 187.96261596679688 83.52726173400879
188.52511596679688 58.61772537231445 199.52570629119873 58.61772537231445 199.52570629119873 82.61901092529297 188.52511596679688 82.61901092529297
188.1615753173828 58.95902633666992 199.1337490081787 58.95902633666992 199.1337490081787 82.89831161499023 188.1615753173828 82.89831161499023
187.58021545410156 57.304786682128906 198.66176414489746 57.304786682128906 198.66176414489746 81.48270988464355 187.58021545410156 81.48270988464355
187.4948272705078 56.3201904296875 198.56550407409668 56.3201904296875 198.56550407409668 80.47439193725586 187.4948272705078 80.47439193725586
187.6143035888672 56.611366271972656 198.48701286315918 56.611366271972656 198.48701286315918 80.33363914489746 187.6143035888672 80.33363914489746
186.60997009277344 54.63460159301758 197.44196033477783 54.63460159301758 197.44196033477783 78.26803207397461 186.60997009277344 78.26803207397461
185.95285034179688 53.93339920043945 196.87103271484375 53.93339920043945 196.87103271484375 77.75488662719727 185.95285034179688 77.75488662719727
185.16372680664062 53.08782196044922 195.9870138168335 53.08782196044922 195.9870138168335 76.70226669311523 185.16372680664062 76.70226669311523
185.21023559570312 53.19818115234375 195.8926830291748 53.19818115234375 195.8926830291748 76.50533866882324 185.21023559570312 76.50533866882324
184.2139129638672 52.38147735595703 194.77957725524902 52.38147735595703 194.77957725524902 75.43383407592773 184.2139129638672 75.43383407592773
182.93453979492188 50.47899627685547 193.5688247680664 50.47899627685547 193.5688247680664 73.68107032775879 182.93453979492188 73.68107032775879
182.18988037109375 49.82378387451172 192.8587875366211 49.82378387451172 192.8587875366211 73.10139846801758 182.18988037109375 73.10139846801758
182.04519653320312 50.355262756347656 192.54864597320557 50.355262756347656 192.54864597320557 73.27187728881836 182.04519653320312 73.27187728881836
182.16380310058594 50.23204040527344 192.72607612609863 50.23204040527344 192.72607612609863 73.27699661254883 182.16380310058594 73.27699661254883
179.4829559326172 47.776214599609375 190.1322841644287 47.776214599609375 190.1322841644287 71.01111221313477 179.4829559326172 71.01111221313477
178.51583862304688 47.03192138671875 189.08103370666504 47.03192138671875 189.08103370666504 70.08325576782227 178.51583862304688 70.08325576782227
177.5242156982422 46.58245086669922 188.17049980163574 46.58245086669922 188.17049980163574 69.81070899963379 177.5242156982422 69.81070899963379
177.4013671875 46.104957580566406 188.17072772979736 46.104957580566406 188.17072772979736 69.60174560546875 177.4013671875 69.60174560546875
176.5623016357422 45.94194793701172 187.18847370147705 45.94194793701172 187.18847370147705 69.12632369995117 176.5623016357422 69.12632369995117
174.03140258789062 43.86931610107422 184.61533641815186 43.86931610107422 184.61533641815186 66.9615364074707 174.03140258789062 66.9615364074707
174.17013549804688 44.00238800048828 184.593168258667 44.00238800048828 184.593168258667 66.74354934692383 174.17013549804688 66.74354934692383
173.3598175048828 43.8387336730957 183.6739273071289 43.8387336730957 183.6739273071289 66.31026077270508 173.3598175048828 66.31026077270508
172.26516723632812 43.21437072753906 182.40631675720215 43.21437072753906 182.40631675720215 65.25983428955078 172.26516723632812 65.25983428955078
171.29205322265625 42.39042282104492 181.53366565704346 42.39042282104492 181.53366565704346 64.62004089355469 171.29205322265625 64.62004089355469
170.49649047851562 42.38153839111328 180.56674766540527 42.38153839111328 180.56674766540527 64.10378646850586 170.49649047851562 64.10378646850586
169.10113525390625 42.11480712890625 179.1764612197876 42.11480712890625 179.1764612197876 63.75771713256836 169.10113525390625 63.75771713256836
167.6951446533203 41.29954147338867 177.766695022583 41.29954147338867 177.766695022583 62.88708686828613 167.6951446533203 62.88708686828613
166.5953369140625 40.991905212402344 176.63821697235107 40.991905212402344 176.63821697235107 62.2930908203125 166.5953369140625 62.2930908203125
165.48770141601562 40.223289489746094 175.55478763580322 40.223289489746094 175.55478763580322 61.469072341918945 165.48770141601562 61.469072341918945
164.6237335205078 39.528194427490234 174.65696334838867 39.528194427490234 174.65696334838867 60.4530029296875 164.6237335205078 60.4530029296875
164.51939392089844 39.55584716796875 174.62538623809814 39.55584716796875 174.62538623809814 60.34746170043945 164.51939392089844 60.34746170043945
163.7620086669922 37.1900634765625 173.95323944091797 37.1900634765625 173.95323944091797 57.99061965942383 163.7620086669922 57.99061965942383
162.7322998046875 36.58226776123047 172.77870178222656 36.58226776123047 172.77870178222656 56.949602127075195 162.7322998046875 56.949602127075195
161.51414489746094 34.92973709106445 171.66054439544678 34.92973709106445 171.66054439544678 55.47176933288574 161.51414489746094 55.47176933288574
160.68072509765625 34.16572952270508 170.87671947479248 34.16572952270508 170.87671947479248 54.78652763366699 160.68072509765625 54.78652763366699
159.56356811523438 33.58600616455078 169.6350965499878 33.58600616455078 169.6350965499878 53.80625534057617 159.56356811523438 53.80625534057617
158.3560333251953 33.324440002441406 168.55879020690918 33.324440002441406 168.55879020690918 53.63487434387207 158.3560333251953 53.63487434387207
157.9646759033203 32.92218017578125 168.06443405151367 32.92218017578125 168.06443405151367 52.93943405151367 157.9646759033203 52.93943405151367
157.4498748779297 32.16288375854492 167.5986156463623 32.16288375854492 167.5986156463623 52.27189636230469 157.4498748779297 52.27189636230469
156.67578125 31.85455322265625 166.75353813171387 31.85455322265625 166.75353813171387 51.69391059875488 156.67578125 51.69391059875488
155.7546844482422 31.257091522216797 165.80205059051514 31.257091522216797 165.80205059051514 50.816951751708984 155.7546844482422 50.816951751708984
155.45947265625 30.345821380615234 165.62266540527344 30.345821380615234 165.62266540527344 49.96332550048828 155.45947265625 49.96332550048828
154.48414611816406 29.7913761138916 164.58933067321777 29.7913761138916 164.58933067321777 49.29691123962402 154.48414611816406 49.29691123962402
153.80503845214844 29.6170654296875 163.877911567688 29.6170654296875 163.877911567688 48.92464065551758 153.80503845214844 48.92464065551758
153.6937713623047 29.457284927368164 163.77231216430664 29.457284927368164 163.77231216430664 48.584022521972656 153.6937713623047 48.584022521972656
152.75485229492188 28.598217010498047 162.85285091400146 28.598217010498047 162.85285091400146 47.53717041015625 152.75485229492188 47.53717041015625
152.64572143554688 27.92791175842285 162.7992753982544 27.92791175842285 162.7992753982544 46.848501205444336 152.64572143554688 46.848501205444336
151.64894104003906 27.24190902709961 161.74419021606445 27.24190902709961 161.74419021606445 46.00588417053223 151.64894104003906 46.00588417053223
151.2552947998047 26.8978271484375 161.3302183151245 26.8978271484375 161.3302183151245 45.51730728149414 151.2552947998047 45.51730728149414
150.4255828857422 25.87618637084961 160.64368724822998 25.87618637084961 160.64368724822998 44.687950134277344 150.4255828857422 44.687950134277344
149.73976135253906 24.98233413696289 159.87685298919678 24.98233413696289 159.87685298919678 43.6197395324707 149.73976135253906 43.6197395324707
149.07357788085938 24.670743942260742 159.2144422531128 24.670743942260742 159.2144422531128 43.19460868835449 149.07357788085938 43.19460868835449
148.40773010253906 24.378337860107422 158.48847484588623 24.378337860107422 158.48847484588623 42.71416473388672 148.40773010253906 42.71416473388672
147.85855102539062 23.550567626953125 157.90108394622803 23.550567626953125 157.90108394622803 41.655723571777344 147.85855102539062 41.655723571777344
147.61904907226562 23.59105110168457 157.63954734802246 23.59105110168457 157.63954734802246 41.59067344665527 147.61904907226562 41.59067344665527
146.94261169433594 23.00226593017578 157.01908779144287 23.00226593017578 157.01908779144287 40.873186111450195 146.94261169433594 40.873186111450195
146.25978088378906 22.318035125732422 156.3615312576294 22.318035125732422 156.3615312576294 40.14518737792969 146.25978088378906 40.14518737792969
145.46958923339844 21.708126068115234 155.5355577468872 21.708126068115234 155.5355577468872 39.34706115722656 145.46958923339844 39.34706115722656
144.8072509765625 21.26163101196289 154.95898342132568 21.26163101196289 154.95898342132568 38.951059341430664 144.8072509765625 38.951059341430664
144.0875244140625 20.440176010131836 154.31084728240967 20.440176010131836 154.31084728240967 38.254350662231445 144.0875244140625 38.254350662231445
143.1558837890625 19.386043548583984 153.3777027130127 19.386043548583984 153.3777027130127 37.19759750366211 143.1558837890625 37.19759750366211
142.4725341796875 19.192285537719727 152.70370292663574 19.192285537719727 152.70370292663574 36.992523193359375 142.4725341796875 36.992523193359375
141.61647033691406 18.715835571289062 151.7432279586792 18.715835571289062 151.7432279586792 36.270668029785156 141.61647033691406 36.270668029785156
141.0355224609375 18.16664695739746 151.20252990722656 18.16664695739746 151.20252990722656 35.74095153808594 141.0355224609375 35.74095153808594
141.03445434570312 18.4774112701416 151.15908241271973 18.4774112701416 151.15908241271973 35.953067779541016 141.03445434570312 35.953067779541016
139.85047912597656 17.32130241394043 150.0201015472412 17.32130241394043 150.0201015472412 34.73080253601074 139.85047912597656 34.73080253601074
139.0909423828125 16.508594512939453 149.25024890899658 16.508594512939453 149.25024890899658 33.8569450378418 139.0909423828125 33.8569450378418
138.552490234375 15.969697952270508 148.7243013381958 15.969697952270508 148.7243013381958 33.339399337768555 138.552490234375 33.339399337768555
137.71701049804688 15.779194831848145 147.79709434509277 15.779194831848145 147.79709434509277 32.73122692108154 137.71701049804688 32.73122692108154
136.7989044189453 14.991353988647461 147.0095157623291 14.991353988647461 147.0095157623291 32.15826606750488 136.7989044189453 32.15826606750488
135.76463317871094 14.459124565124512 145.87530517578125 14.459124565124512 145.87530517578125 31.339537620544434 135.76463317871094 31.339537620544434
135.09585571289062 14.249456405639648 145.1806468963623 14.249456405639648 145.1806468963623 31.029056549072266 135.09585571289062 31.029056549072266
134.2696075439453 13.619250297546387 144.4321117401123 13.619250297546387 144.4321117401123 30.36759090423584 134.2696075439453 30.36759090423584
133.46890258789062 13.312910079956055 143.54372596740723 13.312910079956055 143.54372596740723 29.8503360748291 133.46890258789062 29.8503360748291
132.49514770507812 12.078035354614258 142.6038055419922 12.078035354614258 142.6038055419922 28.620765686035156 132.49514770507812 28.620765686035156
132.61642456054688 12.10801887512207 142.71213054656982 12.10801887512207 142.71213054656982 28.557445526123047 132.61642456054688 28.557445526123047
131.68524169921875 12.165407180786133 141.69528770446777 12.165407180786133 141.69528770446777 28.294513702392578 131.68524169921875 28.294513702392578
131.0644073486328 11.38571834564209 141.08050346374512 11.38571834564209 141.08050346374512 27.306729316711426 131.0644073486328 27.306729316711426
129.9097442626953 11.108572006225586 140.0667018890381 11.108572006225586 140.0667018890381 27.07805633544922 129.9097442626953 27.07805633544922
129.17330932617188 10.361124038696289 139.44045543670654 10.361124038696289 139.44045543670654 26.503854751586914 129.17330932617188 26.503854751586914
127.99007415771484 10.30156421661377 138.23082542419434 10.30156421661377 138.23082542419434 26.350199699401855 127.99007415771484 26.350199699401855
126.90242767333984 9.379179000854492 137.17383766174316 9.379179000854492 137.17383766174316 25.475860595703125 126.90242767333984 25.475860595703125
126.0608901977539 8.768564224243164 136.258638381958 8.768564224243164 136.258638381958 24.73166847229004 126.0608901977539 24.73166847229004
125.5221176147461 8.621981620788574 135.68170738220215 8.621981620788574 135.68170738220215 24.500285148620605 125.5221176147461 24.500285148620605
125.6966781616211 8.559396743774414 135.80039882659912 8.559396743774414 135.80039882659912 24.23565673828125 125.6966781616211 24.23565673828125
124.40625 7.754512786865234 134.46612071990967 7.754512786865234 134.46612071990967 23.242191314697266 124.40625 23.242191314697266
123.20195007324219 7.520163059234619 133.23747062683105 7.520163059234619 133.23747062683105 22.66104745864868 123.20195007324219 22.66104745864868
122.29536437988281 7.143223762512207 132.3423671722412 7.143223762512207 132.3423671722412 22.14599323272705 122.29536437988281 22.14599323272705
121.5719985961914 7.037605285644531 131.63442039489746 7.037605285644531 131.63442039489746 21.9790620803833 121.5719985961914 21.9790620803833
120.41694641113281 6.608889579772949 130.55707836151123 6.608889579772949 130.55707836151123 21.469970703125 120.41694641113281 21.469970703125
119.72608947753906 5.855587959289551 129.84667301177979 5.855587959289551 129.84667301177979 20.568827629089355 119.72608947753906 20.568827629089355
117.92149353027344 5.035634517669678 127.96402549743652 5.035634517669678 127.96402549743652 19.432240962982178 117.92149353027344 19.432240962982178
117.2005615234375 4.493277549743652 127.29983806610107 4.493277549743652 127.29983806610107 18.88591480255127 117.2005615234375 18.88591480255127
116.11213684082031 4.075135707855225 126.20491600036621 4.075135707855225 126.20491600036621 18.301588535308838 116.11213684082031 18.301588535308838
116.41410827636719 4.674582481384277 126.5435962677002 4.674582481384277 126.5435962677002 18.814139366149902 116.41410827636719 18.814139366149902
115.56876373291016 3.893343448638916 125.6961088180542 3.893343448638916 125.6961088180542 17.971848011016846 115.56876373291016 17.971848011016846
113.28853607177734 3.1021838188171387 123.41148948669434 3.1021838188171387 123.41148948669434 17.13265562057495 113.28853607177734 17.13265562057495
112.4320068359375 2.85094952583313 122.51335716247559 2.85094952583313 122.51335716247559 16.77751851081848 112.4320068359375 16.77751851081848
111.45710754394531 2.376391887664795 121.55405807495117 2.376391887664795 121.55405807495117 16.274592876434326 111.45710754394531 16.274592876434326
110.28082275390625 2.123728036880493 120.32756423950195 2.123728036880493 120.32756423950195 15.800580263137817 110.28082275390625 15.800580263137817
