199.0 108.0 216.0 108.0 216.0 153.0 199.0 153.0
198.39910888671875 108.7066650390625 215.35414123535156 108.7066650390625 215.35414123535156 153.5876350402832 198.39910888671875 153.5876350402832
197.0141143798828 112.59294128417969 214.0301456451416 112.59294128417969 214.0301456451416 157.63537979125977 197.0141143798828 157.63537979125977
195.160888671875 115.47747802734375 212.36699295043945 115.47747802734375 212.36699295043945 161.0230598449707 195.160888671875 161.0230598449707
193.54147338867188 115.89178466796875 211.1584815979004 115.89178466796875 211.1584815979004 162.52505111694336 193.54147338867188 162.52505111694336
192.14608764648438 120.27641296386719 209.79205703735352 120.27641296386719 209.79205703735352 166.98634338378906 192.14608764648438 166.98634338378906
189.75819396972656 124.80397033691406 207.6516399383545 124.80397033691406 207.6516399383545 172.1689910888672 189.75819396972656 172.1689910888672
187.24948120117188 124.1116714477539 205.30124473571777 124.1116714477539 205.30124473571777 171.89576721191406 187.24948120117188 171.89576721191406
183.1426544189453 126.6688461303711 201.33627128601074 126.6688461303711 201.33627128601074 174.82843399047852 183.1426544189453 174.82843399047852
179.92196655273438 130.22763061523438 198.04985427856445 130.22763061523438 198.04985427856445 178.21322631835938 179.92196655273438 178.21322631835938
178.37664794921875 131.2410430908203 196.68351364135742 131.2410430908203 196.68351364135742 179.70040130615234 178.37664794921875 179.70040130615234
175.64828491210938 134.15438842773438 194.1368293762207 134.15438842773438 194.1368293762207 183.09465789794922 175.64828491210938 183.09465789794922
170.65078735351562 135.19253540039062 189.4898738861084 135.19253540039062 189.4898738861084 185.06071090698242 170.65078735351562 185.06071090698242
168.49447631835938 136.166748046875 187.3811550140381 136.166748046875 187.3811550140381 186.16090774536133 168.49447631835938 186.16090774536133
164.41183471679688 137.00938415527344 183.55138778686523 137.00938415527344 183.55138778686523 187.67292022705078 164.41183471679688 187.67292022705078
159.0774383544922 138.88235473632812 178.36704635620117 138.88235473632812 178.36704635620117 189.9431037902832 159.0774383544922 189.9431037902832
156.45846557617188 139.449951171875 175.62568283081055 139.449951171875 175.62568283081055 190.18672943115234 156.45846557617188 190.18672943115234
152.33990478515625 141.6533966064453 171.82961082458496 141.6533966064453 171.82961082458496 193.24382781982422 152.33990478515625 193.24382781982422
147.788818359375 142.98892211914062 166.9990940093994 142.98892211914062 166.9990940093994 193.83968353271484 147.788818359375 193.83968353271484
144.30538940429688 144.06124877929688 164.01434326171875 144.06124877929688 164.01434326171875 196.2320442199707 144.30538940429688 196.2320442199707
141.39389038085938 143.46006774902344 161.0245018005371 143.46006774902344 161.0245018005371 195.4234848022461 141.39389038085938 195.4234848022461
138.0975799560547 144.2284698486328 157.68702697753906 144.2284698486328 157.68702697753906 196.0829200744629 138.0975799560547 196.0829200744629
134.8033447265625 146.84652709960938 154.2315273284912 146.84652709960938 154.2315273284912 198.27410125732422 134.8033447265625 198.27410125732422
132.82077026367188 146.88674926757812 152.44267082214355 146.88674926757812 152.44267082214355 198.82710647583008 132.82077026367188 198.82710647583008
133.08505249023438 145.7051544189453 152.77942657470703 145.7051544189453 152.77942657470703 197.8373565673828 133.08505249023438 197.8373565673828
132.87657165527344 145.2027130126953 152.79900741577148 145.2027130126953 152.79900741577148 197.93860626220703 132.87657165527344 197.93860626220703
133.69822692871094 144.0067901611328 153.81001663208008 144.0067901611328 153.81001663208008 197.24391174316406 133.69822692871094 197.24391174316406
137.99681091308594 144.01724243164062 158.3073215484619 144.01724243164062 158.3073215484619 197.78038787841797 137.99681091308594 197.78038787841797
143.9071502685547 145.78317260742188 164.12661361694336 145.78317260742188 164.12661361694336 199.3053092956543 143.9071502685547 199.3053092956543
145.85971069335938 145.41477966308594 166.07302474975586 145.41477966308594 166.07302474975586 198.92063903808594 145.85971069335938 198.92063903808594
148.4162139892578 145.97535705566406 168.5929889678955 145.97535705566406 168.5929889678955 199.38449478149414 148.4162139892578 199.38449478149414
155.4326934814453 144.19851684570312 175.34272575378418 144.19851684570312 175.34272575378418 196.90156936645508 155.4326934814453 196.90156936645508
162.21353149414062 143.95803833007812 181.70659065246582 143.95803833007812 181.70659065246582 195.55733489990234 162.21353149414062 195.55733489990234
165.92703247070312 143.29510498046875 185.3557014465332 143.29510498046875 185.3557014465332 194.72395706176758 165.92703247070312 194.72395706176758
171.2733612060547 139.4675750732422 191.1903533935547 139.4675750732422 191.1903533935547 192.1890525817871 171.2733612060547 192.1890525817871
179.65789794921875 139.19833374023438 199.59423828125 139.19833374023438 199.59423828125 191.97102737426758 179.65789794921875 191.97102737426758
182.11239624023438 138.66000366210938 202.0412540435791 138.66000366210938 202.0412540435791 191.41289138793945 182.11239624023438 191.41289138793945
182.84561157226562 136.43905639648438 202.48336791992188 136.43905639648438 202.48336791992188 188.42137908935547 182.84561157226562 188.42137908935547
190.32424926757812 134.6727752685547 209.72233200073242 134.6727752685547 209.72233200073242 186.0206642150879 190.32424926757812 186.0206642150879
194.70086669921875 130.91867065429688 214.14741134643555 130.91867065429688 214.14741134643555 182.39484405517578 194.70086669921875 182.39484405517578
196.70175170898438 129.3704833984375 215.84943199157715 129.3704833984375 215.84943199157715 180.05554962158203 196.70175170898438 180.05554962158203
199.6835174560547 125.27513122558594 219.14353561401367 125.27513122558594 219.14353561401367 176.78697204589844 199.6835174560547 176.78697204589844
203.5274658203125 121.97483825683594 222.98290252685547 121.97483825683594 222.98290252685547 173.47455215454102 203.5274658203125 173.47455215454102
204.32705688476562 121.00604248046875 223.73462867736816 121.00604248046875 223.73462867736816 172.3790512084961 204.32705688476562 172.3790512084961
205.5051727294922 118.22100830078125 225.12587928771973 118.22100830078125 225.12587928771973 170.15819549560547 205.5051727294922 170.15819549560547
206.5234375 114.46842956542969 226.0099983215332 114.46842956542969 226.0099983215332 166.05052185058594 206.5234375 166.05052185058594
206.95425415039062 109.3992691040039 226.52110862731934 109.3992691040039 226.52110862731934 161.19390487670898 206.95425415039062 161.19390487670898
206.1675567626953 106.8233871459961 225.8146858215332 106.8233871459961 225.8146858215332 158.83050918579102 206.1675567626953 158.83050918579102
206.03640747070312 105.15869140625 225.58596992492676 105.15869140625 225.58596992492676 156.90755081176758 206.03640747070312 156.90755081176758
203.84344482421875 102.09932708740234 223.71249771118164 102.09932708740234 223.71249771118164 154.69390106201172 203.84344482421875 154.69390106201172
202.3491973876953 99.7417984008789 222.14456748962402 99.7417984008789 222.14456748962402 152.1413345336914 202.3491973876953 152.1413345336914
198.8118438720703 100.4013671875 218.48998069763184 100.4013671875 218.48998069763184 152.49058151245117 198.8118438720703 152.49058151245117
197.24874877929688 98.04583740234375 217.17169189453125 98.04583740234375 217.17169189453125 150.7830696105957 197.24874877929688 150.7830696105957
194.34970092773438 96.22262573242188 214.35247039794922 96.22262573242188 214.35247039794922 149.17116165161133 194.34970092773438 149.17116165161133
190.8006591796875 93.96588134765625 210.86476707458496 93.96588134765625 210.86476707458496 147.0767822265625 190.8006591796875 147.0767822265625
188.31228637695312 92.25048828125 208.2516975402832 92.25048828125 208.2516975402832 145.03131103515625 188.31228637695312 145.03131103515625
185.79556274414062 89.78702545166016 205.6930103302002 89.78702545166016 205.6930103302002 142.45677185058594 185.79556274414062 142.45677185058594
184.46499633789062 86.92329406738281 204.1218776702881 86.92329406738281 204.1218776702881 138.9562530517578 184.46499633789062 138.9562530517578
181.5657958984375 84.2856216430664 201.34333992004395 84.2856216430664 201.34333992004395 136.6379852294922 181.5657958984375 136.6379852294922
179.99752807617188 82.82266998291016 199.58349227905273 82.82266998291016 199.58349227905273 134.66790771484375 179.99752807617188 134.66790771484375
177.89578247070312 80.64916229248047 197.39638900756836 80.64916229248047 197.39638900756836 132.26844787597656 177.89578247070312 132.26844787597656
176.49114990234375 77.39386749267578 196.38103485107422 77.39386749267578 196.38103485107422 130.04359817504883 176.49114990234375 130.04359817504883
175.23486328125 74.74043273925781 195.05941009521484 74.74043273925781 195.05941009521484 127.21720886230469 175.23486328125 127.21720886230469
174.5432586669922 73.74781799316406 194.53073692321777 73.74781799316406 194.53073692321777 126.65588760375977 174.5432586669922 126.65588760375977
172.4886016845703 71.02339172363281 192.15404891967773 71.02339172363281 192.15404891967773 123.07902526855469 172.4886016845703 123.07902526855469
171.1587677001953 68.26983642578125 190.8560791015625 68.26983642578125 190.8560791015625 120.4098129272461 171.1587677001953 120.4098129272461
169.29725646972656 65.95873260498047 188.76978302001953 65.95873260498047 188.76978302001953 117.50369262695312 169.29725646972656 117.50369262695312
168.35015869140625 63.8641471862793 187.83198738098145 63.8641471862793 187.83198738098145 115.4337272644043 168.35015869140625 115.4337272644043
165.60354614257812 61.51605224609375 185.1013641357422 61.51605224609375 185.1013641357422 113.12796020507812 165.60354614257812 113.12796020507812
162.609375 61.00029373168945 182.0425910949707 61.00029373168945 182.0425910949707 112.44120025634766 162.609375 112.44120025634766
161.14002990722656 59.80869674682617 179.9941749572754 59.80869674682617 179.9941749572754 109.71676635742188 161.14002990722656 109.71676635742188
156.9252471923828 58.86894607543945 175.90603637695312 58.86894607543945 175.90603637695312 109.11224746704102 156.9252471923828 109.11224746704102
154.1099395751953 55.63405227661133 173.1794776916504 55.63405227661133 173.1794776916504 106.11227035522461 154.1099395751953 106.11227035522461
151.42019653320312 55.35662841796875 170.4139060974121 55.35662841796875 170.4139060974121 105.63412475585938 151.42019653320312 105.63412475585938
148.38006591796875 52.73289108276367 167.27671432495117 52.73289108276367 167.27671432495117 102.75345230102539 148.38006591796875 102.75345230102539
146.1674346923828 50.444847106933594 164.94595909118652 50.444847106933594 164.94595909118652 100.15272521972656 146.1674346923828 100.15272521972656
142.83749389648438 50.46204376220703 161.36251640319824 50.46204376220703 161.36251640319824 99.49888610839844 142.83749389648438 99.49888610839844
139.9437713623047 48.4979133605957 158.46625328063965 48.4979133605957 158.46625328063965 97.52802658081055 139.9437713623047 97.52802658081055
137.2715606689453 47.031219482421875 155.58894729614258 47.031219482421875 155.58894729614258 95.51842880249023 137.2715606689453 95.51842880249023
135.71298217773438 47.75452423095703 153.81223487854004 47.75452423095703 153.81223487854004 95.66432189941406 135.71298217773438 95.66432189941406
133.49998474121094 44.57415771484375 151.7462863922119 44.57415771484375 151.7462863922119 92.87320327758789 133.49998474121094 92.87320327758789
131.36727905273438 40.92912292480469 149.5340805053711 40.92912292480469 149.5340805053711 89.01772689819336 131.36727905273438 89.01772689819336
129.73095703125 39.77220153808594 147.7027187347412 39.77220153808594 147.7027187347412 87.34452056884766 129.73095703125 87.34452056884766
129.67311096191406 38.40044403076172 147.7271499633789 38.40044403076172 147.7271499633789 86.19055557250977 129.67311096191406 86.19055557250977
128.13565063476562 38.224082946777344 145.95880126953125 38.224082946777344 145.95880126953125 85.40301895141602 128.13565063476562 85.40301895141602
127.9368896484375 37.008544921875 145.62309646606445 37.008544921875 145.62309646606445 83.82498550415039 127.9368896484375 83.82498550415039
128.5172576904297 35.57651138305664 145.98680114746094 35.57651138305664 145.98680114746094 81.8194351196289 128.5172576904297 81.8194351196289
129.07101440429688 35.357215881347656 146.30279922485352 35.357215881347656 146.30279922485352 80.97077178955078 129.07101440429688 80.97077178955078
130.78976440429688 34.63653564453125 147.9009609222412 34.63653564453125 147.9009609222412 79.93088912963867 130.78976440429688 79.93088912963867
131.5384521484375 33.871742248535156 148.37368965148926 33.871742248535156 148.37368965148926 78.43561553955078 131.5384521484375 78.43561553955078
132.55465698242188 33.74266815185547 149.38015747070312 33.74266815185547 149.38015747070312 78.28076171875 132.55465698242188 78.28076171875
134.14117431640625 33.084754943847656 150.97855186462402 33.084754943847656 150.97855186462402 77.65429306030273 134.14117431640625 77.65429306030273
134.47906494140625 32.55363845825195 151.23744583129883 32.55363845825195 151.23744583129883 76.9140625 134.47906494140625 76.9140625
136.64907836914062 33.22018051147461 153.22414779663086 33.22018051147461 153.22414779663086 77.09536361694336 136.64907836914062 77.09536361694336
138.76443481445312 32.646907806396484 155.15348434448242 32.646907806396484 155.15348434448242 76.02968978881836 138.76443481445312 76.02968978881836
140.13845825195312 33.182777404785156 156.45948219299316 33.182777404785156 156.45948219299316 76.38549041748047 140.13845825195312 76.38549041748047
141.36282348632812 33.085411071777344 157.45827102661133 33.085411071777344 157.45827102661133 75.69100952148438 141.36282348632812 75.69100952148438
141.97560119628906 33.676048278808594 157.49651050567627 33.676048278808594 157.49651050567627 74.76080703735352 141.97560119628906 74.76080703735352
142.68264770507812 33.529239654541016 158.3010892868042 33.529239654541016 158.3010892868042 74.87217330932617 142.68264770507812 74.87217330932617
143.1006622314453 35.750308990478516 158.5820188522339 35.750308990478516 158.5820188522339 76.73037338256836 143.1006622314453 76.73037338256836
144.72134399414062 37.69355392456055 159.93056964874268 37.69355392456055 159.93056964874268 77.9532699584961 144.72134399414062 77.9532699584961
144.75967407226562 40.59123229980469 159.8944272994995 40.59123229980469 159.8944272994995 80.65381622314453 144.75967407226562 80.65381622314453
146.07608032226562 42.356895446777344 161.10753059387207 42.356895446777344 161.10753059387207 82.14602661132812 146.07608032226562 82.14602661132812
149.1831512451172 43.64223861694336 164.12542724609375 43.64223861694336 164.12542724609375 83.1953239440918 149.1831512451172 83.1953239440918
156.02749633789062 48.94054412841797 170.97065258026123 48.94054412841797 170.97065258026123 88.49595642089844 156.02749633789062 88.49595642089844
158.53794860839844 49.62729263305664 173.42748069763184 49.62729263305664 173.42748069763184 89.04076385498047 158.53794860839844 89.04076385498047
161.32540893554688 57.717445373535156 176.2508668899536 57.717445373535156 176.2508668899536 97.22601318359375 161.32540893554688 97.22601318359375
166.71002197265625 61.38459396362305 181.6549253463745 61.38459396362305 181.6549253463745 100.94462966918945 166.71002197265625 100.94462966918945
170.08042907714844 63.72332763671875 185.097749710083 63.72332763671875 185.097749710083 103.47505569458008 170.08042907714844 103.47505569458008
174.72857666015625 67.27740478515625 189.82582092285156 67.27740478515625 189.82582092285156 107.2406997680664 174.72857666015625 107.2406997680664
180.0723419189453 74.76525115966797 195.2757625579834 74.76525115966797 195.2757625579834 115.00960159301758 180.0723419189453 115.00960159301758
186.06887817382812 79.2153091430664 201.38186359405518 79.2153091430664 201.38186359405518 119.74967956542969 186.06887817382812 119.74967956542969
189.82177734375 84.3400650024414 205.3136796951294 84.3400650024414 205.3136796951294 125.34803771972656 189.82177734375 125.34803771972656
193.81884765625 88.3637466430664 209.34860229492188 88.3637466430664 209.34860229492188 129.47192001342773 193.81884765625 129.47192001342773
199.9417724609375 96.41839599609375 215.62993621826172 96.41839599609375 215.62993621826172 137.94588470458984 199.9417724609375 137.94588470458984
200.3472900390625 100.63262939453125 215.9657440185547 100.63262939453125 215.9657440185547 141.97559356689453 200.3472900390625 141.97559356689453
204.52554321289062 105.6950454711914 220.36944389343262 105.6950454711914 220.36944389343262 147.63478469848633 204.52554321289062 147.63478469848633
209.8330535888672 113.80317687988281 225.66381645202637 113.80317687988281 225.66381645202637 155.70813751220703 209.8330535888672 155.70813751220703
212.3810272216797 117.76466369628906 228.38072204589844 117.76466369628906 228.38072204589844 160.1167984008789 212.3810272216797 160.1167984008789
213.79513549804688 123.81298828125 229.5828218460083 123.81298828125 229.5828218460083 165.60391998291016 213.79513549804688 165.60391998291016
216.2552490234375 132.73533630371094 232.29742813110352 132.73533630371094 232.29742813110352 175.19992446899414 216.2552490234375 175.19992446899414
219.5501708984375 144.6735382080078 235.5982494354248 144.6735382080078 235.5982494354248 187.15374374389648 219.5501708984375 187.15374374389648
220.04443359375 147.7271270751953 236.31124877929688 147.7271270751953 236.31124877929688 190.78633880615234 220.04443359375 190.78633880615234
220.0812530517578 151.2439727783203 236.18003845214844 151.2439727783203 236.18003845214844 193.85839462280273 220.0812530517578 193.85839462280273
220.02755737304688 162.7787322998047 236.3942050933838 162.7787322998047 236.3942050933838 206.10219955444336 220.02755737304688 206.10219955444336
220.0462646484375 164.68319702148438 236.75754356384277 164.68319702148438 236.75754356384277 208.9189224243164 220.0462646484375 208.9189224243164
218.60354614257812 173.73135375976562 235.37427711486816 173.73135375976562 235.37427711486816 218.12445068359375 218.60354614257812 218.12445068359375
215.08544921875 179.2725067138672 231.7320613861084 179.2725067138672 231.7320613861084 223.33705139160156 215.08544921875 223.33705139160156
209.2722930908203 184.5518341064453 226.26550102233887 184.5518341064453 226.26550102233887 229.53384017944336 209.2722930908203 229.53384017944336
205.78921508789062 188.84298706054688 222.9329891204834 188.84298706054688 222.9329891204834 234.22354888916016 205.78921508789062 234.22354888916016
196.9818572998047 192.10914611816406 214.0205020904541 192.10914611816406 214.0205020904541 237.21142196655273 196.9818572998047 237.21142196655273
190.34719848632812 197.69967651367188 207.34148788452148 197.69967651367188 207.34148788452148 242.68453979492188 190.34719848632812 242.68453979492188
186.6097412109375 200.4578399658203 203.98949813842773 200.4578399658203 203.98949813842773 246.46305465698242 186.6097412109375 246.46305465698242
174.39071655273438 199.8912353515625 192.14206504821777 199.8912353515625 192.14206504821777 246.88007354736328 174.39071655273438 246.88007354736328
165.81129455566406 198.24807739257812 183.60892295837402 198.24807739257812 183.60892295837402 245.35942459106445 165.81129455566406 245.35942459106445
162.67604064941406 196.57594299316406 180.43760108947754 196.57594299316406 180.43760108947754 243.59181213378906 162.67604064941406 243.59181213378906
152.8837432861328 198.56906127929688 170.78408241271973 198.56906127929688 170.78408241271973 245.95228576660156 152.8837432861328 245.95228576660156
147.259765625 195.09698486328125 165.57380867004395 195.09698486328125 165.57380867004395 243.5753059387207 147.259765625 243.5753059387207
145.3074493408203 192.5598907470703 163.65398788452148 192.5598907470703 163.65398788452148 241.12422943115234 145.3074493408203 241.12422943115234
136.73324584960938 189.11277770996094 155.26765060424805 189.11277770996094 155.26765060424805 238.1744155883789 136.73324584960938 238.1744155883789
131.4335479736328 188.65322875976562 149.96969032287598 188.65322875976562 149.96969032287598 237.71946716308594 131.4335479736328 237.71946716308594
127.536865234375 184.32693481445312 146.09979629516602 184.32693481445312 146.09979629516602 233.4640884399414 127.536865234375 233.4640884399414
126.29167175292969 181.11083984375 145.14532661437988 181.11083984375 145.14532661437988 231.0175552368164 126.29167175292969 231.0175552368164
123.94612884521484 176.78009033203125 143.08621406555176 176.78009033203125 143.08621406555176 227.44499969482422 123.94612884521484 227.44499969482422
122.1167984008789 171.92880249023438 141.45245170593262 171.92880249023438 141.45245170593262 223.11139678955078 122.1167984008789 223.11139678955078
121.84318542480469 169.00265502929688 141.10873985290527 169.00265502929688 141.10873985290527 219.99969482421875 121.84318542480469 219.99969482421875
121.1031494140625 163.0502166748047 140.4965934753418 163.0502166748047 140.4965934753418 214.38579559326172 121.1031494140625 214.38579559326172
120.70945739746094 158.79208374023438 140.21170616149902 158.79208374023438 140.21170616149902 210.4156723022461 120.70945739746094 210.4156723022461
120.56007385253906 155.0042266845703 140.24924087524414 155.0042266845703 140.24924087524414 207.12259674072266 120.56007385253906 207.12259674072266
120.5145263671875 152.037109375 140.38525772094727 152.037109375 140.38525772094727 204.6360855102539 120.5145263671875 204.6360855102539
120.88267517089844 146.94058227539062 141.06937980651855 146.94058227539062 141.06937980651855 200.37595748901367 120.88267517089844 200.37595748901367
121.04486083984375 141.6636962890625 141.67583847045898 141.6636962890625 141.67583847045898 196.27508544921875 121.04486083984375 196.27508544921875
120.56295013427734 139.2255096435547 140.83098030090332 139.2255096435547 140.83098030090332 192.87615585327148 120.56295013427734 192.87615585327148
119.82249450683594 137.08203125 140.01387786865234 137.08203125 140.01387786865234 190.52978515625 119.82249450683594 190.52978515625
119.0336685180664 133.8002471923828 139.19258880615234 133.8002471923828 139.19258880615234 187.16207122802734 119.0336685180664 187.16207122802734
118.36430358886719 131.36268615722656 138.40459060668945 131.36268615722656 138.40459060668945 184.41048431396484 118.36430358886719 184.41048431396484
118.55423736572266 124.64140319824219 138.81115913391113 124.64140319824219 138.81115913391113 178.26264190673828 118.55423736572266 178.26264190673828
117.43696594238281 122.07609558105469 137.6676368713379 122.07609558105469 137.6676368713379 175.62784576416016 117.43696594238281 175.62784576416016
116.78816223144531 118.30289459228516 136.8758544921875 118.30289459228516 136.8758544921875 171.4761734008789 116.78816223144531 171.4761734008789
116.415283203125 115.184326171875 136.50492095947266 115.184326171875 136.50492095947266 168.36275482177734 116.415283203125 168.36275482177734
115.9699478149414 113.14955139160156 136.36112785339355 113.14955139160156 136.36112785339355 167.1261749267578 115.9699478149414 167.1261749267578
115.90409088134766 108.3890151977539 136.19872093200684 108.3890151977539 136.19872093200684 162.1100730895996 115.90409088134766 162.1100730895996
114.95423889160156 106.57502746582031 135.11590766906738 106.57502746582031 135.11590766906738 159.94412994384766 114.95423889160156 159.94412994384766
116.08304595947266 103.78973388671875 136.10977172851562 103.78973388671875 136.10977172851562 156.8016357421875 116.08304595947266 156.8016357421875
115.70137786865234 101.97035217285156 135.56211280822754 101.97035217285156 135.56211280822754 154.5428695678711 115.70137786865234 154.5428695678711
116.238525390625 99.42888641357422 136.23638343811035 99.42888641357422 136.23638343811035 152.3643798828125 116.238525390625 152.3643798828125
116.17280578613281 97.99434661865234 136.2884693145752 97.99434661865234 136.2884693145752 151.24167251586914 116.17280578613281 151.24167251586914
118.6910171508789 94.5337905883789 138.93293571472168 94.5337905883789 138.93293571472168 148.1153221130371 118.6910171508789 148.1153221130371
119.91204833984375 92.8674087524414 140.02979469299316 92.8674087524414 140.02979469299316 146.12024688720703 119.91204833984375 146.12024688720703
121.18441009521484 89.59099578857422 141.43611335754395 89.59099578857422 141.43611335754395 143.19842910766602 121.18441009521484 143.19842910766602
122.9478988647461 87.74671936035156 143.10228538513184 87.74671936035156 143.10228538513184 141.09655380249023 122.9478988647461 141.09655380249023
123.85218811035156 86.65751647949219 143.79540252685547 86.65751647949219 143.79540252685547 139.44836044311523 123.85218811035156 139.44836044311523
124.29484558105469 84.25881958007812 144.17966842651367 84.25881958007812 144.17966842651367 136.89509963989258 124.29484558105469 136.89509963989258
125.32575988769531 83.02731323242188 145.16762161254883 83.02731323242188 145.16762161254883 135.54987335205078 125.32575988769531 135.54987335205078
126.2137680053711 81.38053131103516 146.10754203796387 81.38053131103516 146.10754203796387 134.0405044555664 126.2137680053711 134.0405044555664
126.50721740722656 80.4791488647461 146.8171901702881 80.4791488647461 146.8171901702881 134.24082565307617 126.50721740722656 134.24082565307617
126.37738037109375 79.41251373291016 146.59435081481934 79.41251373291016 146.59435081481934 132.92800903320312 126.37738037109375 132.92800903320312
128.08706665039062 80.96797943115234 147.93174743652344 80.96797943115234 147.93174743652344 133.4980010986328 128.08706665039062 133.4980010986328
129.26602172851562 80.42411041259766 148.85225296020508 80.42411041259766 148.85225296020508 132.2699966430664 129.26602172851562 132.2699966430664
131.65603637695312 81.26783752441406 151.210054397583 81.26783752441406 151.210054397583 133.02845001220703 131.65603637695312 133.02845001220703
131.61471557617188 80.3050308227539 150.9758186340332 80.3050308227539 150.9758186340332 131.55498123168945 131.61471557617188 131.55498123168945
132.05764770507812 79.94334411621094 151.24792861938477 79.94334411621094 151.24792861938477 130.7411231994629 132.05764770507812 130.7411231994629
132.18698120117188 65.32078552246094 151.59850692749023 65.32078552246094 151.59850692749023 116.70421600341797 132.18698120117188 116.70421600341797
132.276611328125 65.21553039550781 151.87668800354004 65.21553039550781 151.87668800354004 117.09806823730469 132.276611328125 117.09806823730469
133.78106689453125 78.76154327392578 153.58266258239746 78.76154327392578 153.58266258239746 131.17751693725586 133.78106689453125 131.17751693725586
133.0066375732422 85.20918273925781 152.99310111999512 85.20918273925781 152.99310111999512 138.11451721191406 133.0066375732422 138.11451721191406
131.21347045898438 88.22032165527344 151.12272262573242 88.22032165527344 151.12272262573242 140.92127227783203 131.21347045898438 140.92127227783203
131.2209930419922 90.84029388427734 151.33610153198242 90.84029388427734 151.33610153198242 144.08616256713867 131.2209930419922 144.08616256713867
131.1313018798828 92.81919860839844 151.35916709899902 92.81919860839844 151.35916709899902 146.3635482788086 131.1313018798828 146.3635482788086
132.19863891601562 93.45191955566406 152.64639282226562 93.45191955566406 152.64639282226562 147.5783233642578 132.19863891601562 147.5783233642578
134.72494506835938 93.64559936523438 154.9776725769043 93.64559936523438 154.9776725769043 147.25575637817383 134.72494506835938 147.25575637817383
136.29954528808594 93.64070129394531 156.56904983520508 93.64070129394531 156.56904983520508 147.29527282714844 136.29954528808594 147.29527282714844
136.95806884765625 95.21053314208984 156.91783714294434 95.21053314208984 156.91783714294434 148.0452117919922 136.95806884765625 148.0452117919922
136.8529052734375 95.83332824707031 156.55102348327637 95.83332824707031 156.55102348327637 147.97539901733398 136.8529052734375 147.97539901733398
136.65463256835938 96.14967346191406 156.33896446228027 96.14967346191406 156.33896446228027 148.25525283813477 136.65463256835938 148.25525283813477
136.9430389404297 96.58111572265625 156.4718837738037 96.58111572265625 156.4718837738037 148.27511596679688 136.9430389404297 148.27511596679688
136.97528076171875 98.49394226074219 156.56808280944824 98.49394226074219 156.56808280944824 150.35724258422852 136.97528076171875 150.35724258422852
135.36651611328125 99.08295440673828 154.80877113342285 99.08295440673828 154.80877113342285 150.54774856567383 135.36651611328125 150.54774856567383
135.0071563720703 100.17131042480469 154.3916721343994 100.17131042480469 154.3916721343994 151.48326873779297 135.0071563720703 151.48326873779297
131.43411254882812 101.03900146484375 150.90062713623047 101.03900146484375 150.90062713623047 152.56801223754883 131.43411254882812 152.56801223754883
126.0849609375 104.2378921508789 145.87390518188477 104.2378921508789 145.87390518188477 156.62039184570312 126.0849609375 156.62039184570312
123.7001953125 104.32954406738281 143.4265537261963 104.32954406738281 143.4265537261963 156.54637908935547 123.7001953125 156.54637908935547
120.9468002319336 104.62028503417969 140.6462287902832 104.62028503417969 140.6462287902832 156.76584243774414 120.9468002319336 156.76584243774414
118.17524719238281 101.78636169433594 137.6547622680664 101.78636169433594 137.6547622680664 153.34979629516602 118.17524719238281 153.34979629516602
118.78450775146484 101.81652069091797 138.03089141845703 101.81652069091797 138.03089141845703 152.7628402709961 118.78450775146484 152.7628402709961
115.92279052734375 100.80296325683594 135.30011367797852 100.80296325683594 135.30011367797852 152.09589004516602 115.92279052734375 152.09589004516602
113.7381362915039 100.74021911621094 132.9037971496582 100.74021911621094 132.9037971496582 151.47286224365234 113.7381362915039 151.47286224365234
112.7785415649414 101.0887222290039 132.24216842651367 101.0887222290039 132.24216842651367 152.6100959777832 112.7785415649414 152.6100959777832
113.49564361572266 101.21422576904297 132.93188095092773 101.21422576904297 132.93188095092773 152.66308975219727 113.49564361572266 152.66308975219727
111.82865905761719 100.74397277832031 131.5046730041504 100.74397277832031 131.5046730041504 152.82754135131836 111.82865905761719 152.82754135131836
110.4256591796875 99.62654876708984 130.3321418762207 99.62654876708984 130.3321418762207 152.32017517089844 110.4256591796875 152.32017517089844
108.767333984375 98.79264068603516 128.36021995544434 98.79264068603516 128.36021995544434 150.65615844726562 108.767333984375 150.65615844726562
108.3446273803711 97.78430938720703 127.85828971862793 97.78430938720703 127.85828971862793 149.43811798095703 108.3446273803711 149.43811798095703
108.21894836425781 94.26722717285156 128.01395225524902 94.26722717285156 128.01395225524902 146.66576766967773 108.21894836425781 146.66576766967773
108.60296630859375 93.9495849609375 128.41278076171875 93.9495849609375 128.41278076171875 146.3873291015625 108.60296630859375 146.3873291015625
108.2098617553711 91.86901092529297 128.048433303833 91.86901092529297 128.048433303833 144.38287734985352 108.2098617553711 144.38287734985352
109.3933334350586 88.23249053955078 129.03506088256836 88.23249053955078 129.03506088256836 140.22529983520508 109.3933334350586 140.22529983520508
109.443359375 86.91294860839844 128.81341743469238 86.91294860839844 128.81341743469238 138.18663024902344 109.443359375 138.18663024902344
109.97403717041016 84.03112030029297 129.48391723632812 84.03112030029297 129.48391723632812 135.67491912841797 109.97403717041016 135.67491912841797
