26.0 7.0 48.0 7.0 48.0 22.0 26.0 22.0
26.86282730102539 7.186501502990723 48.799991607666016 7.186501502990723 48.799991607666016 22.14366054534912 26.86282730102539 22.14366054534912
26.71160888671875 7.588653564453125 48.73598098754883 7.588653564453125 48.73598098754883 22.605273246765137 26.71160888671875 22.605273246765137
27.613056182861328 7.759866237640381 49.69147872924805 7.759866237640381 49.69147872924805 22.81333875656128 27.613056182861328 22.81333875656128
27.870752334594727 8.232542991638184 50.26366996765137 8.232542991638184 50.26366996765137 23.50044345855713 27.870752334594727 23.50044345855713
27.99981689453125 9.351387023925781 50.624773025512695 9.351387023925781 50.624773025512695 24.777494430541992 27.99981689453125 24.777494430541992
28.662811279296875 10.235199928283691 51.16043281555176 10.235199928283691 51.16043281555176 25.574488639831543 28.662811279296875 25.574488639831543
29.202280044555664 10.78837776184082 51.57357406616211 10.78837776184082 51.57357406616211 26.041534423828125 29.202280044555664 26.041534423828125
29.653125762939453 11.983438491821289 52.180192947387695 11.983438491821289 52.180192947387695 27.342803955078125 29.653125762939453 27.342803955078125
30.503808975219727 12.644584655761719 52.967763900756836 12.644584655761719 52.967763900756836 27.96091938018799 30.503808975219727 27.96091938018799
31.722454071044922 13.471443176269531 53.94159507751465 13.471443176269531 53.94159507751465 28.620859146118164 31.722454071044922 28.620859146118164
31.181350708007812 14.461377143859863 53.44297790527344 14.461377143859863 53.44297790527344 29.639761924743652 31.181350708007812 29.639761924743652
32.368507385253906 15.175163269042969 54.67654228210449 15.175163269042969 54.67654228210449 30.3851900100708 32.368507385253906 30.3851900100708
33.79512405395508 15.416061401367188 56.29544258117676 15.416061401367188 56.29544258117676 30.757189750671387 33.79512405395508 30.757189750671387
34.9678955078125 16.922801971435547 57.46206474304199 16.922801971435547 57.46206474304199 32.25973892211914 34.9678955078125 32.25973892211914
34.99015808105469 17.247638702392578 57.64881134033203 17.247638702392578 57.64881134033203 32.6967248916626 34.99015808105469 32.6967248916626
36.038291931152344 17.60892105102539 58.7378044128418 17.60892105102539 58.7378044128418 33.08586502075195 36.038291931152344 33.08586502075195
35.995262145996094 18.1406192779541 58.65252685546875 18.1406192779541 58.65252685546875 33.58875751495361 35.995262145996094 33.58875751495361
37.0074577331543 19.71319580078125 59.83517074584961 19.71319580078125 59.83517074584961 35.277549743652344 37.0074577331543 35.277549743652344
37.56604766845703 20.12029266357422 60.553829193115234 20.12029266357422 60.553829193115234 35.793785095214844 37.56604766845703 35.793785095214844
38.323707580566406 21.022125244140625 61.64984893798828 21.022125244140625 61.64984893798828 36.92631721496582 38.323707580566406 36.92631721496582
39.56316375732422 21.720378875732422 62.73185920715332 21.720378875732422 62.73185920715332 37.51722049713135 39.56316375732422 37.51722049713135
39.134063720703125 22.536514282226562 62.530086517333984 22.536514282226562 62.530086517333984 38.48835277557373 39.134063720703125 38.48835277557373
40.718467712402344 23.69733428955078 64.19769287109375 23.69733428955078 64.19769287109375 39.705902099609375 40.718467712402344 39.705902099609375
41.6474494934082 24.064228057861328 65.08046913146973 24.064228057861328 65.08046913146973 40.04129219055176 41.6474494934082 40.04129219055176
42.11461639404297 25.263721466064453 65.6439094543457 25.263721466064453 65.6439094543457 41.306427001953125 42.11461639404297 41.306427001953125
43.42522048950195 25.96293067932129 66.90848159790039 25.96293067932129 66.90848159790039 41.97425079345703 43.42522048950195 41.97425079345703
44.9136962890625 26.6422119140625 68.53862380981445 26.6422119140625 68.53862380981445 42.75012397766113 44.9136962890625 42.75012397766113
44.24760055541992 27.56903648376465 67.95165252685547 27.56903648376465 67.95165252685547 43.73089790344238 44.24760055541992 43.73089790344238
46.306556701660156 28.730342864990234 69.84057426452637 28.730342864990234 69.84057426452637 44.77627182006836 46.306556701660156 44.77627182006836
46.2315788269043 29.70364761352539 69.66968536376953 29.70364761352539 69.66968536376953 45.68418312072754 46.2315788269043 45.68418312072754
46.19672775268555 30.49676513671875 69.24466896057129 30.49676513671875 69.24466896057129 46.21127891540527 46.19672775268555 46.21127891540527
48.161312103271484 31.831512451171875 71.88686180114746 31.831512451171875 71.88686180114746 48.00803184509277 48.161312103271484 48.00803184509277
49.1369743347168 32.59207534790039 73.18096923828125 32.59207534790039 73.18096923828125 48.9857177734375 49.1369743347168 48.9857177734375
50.277801513671875 33.35492706298828 74.32316207885742 33.35492706298828 74.32316207885742 49.7495002746582 50.277801513671875 49.7495002746582
51.109764099121094 34.910560607910156 75.14461135864258 34.910560607910156 75.14461135864258 51.29796600341797 51.109764099121094 51.29796600341797
51.69895553588867 35.47697830200195 76.34141159057617 35.47697830200195 76.34141159057617 52.278663635253906 51.69895553588867 52.278663635253906
52.2554817199707 36.802337646484375 77.33379364013672 36.802337646484375 77.33379364013672 53.90119934082031 52.2554817199707 53.90119934082031
54.51917266845703 37.94594955444336 79.63471794128418 37.94594955444336 79.63471794128418 55.07019805908203 54.51917266845703 55.07019805908203
54.854034423828125 38.56532669067383 80.44407653808594 38.56532669067383 80.44407653808594 56.01309585571289 54.854034423828125 56.01309585571289
55.829071044921875 39.38390350341797 81.95949935913086 39.38390350341797 81.95949935913086 57.20012092590332 55.829071044921875 57.20012092590332
57.51416015625 41.05979919433594 83.89421081542969 41.05979919433594 83.89421081542969 59.046213150024414 57.51416015625 59.046213150024414
58.677467346191406 42.2700309753418 84.85325813293457 42.2700309753418 84.85325813293457 60.117177963256836 58.677467346191406 60.117177963256836
59.730003356933594 43.0384407043457 85.68679618835449 43.0384407043457 85.68679618835449 60.736270904541016 59.730003356933594 60.736270904541016
60.9924201965332 45.27548599243164 87.0114688873291 45.27548599243164 87.0114688873291 63.01576232910156 60.9924201965332 63.01576232910156
61.8857307434082 45.77643585205078 88.16357803344727 45.77643585205078 88.16357803344727 63.693166732788086 61.8857307434082 63.693166732788086
63.770668029785156 48.09816360473633 90.46463775634766 48.09816360473633 90.46463775634766 66.29861450195312 63.770668029785156 66.29861450195312
64.76808166503906 48.834144592285156 91.68179893493652 48.834144592285156 91.68179893493652 67.18442344665527 64.76808166503906 67.18442344665527
65.91300964355469 50.1406135559082 92.95083618164062 50.1406135559082 92.95083618164062 68.57551193237305 65.91300964355469 68.57551193237305
67.45726013183594 51.44207763671875 94.0436897277832 51.44207763671875 94.0436897277832 69.56920623779297 67.45726013183594 69.56920623779297
69.95027923583984 53.61189651489258 96.14730072021484 53.61189651489258 96.14730072021484 71.47351837158203 69.95027923583984 71.47351837158203
70.35676574707031 54.70900344848633 96.64930152893066 54.70900344848633 96.64930152893066 72.63574981689453 70.35676574707031 72.63574981689453
71.98890686035156 56.48350143432617 98.27050399780273 56.48350143432617 98.27050399780273 74.40279006958008 71.98890686035156 74.40279006958008
74.11546325683594 58.2755241394043 100.45548439025879 58.2755241394043 100.45548439025879 76.23464775085449 74.11546325683594 76.23464775085449
75.35091400146484 59.4401969909668 101.97711372375488 59.4401969909668 101.97711372375488 77.59444236755371 75.35091400146484 77.59444236755371
77.2655029296875 60.858726501464844 104.22832298278809 60.858726501464844 104.22832298278809 79.24248695373535 77.2655029296875 79.24248695373535
78.5411605834961 63.0954475402832 105.66067886352539 63.0954475402832 105.66067886352539 81.5860481262207 78.5411605834961 81.5860481262207
80.07615661621094 64.31908416748047 107.34943771362305 64.31908416748047 107.34943771362305 82.91452407836914 80.07615661621094 82.91452407836914
82.77313232421875 67.5796890258789 110.22503089904785 67.5796890258789 110.22503089904785 86.29691314697266 82.77313232421875 86.29691314697266
84.84039306640625 68.2421646118164 112.58577919006348 68.2421646118164 112.58577919006348 87.15949440002441 84.84039306640625 87.15949440002441
86.08992004394531 70.25050354003906 113.3771858215332 70.25050354003906 113.3771858215332 88.85547828674316 86.08992004394531 88.85547828674316
87.34932708740234 72.23563385009766 114.69402313232422 72.23563385009766 114.69402313232422 90.87976455688477 87.34932708740234 90.87976455688477
90.3631820678711 73.94051361083984 117.70893669128418 73.94051361083984 117.70893669128418 92.58536529541016 90.3631820678711 92.58536529541016
92.25733947753906 76.26556396484375 119.13250350952148 76.26556396484375 119.13250350952148 94.58955764770508 92.25733947753906 94.58955764770508
93.98797607421875 77.94096374511719 120.94537734985352 77.94096374511719 120.94537734985352 96.3210277557373 93.98797607421875 96.3210277557373
97.21121215820312 80.32763671875 124.38248825073242 80.32763671875 124.38248825073242 98.85352516174316 97.21121215820312 98.85352516174316
99.46893310546875 81.77082061767578 127.0793342590332 81.77082061767578 127.0793342590332 100.59611129760742 99.46893310546875 100.59611129760742
102.61100769042969 85.2518539428711 130.53687477111816 85.2518539428711 130.53687477111816 104.29223442077637 102.61100769042969 104.29223442077637
104.97855377197266 87.28271484375 132.90647506713867 87.28271484375 132.90647506713867 106.32449531555176 104.97855377197266 106.32449531555176
107.2215576171875 89.02265930175781 135.4964141845703 89.02265930175781 135.4964141845703 108.30098533630371 107.2215576171875 108.30098533630371
109.5792236328125 91.41009521484375 138.3193359375 91.41009521484375 138.3193359375 111.00564002990723 109.5792236328125 111.00564002990723
111.15155029296875 94.17254638671875 140.3046875 94.17254638671875 140.3046875 114.04970169067383 111.15155029296875 114.04970169067383
113.1454849243164 95.40184020996094 142.49760818481445 95.40184020996094 142.49760818481445 115.4146671295166 113.1454849243164 115.4146671295166
117.98177337646484 98.63646697998047 147.75992965698242 98.63646697998047 147.75992965698242 118.93976974487305 117.98177337646484 118.93976974487305
115.8197021484375 100.99955749511719 146.3126983642578 100.99955749511719 146.3126983642578 121.79025268554688 115.8197021484375 121.79025268554688
118.6400375366211 102.67720794677734 148.72305488586426 102.67720794677734 148.72305488586426 123.1883716583252 118.6400375366211 123.1883716583252
122.33137512207031 106.7237777709961 152.47441482543945 106.7237777709961 152.47441482543945 127.2758674621582 122.33137512207031 127.2758674621582
128.7824249267578 111.9761962890625 158.5171661376953 111.9761962890625 158.5171661376953 132.2499008178711 128.7824249267578 132.2499008178711
129.0354461669922 112.90376281738281 159.63002967834473 112.90376281738281 159.63002967834473 133.7637233734131 129.0354461669922 133.7637233734131
130.31494140625 114.66606140136719 161.0257053375244 114.66606140136719 161.0257053375244 135.6052360534668 130.31494140625 135.6052360534668
133.05209350585938 117.65738677978516 164.0723533630371 117.65738677978516 164.0723533630371 138.8075828552246 133.05209350585938 138.8075828552246
136.66648864746094 121.5900650024414 167.84497451782227 121.5900650024414 167.84497451782227 142.84814262390137 136.66648864746094 142.84814262390137
138.73605346679688 123.23503112792969 170.86891555786133 123.23503112792969 170.86891555786133 145.14381790161133 138.73605346679688 145.14381790161133
144.83282470703125 125.0245590209961 176.98495483398438 125.0245590209961 176.98495483398438 146.94648361206055 144.83282470703125 146.94648361206055
148.38461303710938 126.7720947265625 180.4590835571289 126.7720947265625 180.4590835571289 148.64107131958008 148.38461303710938 148.64107131958008
152.4415283203125 130.62667846679688 184.39087295532227 130.62667846679688 184.39087295532227 152.41034317016602 152.4415283203125 152.41034317016602
162.033447265625 138.79281616210938 194.46842193603516 138.79281616210938 194.46842193603516 160.9075927734375 162.033447265625 160.9075927734375
164.07723999023438 139.25094604492188 195.81357192993164 139.25094604492188 195.81357192993164 160.8893756866455 164.07723999023438 160.8893756866455
169.68392944335938 142.91957092285156 201.0740623474121 142.91957092285156 201.0740623474121 164.32195472717285 169.68392944335938 164.32195472717285
172.39260864257812 147.7858428955078 204.58959197998047 147.7858428955078 204.58959197998047 169.73835372924805 172.39260864257812 169.73835372924805
174.77268981933594 153.6078643798828 206.69176292419434 153.6078643798828 206.69176292419434 175.37089157104492 174.77268981933594 175.37089157104492
182.2037811279297 155.43446350097656 214.16949462890625 155.43446350097656 214.16949462890625 177.22929000854492 182.2037811279297 177.22929000854492
191.7353515625 160.6003875732422 223.54863929748535 160.6003875732422 223.54863929748535 182.29128646850586 191.7353515625 182.29128646850586
194.6520233154297 163.3096466064453 226.2038974761963 163.3096466064453 226.2038974761963 184.82230758666992 194.6520233154297 184.82230758666992
199.8780517578125 165.2838134765625 231.21535873413086 165.2838134765625 231.21535873413086 186.6501808166504 199.8780517578125 186.6501808166504
184.97311401367188 161.06466674804688 216.47831344604492 161.06466674804688 216.47831344604492 182.54550552368164 184.97311401367188 182.54550552368164
202.00991821289062 177.1285400390625 234.0146255493164 177.1285400390625 234.0146255493164 198.94994926452637 202.00991821289062 198.94994926452637
214.31613159179688 184.25244140625 245.88714218139648 184.25244140625 245.88714218139648 205.77815055847168 214.31613159179688 205.77815055847168
218.8773651123047 189.09133911132812 249.73444747924805 189.09133911132812 249.73444747924805 210.13027954101562 218.8773651123047 210.13027954101562
226.1160430908203 196.93936157226562 256.77269554138184 196.93936157226562 256.77269554138184 217.84164428710938 226.1160430908203 217.84164428710938
231.4429931640625 202.46925354003906 262.2215766906738 202.46925354003906 262.2215766906738 223.45467376708984 231.4429931640625 223.45467376708984
240.5527801513672 209.8035125732422 271.6520690917969 209.8035125732422 271.6520690917969 231.00759506225586 240.5527801513672 231.00759506225586
243.0932159423828 217.5383758544922 274.79920959472656 217.5383758544922 274.79920959472656 239.15612411499023 243.0932159423828 239.15612411499023
248.8623046875 219.1991729736328 280.53005027770996 219.1991729736328 280.53005027770996 240.79084396362305 248.8623046875 240.79084396362305
247.9053192138672 233.8675079345703 279.9221420288086 233.8675079345703 279.9221420288086 255.69718551635742 247.9053192138672 255.69718551635742
244.973876953125 237.0365447998047 276.54417419433594 237.0365447998047 276.54417419433594 258.5617733001709 244.973876953125 258.5617733001709
248.7962188720703 239.16226196289062 280.13806533813477 239.16226196289062 280.13806533813477 260.53172874450684 248.7962188720703 260.53172874450684
259.4682922363281 249.4714813232422 290.2197608947754 249.4714813232422 290.2197608947754 270.438419342041 259.4682922363281 270.438419342041
266.52801513671875 254.76461791992188 297.12127685546875 254.76461791992188 297.12127685546875 275.6236877441406 266.52801513671875 275.6236877441406
275.37615966796875 257.36151123046875 305.9794864654541 257.36151123046875 305.9794864654541 278.22744369506836 275.37615966796875 278.22744369506836
290.0634460449219 255.85531616210938 320.5491542816162 255.85531616210938 320.5491542816162 276.6410541534424 290.0634460449219 276.6410541534424
299.9755859375 266.24798583984375 330.411828994751 266.24798583984375 330.411828994751 286.99999618530273 299.9755859375 286.99999618530273
303.9314880371094 267.1454772949219 333.0514030456543 267.1454772949219 333.0514030456543 286.9999885559082 303.9314880371094 286.9999885559082
289.7157897949219 267.71527099609375 318.0000057220459 267.71527099609375 318.0000057220459 286.9999885559082 289.7157897949219 286.9999885559082
