211.0 142.0 229.0 142.0 229.0 187.0 211.0 187.0
208.656005859375 142.06005859375 226.71684455871582 142.06005859375 226.71684455871582 187.21215057373047 208.656005859375 187.21215057373047
206.72470092773438 141.38221740722656 225.05483627319336 141.38221740722656 225.05483627319336 187.2075538635254 206.72470092773438 187.2075538635254
204.17562866210938 140.26950073242188 222.26425170898438 140.26950073242188 222.26425170898438 185.49105072021484 204.17562866210938 185.49105072021484
202.58627319335938 140.97616577148438 220.86303329467773 140.97616577148438 220.86303329467773 186.6680564880371 202.58627319335938 186.6680564880371
199.6752166748047 139.3795166015625 218.28352165222168 139.3795166015625 218.28352165222168 185.9002685546875 199.6752166748047 185.9002685546875
197.13121032714844 139.46502685546875 215.3267650604248 139.46502685546875 215.3267650604248 184.9539031982422 197.13121032714844 184.9539031982422
195.33047485351562 138.60617065429688 213.23439407348633 138.60617065429688 213.23439407348633 183.36595916748047 195.33047485351562 183.36595916748047
193.05398559570312 137.6785125732422 210.95211219787598 137.6785125732422 210.95211219787598 182.42382049560547 193.05398559570312 182.42382049560547
190.8960418701172 136.12368774414062 208.8779182434082 136.12368774414062 208.8779182434082 181.078369140625 190.8960418701172 181.078369140625
189.6015167236328 134.63304138183594 207.66033172607422 134.63304138183594 207.66033172607422 179.78006744384766 189.6015167236328 179.78006744384766
188.08627319335938 133.94886779785156 206.18976974487305 133.94886779785156 206.18976974487305 179.20759201049805 188.08627319335938 179.20759201049805
187.40313720703125 132.36700439453125 205.6317901611328 132.36700439453125 205.6317901611328 177.9386215209961 187.40313720703125 177.9386215209961
186.1660614013672 131.06468200683594 204.3394069671631 131.06468200683594 204.3394069671631 176.49803924560547 186.1660614013672 176.49803924560547
185.15245056152344 129.6019287109375 203.6877098083496 129.6019287109375 203.6877098083496 175.94007110595703 185.15245056152344 175.94007110595703
185.0408172607422 129.08074951171875 203.28811836242676 129.08074951171875 203.28811836242676 174.6989974975586 185.0408172607422 174.6989974975586
183.3107452392578 127.3560791015625 201.7028045654297 127.3560791015625 201.7028045654297 173.33623123168945 183.3107452392578 173.33623123168945
181.97903442382812 126.4439926147461 200.5239963531494 126.4439926147461 200.5239963531494 172.80640029907227 181.97903442382812 172.80640029907227
183.32791137695312 125.9642105102539 202.0211067199707 125.9642105102539 202.0211067199707 172.69720077514648 183.32791137695312 172.69720077514648
181.10018920898438 124.70094299316406 199.49270629882812 124.70094299316406 199.49270629882812 170.6822395324707 181.10018920898438 170.6822395324707
178.37359619140625 123.2951889038086 197.0108699798584 123.2951889038086 197.0108699798584 169.88837051391602 178.37359619140625 169.88837051391602
176.11447143554688 120.8185043334961 194.98123931884766 120.8185043334961 194.98123931884766 167.98541641235352 176.11447143554688 167.98541641235352
173.99935913085938 119.0806655883789 192.70796966552734 119.0806655883789 192.70796966552734 165.8521842956543 173.99935913085938 165.8521842956543
171.84530639648438 118.08409118652344 190.46762084960938 118.08409118652344 190.46762084960938 164.6398696899414 171.84530639648438 164.6398696899414
171.7060089111328 117.7886734008789 190.45191192626953 117.7886734008789 190.45191192626953 164.65342330932617 171.7060089111328 164.65342330932617
169.50860595703125 117.52734375 188.287691116333 117.52734375 188.287691116333 164.47504806518555 169.50860595703125 164.47504806518555
167.5084686279297 115.3047866821289 186.48537254333496 115.3047866821289 186.48537254333496 162.74703979492188 167.5084686279297 162.74703979492188
166.00613403320312 113.86519622802734 185.3212776184082 113.86519622802734 185.3212776184082 162.1530532836914 166.00613403320312 162.1530532836914
163.83193969726562 110.18592834472656 183.47172927856445 110.18592834472656 183.47172927856445 159.28539657592773 163.83193969726562 159.28539657592773
162.13839721679688 108.93659973144531 182.02770614624023 108.93659973144531 182.02770614624023 158.65985870361328 162.13839721679688 158.65985870361328
159.18331909179688 107.6386947631836 179.13055801391602 107.6386947631836 179.13055801391602 157.50677871704102 159.18331909179688 157.50677871704102
158.94686889648438 107.57059478759766 178.92068099975586 107.57059478759766 178.92068099975586 157.50511169433594 158.94686889648438 157.50511169433594
156.2572021484375 107.11866760253906 176.29486656188965 107.11866760253906 176.29486656188965 157.21282196044922 156.2572021484375 157.21282196044922
153.76329040527344 106.2032470703125 173.55373573303223 106.2032470703125 173.55373573303223 155.67935180664062 153.76329040527344 155.67935180664062
150.0948944091797 104.3285903930664 169.99714279174805 104.3285903930664 169.99714279174805 154.08419799804688 150.0948944091797 154.08419799804688
147.9293975830078 101.07145690917969 167.7889461517334 101.07145690917969 167.7889461517334 150.7203140258789 147.9293975830078 150.7203140258789
145.15380859375 98.98353576660156 164.89143753051758 98.98353576660156 164.89143753051758 148.3275909423828 145.15380859375 148.3275909423828
145.33993530273438 98.02665710449219 165.3181495666504 98.02665710449219 165.3181495666504 147.97217559814453 145.33993530273438 147.97217559814453
142.42434692382812 97.12626647949219 162.49532318115234 97.12626647949219 162.49532318115234 147.3036880493164 142.42434692382812 147.3036880493164
141.29356384277344 95.90787506103516 161.28042221069336 95.90787506103516 161.28042221069336 145.875 141.29356384277344 145.875
139.98532104492188 91.45056915283203 160.12863731384277 91.45056915283203 160.12863731384277 141.80884170532227 139.98532104492188 141.80884170532227
137.1348419189453 89.77848815917969 157.01826095581055 89.77848815917969 157.01826095581055 139.4870147705078 137.1348419189453 139.4870147705078
134.63331604003906 88.90248107910156 154.4715633392334 88.90248107910156 154.4715633392334 138.4980812072754 134.63331604003906 138.4980812072754
132.95132446289062 85.37882995605469 152.75130081176758 85.37882995605469 152.75130081176758 134.87875366210938 132.95132446289062 134.87875366210938
133.012939453125 85.35899353027344 152.84955978393555 85.35899353027344 152.84955978393555 134.9505271911621 133.012939453125 134.9505271911621
131.96250915527344 81.79411315917969 151.92455673217773 81.79411315917969 151.92455673217773 131.69921112060547 131.96250915527344 131.69921112060547
129.97396850585938 79.24759674072266 150.25393104553223 79.24759674072266 150.25393104553223 129.94748306274414 129.97396850585938 129.94748306274414
129.1870574951172 79.08699035644531 149.0107822418213 79.08699035644531 149.0107822418213 128.64627838134766 129.1870574951172 128.64627838134766
128.60720825195312 74.84414672851562 148.3208179473877 74.84414672851562 148.3208179473877 124.12814712524414 128.60720825195312 124.12814712524414
126.74662780761719 72.63609313964844 146.2760066986084 72.63609313964844 146.2760066986084 121.45951461791992 126.74662780761719 121.45951461791992
126.22819519042969 71.73017883300781 145.69517135620117 71.73017883300781 145.69517135620117 120.39759063720703 126.22819519042969 120.39759063720703
126.05859375 71.98527526855469 145.31970405578613 71.98527526855469 145.31970405578613 120.13802337646484 126.05859375 120.13802337646484
125.0250244140625 69.6103515625 144.27626419067383 69.6103515625 144.27626419067383 117.73841857910156 125.0250244140625 117.73841857910156
124.6110610961914 67.24388885498047 143.67685317993164 67.24388885498047 143.67685317993164 114.90834045410156 124.6110610961914 114.90834045410156
123.48750305175781 64.84278106689453 142.52441024780273 64.84278106689453 142.52441024780273 112.43502426147461 123.48750305175781 112.43502426147461
123.1784896850586 63.7215576171875 142.4398193359375 63.7215576171875 142.4398193359375 111.8748550415039 123.1784896850586 111.8748550415039
122.78243255615234 62.24861526489258 142.06840324401855 62.24861526489258 142.06840324401855 110.46351623535156 122.78243255615234 110.46351623535156
122.45457458496094 63.26411056518555 141.57784843444824 63.26411056518555 141.57784843444824 111.07226943969727 122.45457458496094 111.07226943969727
122.3918685913086 60.58537673950195 141.7115364074707 60.58537673950195 141.7115364074707 108.884521484375 122.3918685913086 108.884521484375
121.8501205444336 58.312278747558594 140.84360885620117 58.312278747558594 140.84360885620117 105.79597473144531 121.8501205444336 105.79597473144531
121.79634094238281 57.076377868652344 141.1974220275879 57.076377868652344 141.1974220275879 105.57905578613281 121.79634094238281 105.57905578613281
121.5186538696289 56.4132080078125 140.68388748168945 56.4132080078125 140.68388748168945 104.3262710571289 121.5186538696289 104.3262710571289
120.93414306640625 55.7854118347168 140.0774040222168 55.7854118347168 140.0774040222168 103.6435432434082 120.93414306640625 103.6435432434082
119.58607482910156 53.12298583984375 138.75400352478027 53.12298583984375 138.75400352478027 101.04278564453125 119.58607482910156 101.04278564453125
119.53462219238281 52.5969123840332 138.8597469329834 52.5969123840332 138.8597469329834 100.90970230102539 119.53462219238281 100.90970230102539
118.9001693725586 51.00603103637695 138.1716423034668 51.00603103637695 138.1716423034668 99.18469619750977 118.9001693725586 99.18469619750977
118.9784927368164 50.10002899169922 138.22164344787598 50.10002899169922 138.22164344787598 98.2078857421875 118.9784927368164 98.2078857421875
119.2455062866211 49.428855895996094 138.62976264953613 49.428855895996094 138.62976264953613 97.88948059082031 119.2455062866211 97.88948059082031
119.09822082519531 46.969276428222656 138.4466323852539 46.969276428222656 138.4466323852539 95.34029006958008 119.09822082519531 95.34029006958008
117.5388412475586 44.455955505371094 137.18063354492188 44.455955505371094 137.18063354492188 93.56041717529297 117.5388412475586 93.56041717529297
117.16864013671875 44.574981689453125 136.7524127960205 44.574981689453125 136.7524127960205 93.53439331054688 117.16864013671875 93.53439331054688
117.63774108886719 42.94805145263672 136.88834762573242 42.94805145263672 136.88834762573242 91.07454299926758 117.63774108886719 91.07454299926758
116.8935317993164 42.60247802734375 136.12266731262207 42.60247802734375 136.12266731262207 90.67528915405273 116.8935317993164 90.67528915405273
115.33768463134766 42.56780242919922 134.30390548706055 42.56780242919922 134.30390548706055 89.98332214355469 115.33768463134766 89.98332214355469
114.45245361328125 40.283016204833984 133.04498672485352 40.283016204833984 133.04498672485352 86.76431655883789 114.45245361328125 86.76431655883789
112.92742919921875 38.0280647277832 131.88498306274414 38.0280647277832 131.88498306274414 85.42191696166992 112.92742919921875 85.42191696166992
113.01933288574219 37.7675666809082 131.69462203979492 37.7675666809082 131.69462203979492 84.45576095581055 113.01933288574219 84.45576095581055
112.8134765625 36.94417190551758 131.30813598632812 36.94417190551758 131.30813598632812 83.18079376220703 112.8134765625 83.18079376220703
112.19865417480469 36.789737701416016 130.36383056640625 36.789737701416016 130.36383056640625 82.20265197753906 112.19865417480469 82.20265197753906
112.2074203491211 35.918975830078125 130.4908103942871 35.918975830078125 130.4908103942871 81.62742614746094 112.2074203491211 81.62742614746094
111.43370056152344 35.166297912597656 129.71964645385742 35.166297912597656 129.71964645385742 80.88113403320312 111.43370056152344 80.88113403320312
110.48225402832031 33.56481170654297 128.6855354309082 33.56481170654297 128.6855354309082 79.0729866027832 110.48225402832031 79.0729866027832
110.270751953125 32.72844696044922 128.53239822387695 32.72844696044922 128.53239822387695 78.38253021240234 110.270751953125 78.38253021240234
109.76448059082031 32.37928771972656 127.91715621948242 32.37928771972656 127.91715621948242 77.76094818115234 109.76448059082031 77.76094818115234
109.69709777832031 33.26531219482422 127.39727592468262 33.26531219482422 127.39727592468262 77.51572799682617 109.69709777832031 77.51572799682617
109.9129638671875 32.133880615234375 127.3614387512207 32.133880615234375 127.3614387512207 75.75504302978516 109.9129638671875 75.75504302978516
110.67755126953125 30.343414306640625 128.00318717956543 30.343414306640625 128.00318717956543 73.65747833251953 110.67755126953125 73.65747833251953
110.4481430053711 30.201690673828125 127.93707084655762 30.201690673828125 127.93707084655762 73.92398452758789 110.4481430053711 73.92398452758789
111.56795501708984 29.459430694580078 128.916748046875 29.459430694580078 128.916748046875 72.83138656616211 111.56795501708984 72.83138656616211
112.62269592285156 29.643291473388672 129.85442543029785 29.643291473388672 129.85442543029785 72.72259140014648 112.62269592285156 72.72259140014648
112.29083251953125 29.4769287109375 129.46051597595215 29.4769287109375 129.46051597595215 72.40111541748047 112.29083251953125 72.40111541748047
113.07118225097656 29.300189971923828 129.7910099029541 29.300189971923828 129.7910099029541 71.09973526000977 113.07118225097656 71.09973526000977
114.83984375 27.860321044921875 131.39907264709473 27.860321044921875 131.39907264709473 69.25836944580078 114.83984375 69.25836944580078
114.69624328613281 28.351293563842773 131.25612258911133 28.351293563842773 131.25612258911133 69.75096321105957 114.69624328613281 69.75096321105957
116.79180908203125 27.01914405822754 133.21020126342773 27.01914405822754 133.21020126342773 68.06509590148926 116.79180908203125 68.06509590148926
118.32569885253906 26.6159725189209 134.44167137145996 26.6159725189209 134.44167137145996 66.9058780670166 118.32569885253906 66.9058780670166
119.093994140625 26.67160415649414 135.22130012512207 26.67160415649414 135.22130012512207 66.98984146118164 119.093994140625 66.98984146118164
119.53776550292969 26.005218505859375 135.67896270751953 26.005218505859375 135.67896270751953 66.35818481445312 119.53776550292969 66.35818481445312
120.6371841430664 25.516582489013672 136.7586498260498 25.516582489013672 136.7586498260498 65.82022476196289 120.6371841430664 65.82022476196289
122.41789245605469 25.656906127929688 138.5227279663086 25.656906127929688 138.5227279663086 65.91897583007812 122.41789245605469 65.91897583007812
123.576904296875 24.93405532836914 139.73980140686035 24.93405532836914 139.73980140686035 65.34128189086914 123.576904296875 65.34128189086914
124.25675964355469 24.77190399169922 140.69280815124512 24.77190399169922 140.69280815124512 65.86201095581055 124.25675964355469 65.86201095581055
125.06563568115234 24.045238494873047 141.30500411987305 24.045238494873047 141.30500411987305 64.64365005493164 125.06563568115234 64.64365005493164
125.0794906616211 23.615524291992188 141.2041244506836 23.615524291992188 141.2041244506836 63.92709732055664 125.0794906616211 63.92709732055664
125.0981674194336 23.338897705078125 141.2374038696289 23.338897705078125 141.2374038696289 63.68697738647461 125.0981674194336 63.68697738647461
126.0032730102539 23.132549285888672 142.14476776123047 23.132549285888672 142.14476776123047 63.486270904541016 126.0032730102539 63.486270904541016
125.73362731933594 23.751102447509766 141.7032470703125 23.751102447509766 141.7032470703125 63.67513656616211 125.73362731933594 63.67513656616211
125.63323974609375 24.214008331298828 141.1964931488037 24.214008331298828 141.1964931488037 63.122127532958984 125.63323974609375 63.122127532958984
125.4547348022461 23.883445739746094 140.6681957244873 23.883445739746094 140.6681957244873 61.917083740234375 125.4547348022461 61.917083740234375
125.13360595703125 24.305591583251953 140.4362211227417 24.305591583251953 140.4362211227417 62.56211471557617 125.13360595703125 62.56211471557617
125.3333511352539 24.60216522216797 140.4642162322998 24.60216522216797 140.4642162322998 62.42931365966797 125.3333511352539 62.42931365966797
125.2087631225586 24.242431640625 140.09971809387207 24.242431640625 140.09971809387207 61.46980667114258 125.2087631225586 61.46980667114258
125.47920227050781 24.117717742919922 140.22537803649902 24.117717742919922 140.22537803649902 60.98314666748047 125.47920227050781 60.98314666748047
125.44230651855469 25.09596061706543 140.09093475341797 25.09596061706543 140.09093475341797 61.717519760131836 125.44230651855469 61.717519760131836
124.35383605957031 25.218936920166016 138.94146919250488 25.218936920166016 138.94146919250488 61.688011169433594 124.35383605957031 61.688011169433594
124.78206634521484 25.558147430419922 139.2462863922119 25.558147430419922 139.2462863922119 61.71868896484375 124.78206634521484 61.71868896484375
125.31996154785156 25.42929458618164 139.6655979156494 25.42929458618164 139.6655979156494 61.29337692260742 125.31996154785156 61.29337692260742
125.02238464355469 25.727325439453125 139.73268699645996 25.727325439453125 139.73268699645996 62.503074645996094 125.02238464355469 62.503074645996094
124.5813217163086 26.75152015686035 139.22886180877686 26.75152015686035 139.22886180877686 63.37036323547363 124.5813217163086 63.37036323547363
125.33415222167969 26.108505249023438 139.70465564727783 26.108505249023438 139.70465564727783 62.03475570678711 125.33415222167969 62.03475570678711
125.58552551269531 26.477914810180664 139.86860942840576 26.477914810180664 139.86860942840576 62.18562126159668 125.58552551269531 62.18562126159668
125.43717956542969 26.87299156188965 139.6739959716797 26.87299156188965 139.6739959716797 62.46503257751465 125.43717956542969 62.46503257751465
125.78199768066406 26.489938735961914 140.14591693878174 26.489938735961914 140.14591693878174 62.399736404418945 125.78199768066406 62.399736404418945
126.1901626586914 26.20406150817871 140.51340198516846 26.20406150817871 140.51340198516846 62.01215934753418 126.1901626586914 62.01215934753418
125.9683837890625 26.685985565185547 140.50891399383545 26.685985565185547 140.50891399383545 63.03731155395508 125.9683837890625 63.03731155395508
125.65476989746094 25.908065795898438 140.18824768066406 25.908065795898438 140.18824768066406 62.24176025390625 125.65476989746094 62.24176025390625
126.25679779052734 26.390392303466797 140.69346046447754 26.390392303466797 140.69346046447754 62.48204803466797 126.25679779052734 62.48204803466797
125.61898040771484 26.60451316833496 139.79995250701904 26.60451316833496 139.79995250701904 62.05694389343262 125.61898040771484 62.05694389343262
125.9547348022461 27.0941104888916 139.9702434539795 27.0941104888916 139.9702434539795 62.13288688659668 125.9547348022461 62.13288688659668
126.01773834228516 27.267995834350586 139.8907823562622 27.267995834350586 139.8907823562622 61.950613021850586 126.01773834228516 61.950613021850586
125.15119934082031 28.08895492553711 139.20945167541504 28.08895492553711 139.20945167541504 63.23459243774414 125.15119934082031 63.23459243774414
125.60032653808594 26.673404693603516 139.40779399871826 26.673404693603516 139.40779399871826 61.192081451416016 125.60032653808594 61.192081451416016
125.2159194946289 26.958145141601562 139.32569408416748 26.958145141601562 139.32569408416748 62.23259353637695 125.2159194946289 62.23259353637695
124.74540710449219 27.77032470703125 138.7496738433838 27.77032470703125 138.7496738433838 62.78099822998047 124.74540710449219 62.78099822998047
124.6409683227539 26.049488067626953 138.6139907836914 26.049488067626953 138.6139907836914 60.982051849365234 124.6409683227539 60.982051849365234
124.87261962890625 27.264999389648438 138.96367073059082 27.264999389648438 138.96367073059082 62.49263381958008 124.87261962890625 62.49263381958008
124.39231872558594 27.103153228759766 138.24365234375 27.103153228759766 138.24365234375 61.73149490356445 124.39231872558594 61.73149490356445
124.11116790771484 27.6119441986084 137.96203136444092 27.6119441986084 137.96203136444092 62.23911094665527 124.11116790771484 62.23911094665527
124.24334716796875 27.30266761779785 137.94099712371826 27.30266761779785 137.94099712371826 61.54680061340332 124.24334716796875 61.54680061340332
124.2985610961914 26.28835678100586 138.23451042175293 26.28835678100586 138.23451042175293 61.12824249267578 124.2985610961914 61.12824249267578
123.74595642089844 26.64658546447754 137.73339653015137 26.64658546447754 137.73339653015137 61.61520195007324 123.74595642089844 61.61520195007324
123.23966217041016 27.14443016052246 137.41635131835938 27.14443016052246 137.41635131835938 62.586172103881836 123.23966217041016 62.586172103881836
122.56425476074219 27.900375366210938 136.75198554992676 27.900375366210938 136.75198554992676 63.36971664428711 122.56425476074219 63.36971664428711
122.37864685058594 28.307153701782227 136.46547508239746 28.307153701782227 136.46547508239746 63.52423667907715 122.37864685058594 63.52423667907715
122.19034576416016 28.356863021850586 136.2227907180786 28.356863021850586 136.2227907180786 63.43798637390137 122.19034576416016 63.43798637390137
121.9124984741211 28.0296688079834 136.01603412628174 28.0296688079834 136.01603412628174 63.28851509094238 121.9124984741211 63.28851509094238
121.564697265625 28.477975845336914 135.48375511169434 28.477975845336914 135.48375511169434 63.275625228881836 121.564697265625 63.275625228881836
121.4234848022461 28.126296997070312 135.43536186218262 28.126296997070312 135.43536186218262 63.1559944152832 121.4234848022461 63.1559944152832
121.41667175292969 28.625293731689453 135.38283824920654 28.625293731689453 135.38283824920654 63.54071044921875 121.41667175292969 63.54071044921875
120.77745056152344 28.687240600585938 134.7977752685547 28.687240600585938 134.7977752685547 63.73805236816406 120.77745056152344 63.73805236816406
120.50850677490234 28.432098388671875 134.4995241165161 28.432098388671875 134.4995241165161 63.409645080566406 120.50850677490234 63.409645080566406
120.45772552490234 29.002120971679688 134.55830574035645 29.002120971679688 134.55830574035645 64.25357818603516 120.45772552490234 64.25357818603516
120.54156494140625 27.785634994506836 134.97305488586426 27.785634994506836 134.97305488586426 63.864362716674805 120.54156494140625 63.864362716674805
120.0506820678711 28.19366455078125 134.40851879119873 28.19366455078125 134.40851879119873 64.08826446533203 120.0506820678711 64.08826446533203
120.12972259521484 28.957204818725586 134.51144218444824 28.957204818725586 134.51144218444824 64.91151237487793 120.12972259521484 64.91151237487793
120.30653381347656 28.61776351928711 134.81603717803955 28.61776351928711 134.81603717803955 64.89152908325195 120.30653381347656 64.89152908325195
120.55072021484375 27.5218505859375 135.35679626464844 27.5218505859375 135.35679626464844 64.53704833984375 120.55072021484375 64.53704833984375
119.96376037597656 27.733667373657227 134.97267627716064 27.733667373657227 134.97267627716064 65.2559642791748 119.96376037597656 65.2559642791748
120.23081970214844 28.66863441467285 134.99850463867188 28.66863441467285 134.99850463867188 65.58785438537598 120.23081970214844 65.58785438537598
119.47010803222656 28.928232192993164 134.10003662109375 28.928232192993164 134.10003662109375 65.50306129455566 119.47010803222656 65.50306129455566
118.7322998046875 28.95859718322754 133.336519241333 28.95859718322754 133.336519241333 65.46915626525879 118.7322998046875 65.46915626525879
116.8337173461914 29.577468872070312 131.38476848602295 29.577468872070312 131.38476848602295 65.95510482788086 116.8337173461914 65.95510482788086
116.67405700683594 28.89655113220215 131.18657875061035 28.89655113220215 131.18657875061035 65.17786598205566 116.67405700683594 65.17786598205566
116.25360107421875 29.356786727905273 130.87392139434814 29.356786727905273 130.87392139434814 65.90759468078613 116.25360107421875 65.90759468078613
115.53129577636719 29.767871856689453 130.11888313293457 29.767871856689453 130.11888313293457 66.23684692382812 115.53129577636719 66.23684692382812
115.08601379394531 30.232580184936523 129.97173500061035 30.232580184936523 129.97173500061035 67.4468822479248 115.08601379394531 67.4468822479248
114.62211608886719 31.077373504638672 129.39998626708984 31.077373504638672 129.39998626708984 68.02205276489258 114.62211608886719 68.02205276489258
113.868896484375 31.19961929321289 128.62549781799316 31.19961929321289 128.62549781799316 68.09112167358398 113.868896484375 68.09112167358398
113.3021011352539 32.57175827026367 128.03291034698486 32.57175827026367 128.03291034698486 69.3987808227539 113.3021011352539 69.3987808227539
112.7793960571289 32.1558952331543 127.44202423095703 32.1558952331543 127.44202423095703 68.81246185302734 112.7793960571289 68.81246185302734
113.53511047363281 32.02981185913086 128.17699432373047 32.02981185913086 128.17699432373047 68.63451766967773 113.53511047363281 68.63451766967773
113.18693542480469 32.24781036376953 127.8239688873291 32.24781036376953 127.8239688873291 68.84038925170898 113.18693542480469 68.84038925170898
112.6946792602539 33.02946853637695 127.26891803741455 33.02946853637695 127.26891803741455 69.46505737304688 112.6946792602539 69.46505737304688
111.8957748413086 34.61345291137695 126.26441192626953 34.61345291137695 126.26441192626953 70.53503799438477 111.8957748413086 70.53503799438477
111.84254455566406 34.18810272216797 126.24697685241699 34.18810272216797 126.24697685241699 70.19917678833008 111.84254455566406 70.19917678833008
111.49943542480469 34.77464294433594 125.89415740966797 34.77464294433594 125.89415740966797 70.76144027709961 111.49943542480469 70.76144027709961
111.67018127441406 35.65583038330078 126.24719715118408 35.65583038330078 126.24719715118408 72.09835815429688 111.67018127441406 72.09835815429688
111.32318115234375 36.04216003417969 125.81740093231201 36.04216003417969 125.81740093231201 72.2776985168457 111.32318115234375 72.2776985168457
111.84895324707031 36.28922653198242 126.41904258728027 36.28922653198242 126.41904258728027 72.71443939208984 111.84895324707031 72.71443939208984
110.84965515136719 36.26323318481445 125.61698627471924 36.26323318481445 125.61698627471924 73.18154907226562 110.84965515136719 73.18154907226562
109.52714538574219 36.75106430053711 124.10818195343018 36.75106430053711 124.10818195343018 73.20364379882812 109.52714538574219 73.20364379882812
108.79931640625 36.90668487548828 123.5563097000122 36.90668487548828 123.5563097000122 73.79915237426758 108.79931640625 73.79915237426758
106.95726013183594 37.55083084106445 122.17104530334473 37.55083084106445 122.17104530334473 75.58527755737305 106.95726013183594 75.58527755737305
106.7493896484375 37.44750213623047 122.08370018005371 37.44750213623047 122.08370018005371 75.78326416015625 106.7493896484375 75.78326416015625
106.778076171875 37.9985237121582 122.22237873077393 37.9985237121582 122.22237873077393 76.6092643737793 106.778076171875 76.6092643737793
106.00596618652344 38.259796142578125 121.41842365264893 38.259796142578125 121.41842365264893 76.79092407226562 106.00596618652344 76.79092407226562
105.27474212646484 39.650733947753906 120.60375785827637 39.650733947753906 120.60375785827637 77.9732551574707 105.27474212646484 77.9732551574707
104.19925689697266 40.83336639404297 119.23830604553223 40.83336639404297 119.23830604553223 78.43096923828125 104.19925689697266 78.43096923828125
104.89351654052734 40.18960952758789 120.02300262451172 40.18960952758789 120.02300262451172 78.01330184936523 104.89351654052734 78.01330184936523
103.6037368774414 41.485374450683594 118.65523719787598 41.485374450683594 118.65523719787598 79.11410522460938 103.6037368774414 79.11410522460938
103.62294006347656 42.09123992919922 118.92913246154785 42.09123992919922 118.92913246154785 80.3567008972168 103.62294006347656 80.3567008972168
103.56414794921875 42.592010498046875 118.97962665557861 42.592010498046875 118.97962665557861 81.13068389892578 103.56414794921875 81.13068389892578
103.12471008300781 44.333717346191406 118.50506114959717 44.333717346191406 118.50506114959717 82.78457260131836 103.12471008300781 82.78457260131836
102.70548248291016 44.409019470214844 118.04420948028564 44.409019470214844 118.04420948028564 82.75581359863281 102.70548248291016 82.75581359863281
101.47100830078125 44.122032165527344 117.06884002685547 44.122032165527344 117.06884002685547 83.1165885925293 101.47100830078125 83.1165885925293
100.86803436279297 44.2552604675293 116.5238094329834 44.2552604675293 116.5238094329834 83.39467239379883 100.86803436279297 83.39467239379883
101.22003173828125 44.90064239501953 116.98962116241455 44.90064239501953 116.98962116241455 84.32459259033203 101.22003173828125 84.32459259033203
101.25629425048828 45.05833053588867 117.2047700881958 45.05833053588867 117.2047700881958 84.92949676513672 101.25629425048828 84.92949676513672
101.35942077636719 46.049163818359375 117.29576683044434 46.049163818359375 117.29576683044434 85.89000701904297 101.35942077636719 85.89000701904297
102.13699340820312 46.65077209472656 118.11060619354248 46.65077209472656 118.11060619354248 86.58478164672852 102.13699340820312 86.58478164672852
102.5702896118164 47.396629333496094 118.53048896789551 47.396629333496094 118.53048896789551 87.29710388183594 102.5702896118164 87.29710388183594
103.23597717285156 47.65935516357422 119.14229393005371 47.65935516357422 119.14229393005371 87.42512512207031 103.23597717285156 87.42512512207031
103.8830337524414 47.666236877441406 119.52149200439453 47.666236877441406 119.52149200439453 86.76235961914062 103.8830337524414 86.76235961914062
103.8449935913086 48.59608459472656 119.40713024139404 48.59608459472656 119.40713024139404 87.50139999389648 103.8449935913086 87.50139999389648
104.4926528930664 48.830657958984375 120.16421318054199 48.830657958984375 120.16421318054199 88.00953674316406 104.4926528930664 88.00953674316406
104.66047668457031 49.7227668762207 120.2831163406372 49.7227668762207 120.2831163406372 88.77934265136719 104.66047668457031 88.77934265136719
105.0583724975586 49.504783630371094 120.63984870910645 49.504783630371094 120.63984870910645 88.45845031738281 105.0583724975586 88.45845031738281
105.11785888671875 50.33871841430664 120.68878364562988 50.33871841430664 120.68878364562988 89.26600646972656 105.11785888671875 89.26600646972656
105.26979064941406 51.2686767578125 120.95301818847656 51.2686767578125 120.95301818847656 90.47672653198242 105.26979064941406 90.47672653198242
105.16959381103516 50.3234748840332 120.87162590026855 50.3234748840332 120.87162590026855 89.57853317260742 105.16959381103516 89.57853317260742
104.98038482666016 51.60394287109375 120.62049102783203 51.60394287109375 120.62049102783203 90.70418548583984 104.98038482666016 90.70418548583984
104.29316711425781 51.63372802734375 120.11997699737549 51.63372802734375 120.11997699737549 91.20072937011719 104.29316711425781 91.20072937011719
104.7025146484375 51.953025817871094 120.51190948486328 51.953025817871094 120.51190948486328 91.47648620605469 104.7025146484375 91.47648620605469
104.68305969238281 52.957550048828125 120.60599994659424 52.957550048828125 120.60599994659424 92.76487350463867 104.68305969238281 92.76487350463867
105.25529479980469 53.558013916015625 121.10561180114746 53.558013916015625 121.10561180114746 93.18377685546875 105.25529479980469 93.18377685546875
105.21846008300781 54.68193435668945 120.98057746887207 54.68193435668945 120.98057746887207 94.08719635009766 105.21846008300781 94.08719635009766
105.1344985961914 55.23707962036133 120.91422080993652 55.23707962036133 120.91422080993652 94.68635177612305 105.1344985961914 94.68635177612305
105.54197692871094 55.8373908996582 121.24262237548828 55.8373908996582 121.24262237548828 95.08897018432617 105.54197692871094 95.08897018432617
106.38783264160156 56.9223518371582 121.92396831512451 56.9223518371582 121.92396831512451 95.76265716552734 106.38783264160156 95.76265716552734
107.3651351928711 56.962486267089844 122.88496112823486 56.962486267089844 122.88496112823486 95.76201248168945 107.3651351928711 95.76201248168945
106.78839111328125 56.47486114501953 122.5894136428833 56.47486114501953 122.5894136428833 95.97738265991211 106.78839111328125 95.97738265991211
106.29190826416016 57.83976364135742 122.10400390625 57.83976364135742 122.10400390625 97.36996459960938 106.29190826416016 97.36996459960938
106.2287368774414 58.724693298339844 122.17240715026855 58.724693298339844 122.17240715026855 98.58383178710938 106.2287368774414 98.58383178710938
106.8638916015625 58.1892204284668 123.0687370300293 58.1892204284668 123.0687370300293 98.70129776000977 106.8638916015625 98.70129776000977
106.06376647949219 58.55424880981445 122.12169075012207 58.55424880981445 122.12169075012207 98.69902038574219 106.06376647949219 98.69902038574219
106.70906829833984 59.553077697753906 122.81024932861328 59.553077697753906 122.81024932861328 99.80598831176758 106.70906829833984 99.80598831176758
104.51627349853516 59.66914749145508 120.8785400390625 59.66914749145508 120.8785400390625 100.57476806640625 104.51627349853516 100.57476806640625
104.87947845458984 59.627227783203125 121.15546989440918 59.627227783203125 121.15546989440918 100.31715774536133 104.87947845458984 100.31715774536133
105.0995864868164 59.41326904296875 121.62009620666504 59.41326904296875 121.62009620666504 100.71449661254883 105.0995864868164 100.71449661254883
105.94222259521484 59.75873947143555 122.42804527282715 59.75873947143555 122.42804527282715 100.97324752807617 105.94222259521484 100.97324752807617
104.97904205322266 60.0794563293457 121.80891418457031 60.0794563293457 121.80891418457031 102.15409088134766 104.97904205322266 102.15409088134766
103.5042953491211 59.64470291137695 120.77745246887207 59.64470291137695 120.77745246887207 102.82755279541016 103.5042953491211 102.82755279541016
104.08039855957031 61.8329963684082 121.06085968017578 61.8329963684082 121.06085968017578 104.28410339355469 104.08039855957031 104.28410339355469
102.88651275634766 62.172821044921875 119.86148262023926 62.172821044921875 119.86148262023926 104.61019515991211 102.88651275634766 104.61019515991211
103.7724380493164 61.72489547729492 120.82744407653809 61.72489547729492 120.82744407653809 104.36235809326172 103.7724380493164 104.36235809326172
104.1219711303711 62.4556770324707 121.09144401550293 62.4556770324707 121.09144401550293 104.87931060791016 104.1219711303711 104.87931060791016
104.35429382324219 62.323402404785156 121.12626266479492 62.323402404785156 121.12626266479492 104.25328063964844 104.35429382324219 104.25328063964844
104.35062408447266 62.889442443847656 121.0664119720459 62.889442443847656 121.0664119720459 104.67887115478516 104.35062408447266 104.67887115478516
104.46308898925781 62.676513671875 121.33780860900879 62.676513671875 121.33780860900879 104.86327362060547 104.46308898925781 104.86327362060547
104.11039733886719 62.529502868652344 121.05986595153809 62.529502868652344 121.05986595153809 104.90313720703125 104.11039733886719 104.90313720703125
104.4278335571289 63.73830032348633 121.23584938049316 63.73830032348633 121.23584938049316 105.75829696655273 104.4278335571289 105.75829696655273
103.47818756103516 64.26203918457031 120.33354759216309 64.26203918457031 120.33354759216309 106.40039443969727 103.47818756103516 106.40039443969727
103.34228515625 64.70429992675781 120.15023231506348 64.70429992675781 120.15023231506348 106.72412109375 103.34228515625 106.72412109375
103.36528015136719 64.26976776123047 120.44604110717773 64.26976776123047 120.44604110717773 106.97163009643555 103.36528015136719 106.97163009643555
102.73683166503906 64.21014404296875 119.8073616027832 64.21014404296875 119.8073616027832 106.88642501831055 102.73683166503906 106.88642501831055
102.9378433227539 65.57093048095703 120.14151763916016 65.57093048095703 120.14151763916016 108.58007049560547 102.9378433227539 108.58007049560547
102.66520690917969 66.3974609375 119.57140731811523 66.3974609375 119.57140731811523 108.66292190551758 102.66520690917969 108.66292190551758
102.5350112915039 66.52611541748047 119.5008602142334 66.52611541748047 119.5008602142334 108.94070053100586 102.5350112915039 108.94070053100586
103.25887298583984 68.8632583618164 120.01399993896484 68.8632583618164 120.01399993896484 110.75103759765625 103.25887298583984 110.75103759765625
102.30720520019531 68.93443298339844 119.05841064453125 68.93443298339844 119.05841064453125 110.81240463256836 102.30720520019531 110.81240463256836
102.02782440185547 68.62702941894531 118.8683853149414 68.62702941894531 118.8683853149414 110.72838592529297 102.02782440185547 110.72838592529297
103.30338287353516 69.50456237792969 119.93465995788574 69.50456237792969 119.93465995788574 111.08271026611328 103.30338287353516 111.08271026611328
102.66270446777344 70.37796783447266 119.26559638977051 70.37796783447266 119.26559638977051 111.88515090942383 102.66270446777344 111.88515090942383
103.1707763671875 71.5564956665039 119.84091567993164 71.5564956665039 119.84091567993164 113.23179244995117 103.1707763671875 113.23179244995117
104.2569351196289 72.71112060546875 120.63571548461914 72.71112060546875 120.63571548461914 113.65802383422852 104.2569351196289 113.65802383422852
104.09024810791016 74.22892761230469 120.3914566040039 74.22892761230469 120.3914566040039 114.98189926147461 104.09024810791016 114.98189926147461
104.84322357177734 73.68189239501953 121.00178718566895 73.68189239501953 121.00178718566895 114.07825088500977 104.84322357177734 114.07825088500977
105.27469635009766 75.35176849365234 121.7370491027832 75.35176849365234 121.7370491027832 116.50759887695312 105.27469635009766 116.50759887695312
106.4898681640625 76.55224609375 122.96965789794922 76.55224609375 122.96965789794922 117.75166702270508 106.4898681640625 117.75166702270508
107.2752914428711 78.98030090332031 123.47100067138672 78.98030090332031 123.47100067138672 119.46952056884766 107.2752914428711 119.46952056884766
106.58525085449219 80.09178161621094 122.95866775512695 80.09178161621094 122.95866775512695 121.02527236938477 106.58525085449219 121.02527236938477
106.20994567871094 80.34368133544922 122.55721664428711 80.34368133544922 122.55721664428711 121.21180725097656 106.20994567871094 121.21180725097656
105.46226501464844 81.4649887084961 121.94708633422852 81.4649887084961 121.94708633422852 122.67699432373047 105.46226501464844 122.67699432373047
105.03568267822266 81.96936798095703 121.44209480285645 81.96936798095703 121.44209480285645 122.98534774780273 105.03568267822266 122.98534774780273
104.30720520019531 83.01463317871094 121.2169075012207 83.01463317871094 121.2169075012207 125.28883361816406 104.30720520019531 125.28883361816406
104.4830322265625 84.49940490722656 121.15707015991211 84.49940490722656 121.15707015991211 126.18444061279297 104.4830322265625 126.18444061279297
104.95783996582031 86.3564682006836 121.59549903869629 86.3564682006836 121.59549903869629 127.9505615234375 104.95783996582031 127.9505615234375
105.5252914428711 87.87578582763672 122.01948928833008 87.87578582763672 122.01948928833008 129.1112289428711 105.5252914428711 129.1112289428711
106.50502014160156 89.75019836425781 122.86351203918457 89.75019836425781 122.86351203918457 130.6463737487793 106.50502014160156 130.6463737487793
105.94877624511719 89.443115234375 122.23024559020996 89.443115234375 122.23024559020996 130.146728515625 105.94877624511719 130.146728515625
106.38748931884766 90.650146484375 122.53767585754395 90.650146484375 122.53767585754395 131.02555084228516 106.38748931884766 131.02555084228516
106.24397277832031 92.80403900146484 122.55631637573242 92.80403900146484 122.55631637573242 133.58483123779297 106.24397277832031 133.58483123779297
106.9482421875 95.03715515136719 123.0921745300293 95.03715515136719 123.0921745300293 135.39691925048828 106.9482421875 135.39691925048828
107.59427642822266 95.24604797363281 123.96683120727539 95.24604797363281 123.96683120727539 136.17737197875977 107.59427642822266 136.17737197875977
107.27860260009766 95.67122650146484 123.79612922668457 95.67122650146484 123.79612922668457 136.9649772644043 107.27860260009766 136.9649772644043
107.35369873046875 95.4344482421875 124.0039119720459 95.4344482421875 124.0039119720459 137.0599136352539 107.35369873046875 137.0599136352539
107.3445053100586 96.9464111328125 124.11319923400879 96.9464111328125 124.11319923400879 138.86808013916016 107.3445053100586 138.86808013916016
107.64400482177734 98.31327819824219 124.59957504272461 98.31327819824219 124.59957504272461 140.70214080810547 107.64400482177734 140.70214080810547
109.019287109375 100.0790786743164 125.61451148986816 100.0790786743164 125.61451148986816 141.56707763671875 109.019287109375 141.56707763671875
108.90309143066406 101.38543701171875 125.39348220825195 101.38543701171875 125.39348220825195 142.6113510131836 108.90309143066406 142.6113510131836
109.8857421875 103.0628433227539 126.43838882446289 103.0628433227539 126.43838882446289 144.44439697265625 109.8857421875 144.44439697265625
110.5859146118164 104.87711334228516 126.8747673034668 104.87711334228516 126.8747673034668 145.59918212890625 110.5859146118164 145.59918212890625
111.2952880859375 105.8175048828125 127.55807495117188 105.8175048828125 127.55807495117188 146.47441482543945 111.2952880859375 146.47441482543945
111.5010986328125 106.11309814453125 127.78899765014648 106.11309814453125 127.78899765014648 146.8327865600586 111.5010986328125 146.8327865600586
112.245849609375 108.3179702758789 128.7673225402832 108.3179702758789 128.7673225402832 149.62158966064453 112.245849609375 149.62158966064453
111.85189056396484 109.3505859375 128.58621788024902 109.3505859375 128.58621788024902 151.18634033203125 111.85189056396484 151.18634033203125
112.58116149902344 109.59895324707031 129.43718147277832 109.59895324707031 129.43718147277832 151.7389373779297 112.58116149902344 151.7389373779297
111.55885314941406 111.30964660644531 128.47900390625 111.30964660644531 128.47900390625 153.60995864868164 111.55885314941406 153.60995864868164
111.8777847290039 110.51783752441406 129.15114974975586 110.51783752441406 129.15114974975586 153.70117950439453 111.8777847290039 153.70117950439453
110.60142517089844 112.70865631103516 127.69980239868164 112.70865631103516 127.69980239868164 155.45452880859375 110.60142517089844 155.45452880859375
111.67047119140625 114.5374984741211 128.63185691833496 114.5374984741211 128.63185691833496 156.9408950805664 111.67047119140625 156.9408950805664
112.89241027832031 116.5969467163086 129.6621608734131 116.5969467163086 129.6621608734131 158.52125549316406 112.89241027832031 158.52125549316406
113.7003402709961 117.8888168334961 130.38394737243652 117.8888168334961 130.38394737243652 159.59777069091797 113.7003402709961 159.59777069091797
113.80570220947266 119.02913665771484 130.5458583831787 119.02913665771484 130.5458583831787 160.87946319580078 113.80570220947266 160.87946319580078
115.17073059082031 121.18763732910156 131.63280868530273 121.18763732910156 131.63280868530273 162.3427734375 115.17073059082031 162.3427734375
115.8957748413086 122.98946380615234 132.41617393493652 122.98946380615234 132.41617393493652 164.29040145874023 115.8957748413086 164.29040145874023
115.55208587646484 125.83567810058594 131.99603271484375 125.83567810058594 131.99603271484375 166.94548416137695 115.55208587646484 166.94548416137695
115.4343032836914 126.1546630859375 131.88506889343262 126.1546630859375 131.88506889343262 167.2815170288086 115.4343032836914 167.2815170288086
116.03804779052734 127.39036560058594 132.24241638183594 127.39036560058594 132.24241638183594 167.90122604370117 116.03804779052734 167.90122604370117
116.31368255615234 129.22213745117188 132.6826629638672 129.22213745117188 132.6826629638672 170.14453125 116.31368255615234 170.14453125
115.1316909790039 131.1294708251953 131.48907470703125 131.1294708251953 131.48907470703125 172.0228729248047 115.1316909790039 172.0228729248047
115.16899108886719 132.301513671875 131.67682266235352 132.301513671875 131.67682266235352 173.57103729248047 115.16899108886719 173.57103729248047
116.3708724975586 134.84886169433594 132.6736068725586 134.84886169433594 132.6736068725586 175.60564422607422 116.3708724975586 175.60564422607422
116.35738372802734 135.1013641357422 132.527587890625 135.1013641357422 132.527587890625 175.52682495117188 116.35738372802734 175.52682495117188
118.1417236328125 136.9008331298828 134.3657989501953 136.9008331298828 134.3657989501953 177.4609718322754 118.1417236328125 177.4609718322754
118.58746337890625 138.96163940429688 134.54513263702393 138.96163940429688 134.54513263702393 178.85576248168945 118.58746337890625 178.85576248168945
118.67170715332031 140.8260955810547 134.64402770996094 140.8260955810547 134.64402770996094 180.75684356689453 118.67170715332031 180.75684356689453
119.55247497558594 142.6551513671875 135.4054718017578 142.6551513671875 135.4054718017578 182.28759002685547 119.55247497558594 182.28759002685547
120.40802001953125 145.77220153808594 136.0515308380127 145.77220153808594 136.0515308380127 184.88092803955078 120.40802001953125 184.88092803955078
119.3174057006836 147.8225555419922 135.07041358947754 147.8225555419922 135.07041358947754 187.20502090454102 119.3174057006836 187.20502090454102
119.67985534667969 147.818359375 135.5357208251953 147.818359375 135.5357208251953 187.45796966552734 119.67985534667969 187.45796966552734
118.31272888183594 150.24337768554688 133.95981407165527 150.24337768554688 133.95981407165527 189.36104202270508 118.31272888183594 189.36104202270508
118.0835952758789 152.24429321289062 133.90624809265137 152.24429321289062 133.90624809265137 191.8008804321289 118.0835952758789 191.8008804321289
118.7526626586914 153.3732452392578 134.828706741333 153.3732452392578 134.828706741333 193.5633087158203 118.7526626586914 193.5633087158203
117.03834533691406 154.7484893798828 132.93232440948486 154.7484893798828 132.93232440948486 194.48339080810547 117.03834533691406 194.48339080810547
118.43910217285156 158.0480499267578 134.03228282928467 158.0480499267578 134.03228282928467 197.03095626831055 118.43910217285156 197.03095626831055
118.32063293457031 158.67919921875 133.74698162078857 158.67919921875 133.74698162078857 197.2450294494629 118.32063293457031 197.2450294494629
119.1487045288086 161.27833557128906 134.55100536346436 161.27833557128906 134.55100536346436 199.78404998779297 119.1487045288086 199.78404998779297
120.88740539550781 163.38931274414062 136.44291877746582 163.38931274414062 136.44291877746582 202.27805709838867 120.88740539550781 202.27805709838867
121.33963775634766 165.230224609375 136.82013988494873 165.230224609375 136.82013988494873 203.93143844604492 121.33963775634766 203.93143844604492
121.57121276855469 167.62161254882812 136.875226020813 167.62161254882812 136.875226020813 205.8816032409668 121.57121276855469 205.8816032409668
121.9931869506836 167.7427978515625 137.48941230773926 167.7427978515625 137.48941230773926 206.48331832885742 121.9931869506836 206.48331832885742
122.62613677978516 170.11428833007812 137.87932014465332 170.11428833007812 137.87932014465332 208.24720764160156 122.62613677978516 208.24720764160156
122.54023742675781 174.11788940429688 137.68702697753906 174.11788940429688 137.68702697753906 211.98482513427734 122.54023742675781 211.98482513427734
122.6047592163086 176.58993530273438 137.7031373977661 176.58993530273438 137.7031373977661 214.3358383178711 122.6047592163086 214.3358383178711
122.3642807006836 177.4636993408203 137.3405990600586 177.4636993408203 137.3405990600586 214.90445709228516 122.3642807006836 214.90445709228516
123.18209075927734 178.8432159423828 138.23998832702637 178.8432159423828 138.23998832702637 216.48792266845703 123.18209075927734 216.48792266845703
121.7441177368164 177.9878387451172 136.94523906707764 177.9878387451172 136.94523906707764 215.99060440063477 121.7441177368164 215.99060440063477
123.47945404052734 180.4886474609375 138.52913093566895 180.4886474609375 138.52913093566895 218.11280059814453 123.47945404052734 218.11280059814453
124.0752944946289 182.39105224609375 139.3454179763794 182.39105224609375 139.3454179763794 220.56632232666016 124.0752944946289 220.56632232666016
124.42623138427734 183.5233612060547 139.773775100708 183.5233612060547 139.773775100708 221.89218139648438 124.42623138427734 221.89218139648438
125.38153076171875 185.9832305908203 141.0397891998291 185.9832305908203 141.0397891998291 225.12883758544922 125.38153076171875 225.12883758544922
125.11922454833984 186.64694213867188 140.82650566101074 186.64694213867188 140.82650566101074 225.91510772705078 125.11922454833984 225.91510772705078
125.58808898925781 186.76332092285156 141.29503631591797 186.76332092285156 141.29503631591797 226.03065490722656 125.58808898925781 226.03065490722656
125.0604476928711 187.64744567871094 141.01542854309082 187.64744567871094 141.01542854309082 227.53485870361328 125.0604476928711 227.53485870361328
124.42747497558594 191.29893493652344 140.4651222229004 191.29893493652344 140.4651222229004 231.39301681518555 124.42747497558594 231.39301681518555
124.69606018066406 192.97036743164062 140.65500164031982 192.97036743164062 140.65500164031982 232.8676872253418 124.69606018066406 232.8676872253418
124.82411193847656 195.02059936523438 140.9310359954834 195.02059936523438 140.9310359954834 235.28787994384766 124.82411193847656 235.28787994384766
123.79669189453125 196.24435424804688 139.8237762451172 196.24435424804688 139.8237762451172 236.3120346069336 123.79669189453125 236.3120346069336
124.50346374511719 198.7177276611328 140.62391662597656 198.7177276611328 140.62391662597656 239.01882934570312 124.50346374511719 239.01882934570312
124.79167175292969 200.335693359375 141.17568969726562 200.335693359375 141.17568969726562 241.29570770263672 124.79167175292969 241.29570770263672
125.04524993896484 200.2348175048828 141.47906684875488 200.2348175048828 141.47906684875488 241.31932830810547 125.04524993896484 241.31932830810547
125.67073822021484 204.3612823486328 141.81120681762695 204.3612823486328 141.81120681762695 244.71242141723633 125.67073822021484 244.71242141723633
126.7907943725586 205.63882446289062 143.1462516784668 205.63882446289062 143.1462516784668 246.52743530273438 126.7907943725586 246.52743530273438
126.6259994506836 207.5357208251953 142.88751411437988 207.5357208251953 142.88751411437988 248.1894760131836 126.6259994506836 248.1894760131836
127.22737884521484 208.42782592773438 143.65616035461426 208.42782592773438 143.65616035461426 249.49974822998047 127.22737884521484 249.49974822998047
126.8647232055664 210.03207397460938 143.25323867797852 210.03207397460938 143.25323867797852 251.0033302307129 126.8647232055664 251.0033302307129
127.0029525756836 211.73275756835938 143.60077667236328 211.73275756835938 143.60077667236328 253.22728729248047 127.0029525756836 253.22728729248047
126.61390686035156 211.4738006591797 143.47935676574707 211.4738006591797 143.47935676574707 253.63739395141602 126.61390686035156 253.63739395141602
126.50727844238281 213.44076538085938 143.44882583618164 213.44076538085938 143.44882583618164 255.7946014404297 126.50727844238281 255.7946014404297
125.1717758178711 213.4216766357422 142.18219375610352 213.4216766357422 142.18219375610352 255.94768905639648 125.1717758178711 255.94768905639648
125.56739807128906 214.2426300048828 142.73357009887695 214.2426300048828 142.73357009887695 257.15803146362305 125.56739807128906 257.15803146362305
125.9973373413086 215.2319793701172 143.2918815612793 215.2319793701172 143.2918815612793 258.4683151245117 125.9973373413086 258.4683151245117
125.81880950927734 215.4395751953125 142.9767189025879 215.4395751953125 142.9767189025879 258.33432388305664 125.81880950927734 258.33432388305664
126.09934997558594 215.85000610351562 143.27432823181152 215.85000610351562 143.27432823181152 258.7874298095703 126.09934997558594 258.7874298095703
125.78472900390625 216.195068359375 143.29979705810547 216.195068359375 143.29979705810547 259.98271560668945 125.78472900390625 259.98271560668945
125.7625732421875 216.25784301757812 143.42941665649414 216.25784301757812 143.42941665649414 260.42492294311523 125.7625732421875 260.42492294311523
124.81428527832031 215.08154296875 142.78953742980957 215.08154296875 142.78953742980957 260.0196418762207 124.81428527832031 260.0196418762207
125.55329895019531 215.5287322998047 143.72324752807617 215.5287322998047 143.72324752807617 260.9535713195801 125.55329895019531 260.9535713195801
126.07596588134766 217.41470336914062 144.0967197418213 217.41470336914062 144.0967197418213 262.466552734375 126.07596588134766 262.466552734375
126.0040512084961 216.63668823242188 144.3696517944336 216.63668823242188 144.3696517944336 262.55065155029297 126.0040512084961 262.55065155029297
126.49373626708984 217.16207885742188 145.14191246032715 217.16207885742188 145.14191246032715 263.7824821472168 126.49373626708984 263.7824821472168
127.2579116821289 217.67141723632812 145.77239608764648 217.67141723632812 145.77239608764648 263.9575958251953 127.2579116821289 263.9575958251953
128.33653259277344 218.232177734375 146.5268383026123 218.232177734375 146.5268383026123 263.70791244506836 128.33653259277344 263.70791244506836
128.2047576904297 217.755859375 146.33395767211914 217.755859375 146.33395767211914 263.0788345336914 128.2047576904297 263.0788345336914
128.01290893554688 217.87020874023438 145.88267517089844 217.87020874023438 145.88267517089844 262.5445976257324 128.01290893554688 262.5445976257324
127.84541320800781 218.27224731445312 145.83110427856445 218.27224731445312 145.83110427856445 263.2364501953125 127.84541320800781 263.2364501953125
127.77547454833984 218.7350311279297 145.79999160766602 218.7350311279297 145.79999160766602 263.7962989807129 127.77547454833984 263.7962989807129
127.4191665649414 218.79263305664062 145.12248611450195 218.79263305664062 145.12248611450195 263.05091094970703 127.4191665649414 263.05091094970703
126.8504409790039 219.3430938720703 144.27430534362793 219.3430938720703 144.27430534362793 262.90273666381836 126.8504409790039 262.90273666381836
126.214111328125 219.57199096679688 143.86314964294434 219.57199096679688 143.86314964294434 263.69457244873047 126.214111328125 263.69457244873047
125.6413345336914 220.502197265625 143.35540580749512 220.502197265625 143.35540580749512 264.78736114501953 125.6413345336914 264.78736114501953
125.03804016113281 220.7635040283203 142.8352565765381 220.7635040283203 142.8352565765381 265.256534576416 125.03804016113281 265.256534576416
124.92698669433594 220.1023406982422 143.02355194091797 220.1023406982422 143.02355194091797 265.34374237060547 124.92698669433594 265.34374237060547
124.69844818115234 220.5952606201172 143.19585037231445 220.5952606201172 143.19585037231445 266.83874893188477 124.69844818115234 266.83874893188477
124.3564682006836 220.5432891845703 142.78984451293945 220.5432891845703 142.78984451293945 266.62671661376953 124.3564682006836 266.62671661376953
