97.0 62.0 126.0 62.0 126.0 85.0 97.0 85.0
97.25716400146484 61.94499588012695 126.67064094543457 61.94499588012695 126.67064094543457 85.2729263305664 97.25716400146484 85.2729263305664
99.73609924316406 63.654754638671875 129.34160995483398 63.654754638671875 129.34160995483398 87.1349868774414 99.73609924316406 87.1349868774414
101.28958892822266 64.65721893310547 130.70979118347168 64.65721893310547 130.70979118347168 87.99048233032227 101.28958892822266 87.99048233032227
102.10777282714844 65.39508819580078 131.74163818359375 65.39508819580078 131.74163818359375 88.89780807495117 102.10777282714844 88.89780807495117
101.57621765136719 65.59062194824219 131.45499801635742 65.59062194824219 131.45499801635742 89.2875862121582 101.57621765136719 89.2875862121582
102.84254455566406 66.19677734375 132.8264865875244 66.19677734375 132.8264865875244 89.97714614868164 102.84254455566406 89.97714614868164
105.3410415649414 67.8145751953125 135.24433135986328 67.8145751953125 135.24433135986328 91.53097915649414 105.3410415649414 91.53097915649414
106.0307388305664 68.88805389404297 135.92952156066895 68.88805389404297 135.92952156066895 92.60088157653809 106.0307388305664 92.60088157653809
106.83756256103516 69.72067260742188 136.8847427368164 69.72067260742188 136.8847427368164 93.55119514465332 106.83756256103516 93.55119514465332
108.4653091430664 70.73470306396484 138.23730087280273 70.73470306396484 138.23730087280273 94.34697341918945 108.4653091430664 94.34697341918945
110.61710357666016 72.14605712890625 140.24029159545898 72.14605712890625 140.24029159545898 95.64031028747559 110.61710357666016 95.64031028747559
111.94862365722656 72.89066314697266 141.84366989135742 72.89066314697266 141.84366989135742 96.60052871704102 111.94862365722656 96.60052871704102
111.9435043334961 72.58128356933594 141.8466625213623 72.58128356933594 141.8466625213623 96.29758262634277 111.9435043334961 96.29758262634277
113.5590591430664 74.1274642944336 143.77713775634766 74.1274642944336 143.77713775634766 98.09352493286133 113.5590591430664 98.09352493286133
115.3019027709961 74.92170715332031 145.4361743927002 74.92170715332031 145.4361743927002 98.8213005065918 115.3019027709961 98.8213005065918
116.41935729980469 76.07937622070312 146.81654357910156 76.07937622070312 146.81654357910156 100.1874885559082 116.41935729980469 100.1874885559082
117.68973541259766 77.33563232421875 148.84938430786133 77.33563232421875 148.84938430786133 102.0484561920166 117.68973541259766 102.0484561920166
118.79353332519531 78.40630340576172 149.93308067321777 78.40630340576172 149.93308067321777 103.10318374633789 118.79353332519531 103.10318374633789
120.38667297363281 79.58355712890625 152.07444381713867 79.58355712890625 152.07444381713867 104.71523666381836 120.38667297363281 104.71523666381836
123.5322494506836 80.72892761230469 155.27520370483398 80.72892761230469 155.27520370483398 105.90437316894531 123.5322494506836 105.90437316894531
123.25617980957031 81.59013366699219 155.43184661865234 81.59013366699219 155.43184661865234 107.10876083374023 123.25617980957031 107.10876083374023
123.4268569946289 81.60284423828125 155.77878189086914 81.60284423828125 155.77878189086914 107.26126480102539 123.4268569946289 107.26126480102539
125.5560531616211 82.8814468383789 157.82015228271484 82.8814468383789 157.82015228271484 108.47021102905273 125.5560531616211 108.47021102905273
126.9791259765625 83.38734436035156 159.5406723022461 83.38734436035156 159.5406723022461 109.21201515197754 126.9791259765625 109.21201515197754
128.42764282226562 84.93183898925781 161.05521392822266 84.93183898925781 161.05521392822266 110.80887222290039 128.42764282226562 110.80887222290039
129.79580688476562 86.18392181396484 163.22053909301758 86.18392181396484 163.22053909301758 112.69318389892578 129.79580688476562 112.69318389892578
130.1621551513672 86.60084533691406 164.2048683166504 86.60084533691406 164.2048683166504 113.60022926330566 130.1621551513672 113.60022926330566
133.19491577148438 87.84907531738281 167.32481002807617 87.84907531738281 167.32481002807617 114.91760635375977 133.19491577148438 114.91760635375977
134.56829833984375 90.07183074951172 168.51145935058594 90.07183074951172 168.51145935058594 116.99226188659668 134.56829833984375 116.99226188659668
135.91220092773438 91.00141906738281 170.4074249267578 91.00141906738281 170.4074249267578 118.35969161987305 135.91220092773438 118.35969161987305
138.09518432617188 92.51896667480469 172.2671890258789 92.51896667480469 172.2671890258789 119.62089538574219 138.09518432617188 119.62089538574219
140.01296997070312 92.9691390991211 173.21013259887695 92.9691390991211 173.21013259887695 119.29791641235352 140.01296997070312 119.29791641235352
140.32763671875 93.53636169433594 173.90729522705078 93.53636169433594 173.90729522705078 120.16849708557129 140.32763671875 120.16849708557129
142.27670288085938 94.85496520996094 175.51898574829102 94.85496520996094 175.51898574829102 121.21952819824219 142.27670288085938 121.21952819824219
143.48330688476562 96.32637023925781 177.39304733276367 96.32637023925781 177.39304733276367 123.22029495239258 143.48330688476562 123.22029495239258
146.1397247314453 98.26275634765625 180.45189666748047 98.26275634765625 180.45189666748047 125.47584533691406 146.1397247314453 125.47584533691406
149.6693878173828 98.71195983886719 185.0068588256836 98.71195983886719 185.0068588256836 126.73821640014648 149.6693878173828 126.73821640014648
151.36935424804688 98.97386169433594 187.24603271484375 98.97386169433594 187.24603271484375 127.42776489257812 151.36935424804688 127.42776489257812
152.8136444091797 100.38138580322266 189.38695526123047 100.38138580322266 189.38695526123047 129.3877944946289 152.8136444091797 129.3877944946289
152.25633239746094 100.43294525146484 189.20958709716797 100.43294525146484 189.20958709716797 129.74069023132324 152.25633239746094 129.74069023132324
153.92422485351562 101.99342346191406 191.34697723388672 101.99342346191406 191.34697723388672 131.67352867126465 153.92422485351562 131.67352867126465
155.36087036132812 104.12664794921875 192.27509307861328 104.12664794921875 192.27509307861328 133.4034366607666 155.36087036132812 133.4034366607666
157.326171875 106.5534439086914 194.17481231689453 106.5534439086914 194.17481231689453 135.7782211303711 157.326171875 135.7782211303711
160.2096710205078 109.1678466796875 196.39532852172852 109.1678466796875 196.39532852172852 137.86681175231934 160.2096710205078 137.86681175231934
162.6536407470703 110.80599212646484 198.6111717224121 110.80599212646484 198.6111717224121 139.32402801513672 162.6536407470703 139.32402801513672
164.7379608154297 112.06014251708984 200.5073471069336 112.06014251708984 200.5073471069336 140.42895889282227 164.7379608154297 140.42895889282227
166.27566528320312 114.39874267578125 202.17404174804688 114.39874267578125 202.17404174804688 142.86986351013184 166.27566528320312 142.86986351013184
167.35792541503906 114.17964172363281 202.62452697753906 114.17964172363281 202.62452697753906 142.14970016479492 167.35792541503906 142.14970016479492
169.77120971679688 116.03269958496094 204.47722625732422 116.03269958496094 204.47722625732422 143.5581569671631 169.77120971679688 143.5581569671631
171.74879455566406 117.84920501708984 206.26918029785156 117.84920501708984 206.26918029785156 145.2274398803711 171.74879455566406 145.2274398803711
174.94017028808594 119.91436767578125 210.26418685913086 119.91436767578125 210.26418685913086 147.92996215820312 174.94017028808594 147.92996215820312
176.94281005859375 120.9184799194336 212.76062774658203 120.9184799194336 212.76062774658203 149.32571029663086 176.94281005859375 149.32571029663086
179.15699768066406 123.03787994384766 214.93556213378906 123.03787994384766 214.93556213378906 151.41397857666016 179.15699768066406 151.41397857666016
180.67123413085938 124.57049560546875 217.1548843383789 124.57049560546875 217.1548843383789 153.50580215454102 180.67123413085938 153.50580215454102
183.85989379882812 126.41439056396484 220.25640869140625 126.41439056396484 220.25640869140625 155.28059005737305 183.85989379882812 155.28059005737305
186.0396728515625 128.4077606201172 222.97755813598633 128.4077606201172 222.97755813598633 157.7033233642578 186.0396728515625 157.7033233642578
186.16244506835938 128.38320922851562 223.64740753173828 128.38320922851562 223.64740753173828 158.1126594543457 186.16244506835938 158.1126594543457
188.474609375 129.54443359375 226.08283615112305 129.54443359375 226.08283615112305 159.37164306640625 188.474609375 159.37164306640625
192.3660430908203 132.01113891601562 231.0469207763672 132.01113891601562 231.0469207763672 162.68906784057617 192.3660430908203 162.68906784057617
193.24609375 132.72976684570312 232.26770782470703 132.72976684570312 232.26770782470703 163.6779327392578 193.24609375 163.6779327392578
196.18197631835938 134.7895965576172 235.14886856079102 134.7895965576172 235.14886856079102 165.69436264038086 196.18197631835938 165.69436264038086
198.80093383789062 137.3064422607422 237.64859771728516 137.3064422607422 237.64859771728516 168.1166477203369 198.80093383789062 168.1166477203369
203.21450805664062 139.2845001220703 242.41363143920898 139.2845001220703 242.41363143920898 170.37344932556152 203.21450805664062 170.37344932556152
205.78872680664062 141.52334594726562 245.28628540039062 141.52334594726562 245.28628540039062 172.84898376464844 205.78872680664062 172.84898376464844
208.4256591796875 143.00253295898438 247.4633331298828 143.00253295898438 247.4633331298828 173.96343612670898 208.4256591796875 173.96343612670898
211.2212371826172 144.7996063232422 249.86222076416016 144.7996063232422 249.86222076416016 175.4458885192871 211.2212371826172 175.4458885192871
211.3052520751953 145.22125244140625 249.69966888427734 145.22125244140625 249.69966888427734 175.67198181152344 211.3052520751953 175.67198181152344
215.0251922607422 148.0292205810547 254.5839500427246 148.0292205810547 254.5839500427246 179.40339279174805 215.0251922607422 179.40339279174805
217.1435546875 150.3324432373047 257.1155319213867 150.3324432373047 257.1155319213867 182.0343418121338 217.1435546875 182.0343418121338
220.53189086914062 152.58212280273438 260.65982818603516 152.58212280273438 260.65982818603516 184.40771484375 220.53189086914062 184.40771484375
223.4605712890625 154.0497589111328 263.9615020751953 154.0497589111328 263.9615020751953 186.17117309570312 223.4605712890625 186.17117309570312
226.68771362304688 157.26303100585938 267.17282485961914 157.26303100585938 267.17282485961914 189.37189865112305 226.68771362304688 189.37189865112305
228.75076293945312 158.44515991210938 270.1155128479004 158.44515991210938 270.1155128479004 191.25167083740234 228.75076293945312 191.25167083740234
229.31881713867188 159.00961303710938 270.6489372253418 159.00961303710938 270.6489372253418 191.78865814208984 229.31881713867188 191.78865814208984
232.48348999023438 160.78903198242188 275.1595039367676 160.78903198242188 275.1595039367676 194.6355094909668 232.48348999023438 194.6355094909668
234.7786407470703 162.91323852539062 278.001277923584 162.91323852539062 278.001277923584 197.19324493408203 234.7786407470703 197.19324493408203
237.5148468017578 164.69500732421875 281.5489158630371 164.69500732421875 281.5489158630371 199.61856842041016 237.5148468017578 199.61856842041016
242.00009155273438 167.17384338378906 285.5087127685547 167.17384338378906 285.5087127685547 201.68067169189453 242.00009155273438 201.68067169189453
244.81985473632812 170.61630249023438 288.3724899291992 170.61630249023438 288.3724899291992 205.15803909301758 244.81985473632812 205.15803909301758
248.65478515625 173.49888610839844 292.5623092651367 173.49888610839844 292.5623092651367 208.32208633422852 248.65478515625 208.32208633422852
252.7781219482422 176.809814453125 296.56225204467773 176.809814453125 296.56225204467773 211.53514862060547 252.7781219482422 211.53514862060547
257.125 179.46304321289062 300.88207626342773 179.46304321289062 300.88207626342773 214.16692352294922 257.125 214.16692352294922
259.42486572265625 181.7236328125 303.7102699279785 181.7236328125 303.7102699279785 216.84653091430664 259.42486572265625 216.84653091430664
263.141845703125 185.15853881835938 308.143009185791 185.15853881835938 308.143009185791 220.84910583496094 263.141845703125 220.84910583496094
262.50543212890625 183.4963836669922 308.62635040283203 183.4963836669922 308.62635040283203 220.0750274658203 262.50543212890625 220.0750274658203
264.5973815917969 186.5553741455078 311.0013198852539 186.5553741455078 311.0013198852539 223.35848236083984 264.5973815917969 223.35848236083984
269.77935791015625 190.9966583251953 316.2628707885742 190.9966583251953 316.2628707885742 227.8628807067871 269.77935791015625 227.8628807067871
274.3987731933594 193.52883911132812 320.8726272583008 193.52883911132812 320.8726272583008 230.38740158081055 274.3987731933594 230.38740158081055
277.3411560058594 196.77793884277344 324.112491607666 196.77793884277344 324.112491607666 233.87243270874023 277.3411560058594 233.87243270874023
280.18304443359375 198.82412719726562 327.8392868041992 198.82412719726562 327.8392868041992 236.62044525146484 280.18304443359375 236.62044525146484
285.0673828125 202.4447021484375 333.0942192077637 202.4447021484375 333.0942192077637 240.53493881225586 285.0673828125 240.53493881225586
288.85223388671875 204.61827087402344 337.7975044250488 204.61827087402344 337.7975044250488 243.43691635131836 288.85223388671875 243.43691635131836
293.188720703125 208.2861785888672 342.9502143859863 208.2861785888672 342.9502143859863 247.75217056274414 293.188720703125 247.75217056274414
293.56878662109375 206.769775390625 344.1351318359375 206.769775390625 344.1351318359375 246.87409591674805 293.56878662109375 246.87409591674805
296.4277648925781 209.83993530273438 346.3595275878906 209.83993530273438 346.3595275878906 249.44096755981445 296.4277648925781 249.44096755981445
300.8260192871094 214.024169921875 351.5653991699219 214.024169921875 351.5653991699219 254.2657241821289 300.8260192871094 254.2657241821289
305.23736572265625 217.0853729248047 356.3421936035156 217.0853729248047 356.3421936035156 257.6167678833008 305.23736572265625 257.6167678833008
309.1902770996094 220.40219116210938 360.7943649291992 220.40219116210938 360.7943649291992 261.3295478820801 309.1902770996094 261.3295478820801
311.89996337890625 222.31777954101562 364.6116638183594 222.31777954101562 364.6116638183594 264.1235885620117 311.89996337890625 264.1235885620117
318.30865478515625 225.8511199951172 371.32015228271484 225.8511199951172 371.32015228271484 267.8946990966797 318.30865478515625 267.8946990966797
323.66253662109375 230.21383666992188 376.50594329833984 230.21383666992188 376.50594329833984 272.1241035461426 323.66253662109375 272.1241035461426
327.8365478515625 232.7457275390625 381.6606025695801 232.7457275390625 381.6606025695801 275.4337463378906 327.8365478515625 275.4337463378906
327.53912353515625 233.1200408935547 381.2704086303711 233.1200408935547 381.2704086303711 275.7344856262207 327.53912353515625 275.7344856262207
332.973876953125 237.91543579101562 387.0198974609375 237.91543579101562 387.0198974609375 280.77950286865234 332.973876953125 280.77950286865234
