353.0 165.0 367.0 165.0 367.0 194.0 353.0 194.0
351.80810546875 164.7421875 365.7093868255615 164.7421875 365.7093868255615 193.53769874572754 351.80810546875 193.53769874572754
350.36956787109375 164.29710388183594 364.25471687316895 164.29710388183594 364.25471687316895 193.05920028686523 350.36956787109375 193.05920028686523
349.86138916015625 163.0755157470703 364.01322650909424 163.0755157470703 364.01322650909424 192.39004135131836 349.86138916015625 192.39004135131836
348.7712097167969 162.31642150878906 362.80968284606934 162.31642150878906 362.80968284606934 191.39612197875977 348.7712097167969 191.39612197875977
347.16888427734375 161.59817504882812 361.24778938293457 161.59817504882812 361.24778938293457 190.76162338256836 347.16888427734375 190.76162338256836
345.3984680175781 160.27584838867188 359.334623336792 160.27584838867188 359.334623336792 189.1436004638672 345.3984680175781 189.1436004638672
344.763427734375 159.73411560058594 358.4407253265381 159.73411560058594 358.4407253265381 188.0656623840332 344.763427734375 188.0656623840332
344.31634521484375 159.1794891357422 357.969690322876 159.1794891357422 357.969690322876 187.4614200592041 344.31634521484375 187.4614200592041
343.4159240722656 157.25100708007812 357.02264881134033 157.25100708007812 357.02264881134033 185.4363670349121 343.4159240722656 185.4363670349121
342.8371887207031 157.31045532226562 356.42333698272705 157.31045532226562 356.42333698272705 185.4531955718994 342.8371887207031 185.4531955718994
341.0123596191406 156.38624572753906 354.7875118255615 156.38624572753906 354.7875118255615 184.9204921722412 341.0123596191406 184.9204921722412
339.7961120605469 154.9370880126953 353.3849124908447 154.9370880126953 353.3849124908447 183.0853214263916 339.7961120605469 183.0853214263916
339.0562438964844 153.3681182861328 352.7519578933716 153.3681182861328 352.7519578933716 181.73781394958496 339.0562438964844 181.73781394958496
337.96868896484375 153.76904296875 351.93352031707764 153.76904296875 351.93352031707764 182.69619369506836 337.96868896484375 182.69619369506836
336.9639892578125 152.74143981933594 351.12751483917236 152.74143981933594 351.12751483917236 182.08016967773438 336.9639892578125 182.08016967773438
335.2722473144531 152.12367248535156 349.1196460723877 152.12367248535156 349.1196460723877 180.8075656890869 335.2722473144531 180.8075656890869
334.5562438964844 150.49435424804688 348.47949409484863 150.49435424804688 348.47949409484863 179.3353672027588 334.5562438964844 179.3353672027588
332.6451721191406 150.12417602539062 346.65582275390625 150.12417602539062 346.65582275390625 179.14623069763184 332.6451721191406 179.14623069763184
332.1126403808594 148.79476928710938 345.9571990966797 148.79476928710938 345.9571990966797 177.47277450561523 332.1126403808594 177.47277450561523
330.8694763183594 148.76406860351562 344.6438617706299 148.76406860351562 344.6438617706299 177.2967128753662 330.8694763183594 177.2967128753662
329.5694274902344 148.22824096679688 343.2143325805664 148.22824096679688 343.2143325805664 176.49267959594727 329.5694274902344 176.49267959594727
328.54376220703125 146.76626586914062 342.26461601257324 146.76626586914062 342.26461601257324 175.1880283355713 328.54376220703125 175.1880283355713
327.18609619140625 146.32254028320312 340.88451194763184 146.32254028320312 340.88451194763184 174.69782066345215 327.18609619140625 174.69782066345215
325.2420959472656 145.24734497070312 338.9209394454956 145.24734497070312 338.9209394454956 173.5820827484131 325.2420959472656 173.5820827484131
324.3935852050781 144.51095581054688 338.0363483428955 144.51095581054688 338.0363483428955 172.7709560394287 324.3935852050781 172.7709560394287
323.4651794433594 143.80442810058594 337.18439292907715 143.80442810058594 337.18439292907715 172.2227897644043 323.4651794433594 172.2227897644043
322.1074523925781 143.23733520507812 335.6642761230469 143.23733520507812 335.6642761230469 171.31932067871094 322.1074523925781 171.31932067871094
320.7646484375 142.35565185546875 334.37409019470215 142.35565185546875 334.37409019470215 170.546630859375 320.7646484375 170.546630859375
320.197509765625 141.67010498046875 333.78586864471436 141.67010498046875 333.78586864471436 169.81740951538086 320.197509765625 169.81740951538086
319.0098876953125 141.43724060058594 332.63366985321045 141.43724060058594 332.63366985321045 169.6579246520996 319.0098876953125 169.6579246520996
317.1807861328125 139.2821044921875 330.6608610153198 139.2821044921875 330.6608610153198 167.2051124572754 317.1807861328125 167.2051124572754
315.79766845703125 138.72157287597656 329.3486728668213 138.72157287597656 329.3486728668213 166.79150772094727 315.79766845703125 166.79150772094727
314.6576232910156 138.06971740722656 327.9912061691284 138.06971740722656 327.9912061691284 165.6892795562744 314.6576232910156 165.6892795562744
314.019775390625 137.8466339111328 327.43815898895264 137.8466339111328 327.43815898895264 165.64185523986816 314.019775390625 165.64185523986816
312.36767578125 137.55648803710938 325.66127014160156 137.55648803710938 325.66127014160156 165.09321212768555 312.36767578125 165.09321212768555
311.0169677734375 136.25570678710938 324.15758228302 136.25570678710938 324.15758228302 163.4755458831787 311.0169677734375 163.4755458831787
309.27984619140625 135.19473266601562 322.5672254562378 135.19473266601562 322.5672254562378 162.71858596801758 309.27984619140625 162.71858596801758
307.6254577636719 134.9701690673828 320.96422386169434 134.9701690673828 320.96422386169434 162.6004638671875 307.6254577636719 162.6004638671875
307.1371765136719 134.47714233398438 320.3105878829956 134.47714233398438 320.3105878829956 161.76491928100586 307.1371765136719 161.76491928100586
305.78265380859375 133.86038208007812 318.9124479293823 133.86038208007812 318.9124479293823 161.0578098297119 305.78265380859375 161.0578098297119
304.4001159667969 132.59481811523438 317.57233142852783 132.59481811523438 317.57233142852783 159.88011741638184 304.4001159667969 159.88011741638184
302.9880065917969 131.62388610839844 316.24478340148926 131.62388610839844 316.24478340148926 159.08434677124023 302.9880065917969 159.08434677124023
300.7820129394531 129.56735229492188 314.16816997528076 129.56735229492188 314.16816997528076 157.2958164215088 300.7820129394531 157.2958164215088
300.05609130859375 129.5277557373047 313.30640411376953 129.5277557373047 313.30640411376953 156.97482681274414 300.05609130859375 156.97482681274414
299.2058410644531 130.06155395507812 312.38316345214844 130.06155395507812 312.38316345214844 157.3574275970459 299.2058410644531 157.3574275970459
297.66070556640625 129.21923828125 310.65019512176514 129.21923828125 310.65019512176514 156.12603187561035 297.66070556640625 156.12603187561035
296.2104187011719 128.7527618408203 309.08091926574707 128.7527618408203 309.08091926574707 155.41307640075684 296.2104187011719 155.41307640075684
295.79681396484375 128.8968505859375 308.4563570022583 128.8968505859375 308.4563570022583 155.12018203735352 295.79681396484375 155.12018203735352
293.7709655761719 128.04864501953125 306.34830474853516 128.04864501953125 306.34830474853516 154.10169982910156 293.7709655761719 154.10169982910156
292.1182556152344 125.92000579833984 304.7276487350464 125.92000579833984 304.7276487350464 152.039457321167 292.1182556152344 152.039457321167
291.02288818359375 126.80631256103516 303.65722370147705 126.80631256103516 303.65722370147705 152.97743034362793 291.02288818359375 152.97743034362793
289.72515869140625 124.72611236572266 302.4918603897095 124.72611236572266 302.4918603897095 151.17141914367676 289.72515869140625 151.17141914367676
288.8720397949219 124.6930160522461 301.5404167175293 124.6930160522461 301.5404167175293 150.93464851379395 288.8720397949219 150.93464851379395
288.25909423828125 123.20393371582031 300.8952112197876 123.20393371582031 300.8952112197876 149.3787384033203 288.25909423828125 149.3787384033203
286.21575927734375 122.88724517822266 298.7004280090332 122.88724517822266 298.7004280090332 148.74833488464355 286.21575927734375 148.74833488464355
284.92462158203125 122.06475830078125 297.3807315826416 122.06475830078125 297.3807315826416 147.86668968200684 284.92462158203125 147.86668968200684
284.13134765625 121.9656982421875 296.73223400115967 121.9656982421875 296.73223400115967 148.06752395629883 284.13134765625 148.06752395629883
283.13360595703125 121.66044616699219 295.7787218093872 121.66044616699219 295.7787218093872 147.8538875579834 283.13360595703125 147.8538875579834
282.53668212890625 121.6537857055664 294.9910478591919 121.6537857055664 294.9910478591919 147.45210456848145 282.53668212890625 147.45210456848145
281.8414611816406 119.82745361328125 294.24323749542236 119.82745361328125 294.24323749542236 145.5168399810791 281.8414611816406 145.5168399810791
281.0780029296875 119.86308288574219 293.3625774383545 119.86308288574219 293.3625774383545 145.3096923828125 281.0780029296875 145.3096923828125
279.3121032714844 118.75396728515625 291.54032611846924 118.75396728515625 291.54032611846924 144.08384704589844 279.3121032714844 144.08384704589844
278.1894226074219 117.6889419555664 290.4240026473999 117.6889419555664 290.4240026473999 143.03199005126953 278.1894226074219 143.03199005126953
277.4151611328125 117.81343841552734 289.3195114135742 117.81343841552734 289.3195114135742 142.47243881225586 277.4151611328125 142.47243881225586
276.64166259765625 117.27186584472656 288.4572982788086 117.27186584472656 288.4572982788086 141.74710083007812 276.64166259765625 141.74710083007812
275.2395935058594 116.70247650146484 287.251953125 116.70247650146484 287.251953125 141.58520889282227 275.2395935058594 141.58520889282227
274.98382568359375 115.73905944824219 286.8864517211914 115.73905944824219 286.8864517211914 140.39448738098145 274.98382568359375 140.39448738098145
273.54498291015625 114.6524429321289 285.40006923675537 114.6524429321289 285.40006923675537 139.20939445495605 273.54498291015625 139.20939445495605
272.904052734375 114.86995697021484 284.9217805862427 114.86995697021484 284.9217805862427 139.76380729675293 272.904052734375 139.76380729675293
271.87701416015625 114.20094299316406 283.72177600860596 114.20094299316406 283.72177600860596 138.73650741577148 271.87701416015625 138.73650741577148
270.81549072265625 113.1961669921875 282.82327365875244 113.1961669921875 282.82327365875244 138.06941604614258 270.81549072265625 138.06941604614258
270.13861083984375 112.62969970703125 282.3507614135742 112.62969970703125 282.3507614135742 137.9262809753418 270.13861083984375 137.9262809753418
269.24078369140625 112.56502532958984 281.41636180877686 112.56502532958984 281.41636180877686 137.78584671020508 269.24078369140625 137.78584671020508
267.86053466796875 111.43287658691406 279.89211082458496 111.43287658691406 279.89211082458496 136.35540771484375 267.86053466796875 136.35540771484375
266.8880310058594 110.18321228027344 278.81617546081543 110.18321228027344 278.81617546081543 134.8914909362793 266.8880310058594 134.8914909362793
265.71490478515625 110.6954116821289 277.6349582672119 110.6954116821289 277.6349582672119 135.3869285583496 265.71490478515625 135.3869285583496
265.0018005371094 110.59307861328125 276.8636074066162 110.59307861328125 276.8636074066162 135.1639404296875 265.0018005371094 135.1639404296875
264.12542724609375 108.63725280761719 276.0806655883789 108.63725280761719 276.0806655883789 133.40165328979492 264.12542724609375 133.40165328979492
262.9584045410156 108.49784851074219 275.09690284729004 108.49784851074219 275.09690284729004 133.6418571472168 262.9584045410156 133.6418571472168
261.4176025390625 107.16114807128906 273.7008228302002 107.16114807128906 273.7008228302002 132.60493850708008 261.4176025390625 132.60493850708008
260.22998046875 106.57206726074219 272.43328285217285 106.57206726074219 272.43328285217285 131.85031127929688 260.22998046875 131.85031127929688
260.06365966796875 106.56138610839844 272.3679790496826 106.56138610839844 272.3679790496826 132.04888153076172 260.06365966796875 132.04888153076172
259.03375244140625 106.3709487915039 271.3375301361084 106.3709487915039 271.3375301361084 131.85732460021973 259.03375244140625 131.85732460021973
258.24664306640625 104.61307525634766 270.49474143981934 104.61307525634766 270.49474143981934 129.98411560058594 258.24664306640625 129.98411560058594
257.1731262207031 105.039794921875 269.2793273925781 105.039794921875 269.2793273925781 130.11690521240234 257.1731262207031 130.11690521240234
255.96499633789062 104.5549545288086 267.82239723205566 104.5549545288086 267.82239723205566 129.11669540405273 255.96499633789062 129.11669540405273
255.31307983398438 103.76338958740234 267.0498809814453 103.76338958740234 267.0498809814453 128.07531547546387 255.31307983398438 128.07531547546387
254.61019897460938 103.55318450927734 266.32789039611816 103.55318450927734 266.32789039611816 127.82552719116211 254.61019897460938 127.82552719116211
253.53890991210938 103.25003814697266 265.104398727417 103.25003814697266 265.104398727417 127.20710372924805 253.53890991210938 127.20710372924805
252.70712280273438 101.78418731689453 264.49719524383545 101.78418731689453 264.49719524383545 126.20646286010742 252.70712280273438 126.20646286010742
251.4522705078125 101.3702392578125 263.22855854034424 101.3702392578125 263.22855854034424 125.76395988464355 251.4522705078125 125.76395988464355
250.16372680664062 101.29258728027344 262.03154850006104 101.29258728027344 262.03154850006104 125.87591171264648 250.16372680664062 125.87591171264648
249.0498046875 99.5087661743164 260.97517013549805 99.5087661743164 260.97517013549805 124.2112865447998 249.0498046875 124.2112865447998
248.35287475585938 99.35713195800781 260.5263385772705 99.35713195800781 260.5263385772705 124.57357025146484 248.35287475585938 124.57357025146484
247.94522094726562 99.25569152832031 260.04301834106445 99.25569152832031 260.04301834106445 124.31539344787598 247.94522094726562 124.31539344787598
246.72219848632812 98.46836853027344 258.80028533935547 98.46836853027344 258.80028533935547 123.48723983764648 246.72219848632812 123.48723983764648
245.9420623779297 98.03123474121094 257.681245803833 98.03123474121094 257.681245803833 122.34809303283691 245.9420623779297 122.34809303283691
245.1400146484375 98.00727844238281 256.97914600372314 98.00727844238281 256.97914600372314 122.53117370605469 245.1400146484375 122.53117370605469
244.20498657226562 96.97956085205078 255.8942699432373 96.97956085205078 255.8942699432373 121.19305801391602 244.20498657226562 121.19305801391602
243.13525390625 96.24565124511719 254.76105976104736 96.24565124511719 254.76105976104736 120.3276596069336 243.13525390625 120.3276596069336
242.69039916992188 96.1693115234375 254.27955055236816 96.1693115234375 254.27955055236816 120.1753921508789 242.69039916992188 120.1753921508789
241.7165985107422 95.31651306152344 253.17241668701172 95.31651306152344 253.17241668701172 119.04640197753906 241.7165985107422 119.04640197753906
241.079833984375 95.63866424560547 252.39026737213135 95.63866424560547 252.39026737213135 119.0673999786377 241.079833984375 119.0673999786377
240.8305206298828 95.16744995117188 251.98816394805908 95.16744995117188 251.98816394805908 118.27969169616699 240.8305206298828 118.27969169616699
239.3477325439453 94.03848266601562 250.34965801239014 94.03848266601562 250.34965801239014 116.82816505432129 239.3477325439453 116.82816505432129
238.94583129882812 93.34187316894531 249.87120056152344 93.34187316894531 249.87120056152344 115.97297477722168 238.94583129882812 115.97297477722168
238.3331298828125 94.09430694580078 249.15867614746094 94.09430694580078 249.15867614746094 116.51863288879395 238.3331298828125 116.51863288879395
237.464111328125 92.8360824584961 248.29547595977783 92.8360824584961 248.29547595977783 115.27245903015137 237.464111328125 115.27245903015137
236.86068725585938 92.6050033569336 247.5898838043213 92.6050033569336 247.5898838043213 114.82974433898926 236.86068725585938 114.82974433898926
235.7316436767578 92.35893249511719 246.52638721466064 92.35893249511719 246.52638721466064 114.71944808959961 235.7316436767578 114.71944808959961
234.57003784179688 90.92542266845703 245.41078662872314 90.92542266845703 245.41078662872314 113.38123512268066 234.57003784179688 113.38123512268066
233.62179565429688 90.94470977783203 244.41057968139648 90.94470977783203 244.41057968139648 113.29288101196289 233.62179565429688 113.29288101196289
233.433349609375 91.01729583740234 244.2126007080078 91.01729583740234 244.2126007080078 113.3457202911377 233.433349609375 113.3457202911377
232.7662811279297 90.14309692382812 243.37943363189697 90.14309692382812 243.37943363189697 112.12746047973633 232.7662811279297 112.12746047973633
231.9582061767578 89.71515655517578 242.56107425689697 89.71515655517578 242.56107425689697 111.67821884155273 231.9582061767578 111.67821884155273
230.89071655273438 89.15086364746094 241.6227159500122 89.15086364746094 241.6227159500122 111.38141441345215 230.89071655273438 111.38141441345215
230.6835174560547 89.11117553710938 241.29583358764648 89.11117553710938 241.29583358764648 111.09381103515625 230.6835174560547 111.09381103515625
230.12844848632812 89.04817199707031 240.6576919555664 89.04817199707031 240.6576919555664 110.85872840881348 230.12844848632812 110.85872840881348
229.28323364257812 88.07396697998047 239.7113618850708 88.07396697998047 239.7113618850708 109.67506790161133 229.28323364257812 109.67506790161133
228.579345703125 87.12079620361328 239.13824939727783 87.12079620361328 239.13824939727783 108.9927864074707 228.579345703125 108.9927864074707
227.6178741455078 86.7973403930664 238.2381887435913 86.7973403930664 238.2381887435913 108.79653739929199 227.6178741455078 108.79653739929199
227.3282928466797 86.48674011230469 237.95420837402344 86.48674011230469 237.95420837402344 108.49753952026367 227.3282928466797 108.49753952026367
225.75326538085938 86.14119720458984 236.5271759033203 86.14119720458984 236.5271759033203 108.45855903625488 225.75326538085938 108.45855903625488
224.9521484375 84.8375473022461 235.6765842437744 84.8375473022461 235.6765842437744 107.05242729187012 224.9521484375 107.05242729187012
224.26156616210938 85.00923919677734 235.19225311279297 85.00923919677734 235.19225311279297 107.65135383605957 224.26156616210938 107.65135383605957
223.62313842773438 84.99858093261719 234.37040901184082 84.99858093261719 234.37040901184082 107.2607593536377 223.62313842773438 107.2607593536377
223.2523956298828 83.87993621826172 234.08049964904785 83.87993621826172 234.08049964904785 106.30955505371094 223.2523956298828 106.30955505371094
222.846923828125 82.80428314208984 233.75679683685303 82.80428314208984 233.75679683685303 105.40328025817871 222.846923828125 105.40328025817871
222.26614379882812 82.91310119628906 233.1323699951172 82.91310119628906 233.1323699951172 105.42168617248535 222.26614379882812 105.42168617248535
221.872314453125 81.91242980957031 232.5627269744873 81.91242980957031 232.5627269744873 104.05682945251465 221.872314453125 104.05682945251465
221.54916381835938 81.64669799804688 232.16770362854004 81.64669799804688 232.16770362854004 103.64222145080566 221.54916381835938 103.64222145080566
221.4711151123047 82.15674591064453 231.91039752960205 82.15674591064453 231.91039752960205 103.78095245361328 221.4711151123047 103.78095245361328
220.2311553955078 82.03193664550781 230.5073013305664 82.03193664550781 230.5073013305664 103.31821632385254 220.2311553955078 103.31821632385254
218.47317504882812 81.052978515625 228.73858451843262 81.052978515625 228.73858451843262 102.31702041625977 218.47317504882812 102.31702041625977
217.2284698486328 80.63987731933594 227.4715747833252 80.63987731933594 227.4715747833252 101.8249282836914 217.2284698486328 101.8249282836914
216.82693481445312 80.02491760253906 227.18634223937988 80.02491760253906 227.18634223937988 101.40493392944336 216.82693481445312 101.40493392944336
216.1988067626953 79.6302719116211 226.59451580047607 79.6302719116211 226.59451580047607 101.08520698547363 216.1988067626953 101.08520698547363
215.74722290039062 79.51851654052734 226.0021104812622 79.51851654052734 226.0021104812622 100.6418228149414 215.74722290039062 100.6418228149414
215.22756958007812 79.049072265625 225.44238948822021 79.049072265625 225.44238948822021 100.0201244354248 215.22756958007812 100.0201244354248
214.27163696289062 79.0792236328125 224.50122833251953 79.0792236328125 224.50122833251953 100.05205917358398 214.27163696289062 100.05205917358398
213.5323028564453 78.63662719726562 223.64589881896973 78.63662719726562 223.64589881896973 99.32809638977051 213.5323028564453 99.32809638977051
212.2962646484375 77.80684661865234 222.41815376281738 77.80684661865234 222.41815376281738 98.42212104797363 212.2962646484375 98.42212104797363
211.6002197265625 77.48284912109375 221.7480125427246 77.48284912109375 221.7480125427246 98.11160659790039 211.6002197265625 98.11160659790039
210.8338165283203 77.708984375 220.93663692474365 77.708984375 220.93663692474365 98.03734016418457 210.8338165283203 98.03734016418457
209.96719360351562 76.732177734375 219.98518657684326 76.732177734375 219.98518657684326 96.76412391662598 209.96719360351562 96.76412391662598
209.3817138671875 75.943603515625 219.49948596954346 75.943603515625 219.49948596954346 96.13138771057129 209.3817138671875 96.13138771057129
208.2445068359375 76.2405014038086 218.3887996673584 76.2405014038086 218.3887996673584 96.29803657531738 208.2445068359375 96.29803657531738
206.97702026367188 74.93223571777344 217.21346855163574 74.93223571777344 217.21346855163574 95.17198181152344 206.97702026367188 95.17198181152344
205.7494354248047 74.32389831542969 216.07304573059082 74.32389831542969 216.07304573059082 94.73598289489746 205.7494354248047 94.73598289489746
