365.0 211.0 381.0 211.0 381.0 246.0 365.0 246.0
360.10345458984375 208.967529296875 375.95082092285156 208.967529296875 375.95082092285156 243.6336441040039 360.10345458984375 243.6336441040039
357.1397399902344 206.26004028320312 372.9001750946045 206.26004028320312 372.9001750946045 240.7359962463379 357.1397399902344 240.7359962463379
352.49542236328125 202.9226531982422 368.2829990386963 202.9226531982422 368.2829990386963 237.45798110961914 352.49542236328125 237.45798110961914
350.7028503417969 201.24850463867188 366.62501525878906 201.24850463867188 366.62501525878906 236.0782470703125 350.7028503417969 236.0782470703125
348.343017578125 200.6492156982422 364.16295623779297 200.6492156982422 364.16295623779297 235.2553367614746 348.343017578125 235.2553367614746
344.489990234375 196.86598205566406 360.5328617095947 196.86598205566406 360.5328617095947 231.95977020263672 344.489990234375 231.95977020263672
342.38861083984375 196.3282928466797 358.00177478790283 196.3282928466797 358.00177478790283 230.48209381103516 342.38861083984375 230.48209381103516
339.9104309082031 194.22030639648438 355.71907329559326 194.22030639648438 355.71907329559326 228.80171585083008 339.9104309082031 228.80171585083008
336.38983154296875 190.3893280029297 352.18274688720703 190.3893280029297 352.18274688720703 224.93633270263672 336.38983154296875 224.93633270263672
334.19940185546875 190.1852569580078 349.8326005935669 190.1852569580078 349.8326005935669 224.38288116455078 334.19940185546875 224.38288116455078
332.76910400390625 187.74868774414062 348.5499019622803 187.74868774414062 348.5499019622803 222.2691879272461 332.76910400390625 222.2691879272461
329.55364990234375 185.26272583007812 345.57577896118164 185.26272583007812 345.57577896118164 220.3111343383789 329.55364990234375 220.3111343383789
327.2096252441406 184.7785186767578 343.31834602355957 184.7785186767578 343.31834602355957 220.01634979248047 327.2096252441406 220.01634979248047
325.8080139160156 183.42947387695312 341.97500801086426 183.42947387695312 341.97500801086426 218.7947769165039 325.8080139160156 218.7947769165039
322.2568054199219 180.0552215576172 338.4279365539551 180.0552215576172 338.4279365539551 215.42957305908203 322.2568054199219 215.42957305908203
320.5682067871094 179.01263427734375 336.8091011047363 179.01263427734375 336.8091011047363 214.53959274291992 320.5682067871094 214.53959274291992
318.35906982421875 177.92044067382812 334.5590343475342 177.92044067382812 334.5590343475342 213.35786056518555 318.35906982421875 213.35786056518555
316.47076416015625 176.44921875 332.8691921234131 176.44921875 332.8691921234131 212.3207778930664 316.47076416015625 212.3207778930664
313.0938415527344 173.2196502685547 329.594482421875 173.2196502685547 329.594482421875 209.3147964477539 313.0938415527344 209.3147964477539
311.7989807128906 171.34384155273438 328.2644691467285 171.34384155273438 328.2644691467285 207.36209106445312 311.7989807128906 207.36209106445312
308.2605895996094 170.20883178710938 324.7285556793213 170.20883178710938 324.7285556793213 206.23250579833984 308.2605895996094 206.23250579833984
307.259765625 168.47195434570312 323.55260467529297 168.47195434570312 323.55260467529297 204.11253356933594 307.259765625 204.11253356933594
305.4065856933594 167.66812133789062 321.5087471008301 167.66812133789062 321.5087471008301 202.89159774780273 305.4065856933594 202.89159774780273
302.2975158691406 165.16757202148438 318.531946182251 165.16757202148438 318.531946182251 200.68038940429688 302.2975158691406 200.68038940429688
300.6871032714844 164.3854522705078 316.8086357116699 164.3854522705078 316.8086357116699 199.65130615234375 300.6871032714844 199.65130615234375
299.02777099609375 163.29690551757812 314.92753887176514 163.29690551757812 314.92753887176514 198.0776481628418 299.02777099609375 198.0776481628418
296.528076171875 160.86660766601562 312.52418518066406 160.86660766601562 312.52418518066406 195.85810089111328 296.528076171875 195.85810089111328
295.02520751953125 159.9132080078125 311.03149795532227 159.9132080078125 311.03149795532227 194.9269790649414 295.02520751953125 194.9269790649414
293.2574768066406 158.66741943359375 309.39477157592773 158.66741943359375 309.39477157592773 193.96775817871094 293.2574768066406 193.96775817871094
290.1578674316406 156.6665496826172 306.4637260437012 156.6665496826172 306.4637260437012 192.3356170654297 290.1578674316406 192.3356170654297
289.18609619140625 155.0235137939453 305.6166687011719 155.0235137939453 305.6166687011719 190.96539688110352 289.18609619140625 190.96539688110352
286.8399963378906 154.470458984375 303.0136833190918 154.470458984375 303.0136833190918 189.85040283203125 286.8399963378906 189.85040283203125
284.89959716796875 152.9508056640625 300.82713317871094 152.9508056640625 300.82713317871094 187.79228973388672 284.89959716796875 187.79228973388672
283.423095703125 151.9362030029297 299.1843013763428 151.9362030029297 299.1843013763428 186.4138412475586 283.423095703125 186.4138412475586
282.28924560546875 150.35366821289062 297.79118156433105 150.35366821289062 297.79118156433105 184.26415252685547 282.28924560546875 184.26415252685547
280.388671875 150.26101684570312 295.67535877227783 150.26101684570312 295.67535877227783 183.70064163208008 280.388671875 183.70064163208008
277.5385437011719 148.43017578125 292.67491340637207 148.43017578125 292.67491340637207 181.54097747802734 277.5385437011719 181.54097747802734
276.5009460449219 147.700927734375 291.4136791229248 147.700927734375 291.4136791229248 180.32252502441406 276.5009460449219 180.32252502441406
274.35076904296875 146.54452514648438 289.2272644042969 146.54452514648438 289.2272644042969 179.08685302734375 274.35076904296875 179.08685302734375
272.1041259765625 145.4923858642578 286.75389099121094 145.4923858642578 286.75389099121094 177.5387420654297 272.1041259765625 177.5387420654297
270.409423828125 143.81179809570312 284.917010307312 143.81179809570312 284.917010307312 175.54714012145996 270.409423828125 175.54714012145996
269.0908203125 142.9853057861328 283.2736282348633 142.9853057861328 283.2736282348633 174.01019287109375 269.0908203125 174.01019287109375
266.11578369140625 141.8855743408203 280.10850715637207 141.8855743408203 280.10850715637207 172.49464988708496 266.11578369140625 172.49464988708496
264.4213562011719 140.48109436035156 278.1801242828369 140.48109436035156 278.1801242828369 170.57839393615723 264.4213562011719 170.57839393615723
262.97039794921875 139.81280517578125 276.4548568725586 139.81280517578125 276.4548568725586 169.3100528717041 262.97039794921875 169.3100528717041
260.12652587890625 138.49337768554688 273.7266101837158 138.49337768554688 273.7266101837158 168.24355506896973 260.12652587890625 168.24355506896973
258.89996337890625 137.9309539794922 272.481725692749 137.9309539794922 272.481725692749 167.64105606079102 258.89996337890625 167.64105606079102
256.0287780761719 136.96018981933594 269.6281986236572 136.96018981933594 269.6281986236572 166.70891761779785 256.0287780761719 166.70891761779785
253.65469360351562 134.30177307128906 267.09242057800293 134.30177307128906 267.09242057800293 163.69679260253906 253.65469360351562 163.69679260253906
252.01943969726562 134.78170776367188 265.255859375 134.78170776367188 265.255859375 163.7363681793213 252.01943969726562 163.7363681793213
250.4419708251953 133.58657836914062 263.3896818161011 133.58657836914062 263.3896818161011 161.90969276428223 250.4419708251953 161.90969276428223
249.2441864013672 132.76040649414062 262.06060791015625 132.76040649414062 262.06060791015625 160.79632186889648 249.2441864013672 160.79632186889648
246.5104522705078 131.3933868408203 259.16850090026855 131.3933868408203 259.16850090026855 159.08286094665527 246.5104522705078 159.08286094665527
245.31747436523438 130.1319122314453 257.8403072357178 130.1319122314453 257.8403072357178 157.52560424804688 245.31747436523438 157.52560424804688
242.52676391601562 129.30789184570312 254.97889804840088 129.30789184570312 254.97889804840088 156.54693031311035 242.52676391601562 156.54693031311035
240.83065795898438 128.29348754882812 253.37311363220215 128.29348754882812 253.37311363220215 155.73010635375977 240.83065795898438 155.73010635375977
240.1430206298828 128.29690551757812 252.53695392608643 128.29690551757812 252.53695392608643 155.40863037109375 240.1430206298828 155.40863037109375
239.1432342529297 126.9399185180664 251.53641605377197 126.9399185180664 251.53641605377197 154.05000114440918 239.1432342529297 154.05000114440918
236.6923065185547 125.07585144042969 248.97526741027832 125.07585144042969 248.97526741027832 151.94482803344727 236.6923065185547 151.94482803344727
235.61148071289062 124.26457214355469 247.6556625366211 124.26457214355469 247.6556625366211 150.6112174987793 235.61148071289062 150.6112174987793
233.568359375 123.45963287353516 245.38939571380615 123.45963287353516 245.38939571380615 149.31814765930176 233.568359375 149.31814765930176
232.397705078125 123.4678726196289 244.05281925201416 123.4678726196289 244.05281925201416 148.96343421936035 232.397705078125 148.96343421936035
230.91744995117188 121.5685043334961 242.67525386810303 121.5685043334961 242.67525386810303 147.28870010375977 230.91744995117188 147.28870010375977
229.3803253173828 121.0787353515625 241.03903007507324 121.0787353515625 241.03903007507324 146.58214950561523 229.3803253173828 146.58214950561523
228.0090789794922 120.13712310791016 239.66099643707275 120.13712310791016 239.66099643707275 145.62569046020508 228.0090789794922 145.62569046020508
227.0967254638672 119.90925598144531 238.4261817932129 119.90925598144531 238.4261817932129 144.69244003295898 227.0967254638672 144.69244003295898
224.79837036132812 118.835205078125 235.84095573425293 118.835205078125 235.84095573425293 142.9908561706543 224.79837036132812 142.9908561706543
223.48770141601562 117.73945617675781 234.52981567382812 117.73945617675781 234.52981567382812 141.89407539367676 223.48770141601562 141.89407539367676
222.1061553955078 117.1108169555664 233.15921211242676 117.1108169555664 233.15921211242676 141.28937149047852 222.1061553955078 141.28937149047852
220.24295043945312 115.7832260131836 231.16143226623535 115.7832260131836 231.16143226623535 139.6673984527588 220.24295043945312 139.6673984527588
218.3238983154297 115.07685852050781 229.16264152526855 115.07685852050781 229.16264152526855 138.78660202026367 218.3238983154297 138.78660202026367
217.36294555664062 114.55525970458984 228.2261447906494 114.55525970458984 228.2261447906494 138.31850242614746 217.36294555664062 138.31850242614746
216.79263305664062 113.81257629394531 227.5808458328247 113.81257629394531 227.5808458328247 137.41178512573242 216.79263305664062 137.41178512573242
214.9872589111328 112.66789245605469 225.8107213973999 112.66789245605469 225.8107213973999 136.34421157836914 214.9872589111328 136.34421157836914
214.5058135986328 111.7514419555664 225.31090545654297 111.7514419555664 225.31090545654297 135.38757514953613 214.5058135986328 135.38757514953613
213.9232635498047 110.74385070800781 224.58952617645264 110.74385070800781 224.58952617645264 134.07629585266113 213.9232635498047 134.07629585266113
213.23843383789062 109.72535705566406 223.9311180114746 109.72535705566406 223.9311180114746 133.1156005859375 213.23843383789062 133.1156005859375
212.76809692382812 109.28914642333984 223.34629440307617 109.28914642333984 223.34629440307617 132.42895126342773 212.76809692382812 132.42895126342773
211.9876251220703 108.71614074707031 222.4798812866211 108.71614074707031 222.4798812866211 131.66794776916504 211.9876251220703 131.66794776916504
211.00601196289062 107.99266052246094 221.38628578186035 107.99266052246094 221.38628578186035 130.69950675964355 211.00601196289062 130.69950675964355
210.48434448242188 107.1318588256836 221.08632278442383 107.1318588256836 221.08632278442383 130.32368278503418 210.48434448242188 130.32368278503418
209.6630096435547 106.85721588134766 220.18097496032715 106.85721588134766 220.18097496032715 129.8652629852295 209.6630096435547 129.8652629852295
208.8240203857422 105.81245422363281 219.0532865524292 105.81245422363281 219.0532865524292 128.1889705657959 208.8240203857422 128.1889705657959
208.24075317382812 105.23811340332031 218.42623329162598 105.23811340332031 218.42623329162598 127.36069869995117 208.24075317382812 127.36069869995117
207.7440185546875 105.48783874511719 217.90032386779785 105.48783874511719 217.90032386779785 127.54705810546875 207.7440185546875 127.54705810546875
205.87686157226562 103.7613754272461 216.194091796875 103.7613754272461 216.194091796875 126.17011833190918 205.87686157226562 126.17011833190918
205.376220703125 103.43284606933594 215.5542392730713 103.43284606933594 215.5542392730713 125.4972038269043 205.376220703125 125.4972038269043
204.76693725585938 103.41239929199219 215.01776695251465 103.41239929199219 215.01776695251465 125.63460159301758 204.76693725585938 125.63460159301758
203.15646362304688 102.10064697265625 213.3351011276245 102.10064697265625 213.3351011276245 124.16634750366211 203.15646362304688 124.16634750366211
202.26637268066406 101.22076416015625 212.465669631958 101.22076416015625 212.465669631958 123.30086517333984 202.26637268066406 123.30086517333984
201.48892211914062 101.14246368408203 211.7716236114502 101.14246368408203 211.7716236114502 123.40312194824219 201.48892211914062 123.40312194824219
199.5114288330078 99.2759780883789 209.6519775390625 99.2759780883789 209.6519775390625 121.2288932800293 199.5114288330078 121.2288932800293
198.8024139404297 99.04473876953125 208.95549774169922 99.04473876953125 208.95549774169922 121.02393531799316 198.8024139404297 121.02393531799316
198.29415893554688 98.8404769897461 208.41675567626953 98.8404769897461 208.41675567626953 120.58829116821289 198.29415893554688 120.58829116821289
195.48594665527344 97.56525421142578 205.5789089202881 97.56525421142578 205.5789089202881 119.20436668395996 195.48594665527344 119.20436668395996
194.92001342773438 96.94276428222656 205.050142288208 96.94276428222656 205.050142288208 118.51403999328613 194.92001342773438 118.51403999328613
193.4744873046875 96.22148895263672 203.53693866729736 96.22148895263672 203.53693866729736 117.47339820861816 193.4744873046875 117.47339820861816
191.96142578125 96.41014862060547 201.9993200302124 96.41014862060547 201.9993200302124 117.38942337036133 191.96142578125 117.38942337036133
191.17575073242188 95.60957336425781 201.23118782043457 95.60957336425781 201.23118782043457 116.35625648498535 191.17575073242188 116.35625648498535
190.58450317382812 94.85700988769531 200.6986789703369 94.85700988769531 200.6986789703369 115.60830688476562 190.58450317382812 115.60830688476562
189.40109252929688 93.89745330810547 199.51535606384277 93.89745330810547 199.51535606384277 114.54661750793457 189.40109252929688 114.54661750793457
188.60916137695312 93.47265625 198.73978233337402 93.47265625 198.73978233337402 114.14015769958496 188.60916137695312 114.14015769958496
187.9251708984375 92.7807388305664 198.17105293273926 92.7807388305664 198.17105293273926 113.6784839630127 187.9251708984375 113.6784839630127
186.64048767089844 91.41024017333984 197.08760833740234 91.41024017333984 197.08760833740234 112.71843528747559 186.64048767089844 112.71843528747559
186.43441772460938 90.7564697265625 196.91891193389893 90.7564697265625 196.91891193389893 112.1408920288086 186.43441772460938 112.1408920288086
185.64801025390625 90.44731903076172 195.99600791931152 90.44731903076172 195.99600791931152 111.55334091186523 185.64801025390625 111.55334091186523
184.41796875 89.4034652709961 194.84106063842773 89.4034652709961 194.84106063842773 110.66265296936035 184.41796875 110.66265296936035
184.06558227539062 88.94911193847656 194.31850242614746 88.94911193847656 194.31850242614746 109.8612117767334 184.06558227539062 109.8612117767334
183.57521057128906 88.79560852050781 193.83535766601562 88.79560852050781 193.83535766601562 109.62978172302246 183.57521057128906 109.62978172302246
