371.0 251.0 387.0 251.0 387.0 282.0 371.0 282.0
367.340576171875 248.43310546875 383.3056392669678 248.43310546875 383.3056392669678 279.3654136657715 367.340576171875 279.3654136657715
358.99945068359375 240.57534790039062 375.0144348144531 240.57534790039062 375.0144348144531 271.6043815612793 358.99945068359375 271.6043815612793
355.3306884765625 238.02713012695312 371.3119716644287 238.02713012695312 371.3119716644287 268.9908695220947 355.3306884765625 268.9908695220947
352.46044921875 235.2590789794922 368.5912857055664 235.2590789794922 368.5912857055664 266.51257705688477 352.46044921875 266.51257705688477
345.18316650390625 228.8157501220703 361.2465476989746 228.8157501220703 361.2465476989746 259.9385528564453 345.18316650390625 259.9385528564453
342.43902587890625 226.8471221923828 358.2472505569458 226.8471221923828 358.2472505569458 257.47555923461914 342.43902587890625 257.47555923461914
339.59210205078125 224.9998779296875 355.3431701660156 224.9998779296875 355.3431701660156 255.5175724029541 339.59210205078125 255.5175724029541
336.870849609375 222.3942108154297 352.68317222595215 222.3942108154297 352.68317222595215 253.0305881500244 336.870849609375 253.0305881500244
329.92083740234375 217.26980590820312 345.6578426361084 217.26980590820312 345.6578426361084 247.76025390625 329.92083740234375 247.76025390625
327.98138427734375 214.8539276123047 343.68365478515625 214.8539276123047 343.68365478515625 245.27707481384277 327.98138427734375 245.27707481384277
325.15277099609375 212.4288787841797 340.8506679534912 212.4288787841797 340.8506679534912 242.8435516357422 325.15277099609375 242.8435516357422
319.55029296875 206.4852752685547 334.98052406311035 206.4852752685547 334.98052406311035 236.38134384155273 319.55029296875 236.38134384155273
316.9669494628906 204.62918090820312 332.4635314941406 204.62918090820312 332.4635314941406 234.6538028717041 316.9669494628906 234.6538028717041
314.4247741699219 203.08265686035156 329.9097719192505 203.08265686035156 329.9097719192505 233.0848331451416 314.4247741699219 233.0848331451416
308.6451110839844 198.4097442626953 324.00767517089844 198.4097442626953 324.00767517089844 228.17470741271973 308.6451110839844 228.17470741271973
306.5980529785156 197.20626831054688 321.7104778289795 197.20626831054688 321.7104778289795 226.48658752441406 306.5980529785156 226.48658752441406
303.87481689453125 194.13551330566406 318.6005344390869 194.13551330566406 318.6005344390869 222.66658973693848 303.87481689453125 222.66658973693848
299.85302734375 191.07321166992188 314.3670406341553 191.07321166992188 314.3670406341553 219.19411277770996 299.85302734375 219.19411277770996
297.1062927246094 190.38572692871094 311.3623676300049 190.38572692871094 311.3623676300049 218.00687217712402 297.1062927246094 218.00687217712402
294.3282165527344 187.23678588867188 308.14338207244873 187.23678588867188 308.14338207244873 214.00367164611816 294.3282165527344 214.00367164611816
290.3019104003906 183.78921508789062 304.24156188964844 183.78921508789062 304.24156188964844 210.7972927093506 290.3019104003906 210.7972927093506
287.93609619140625 182.78851318359375 301.80222511291504 182.78851318359375 301.80222511291504 209.65413856506348 287.93609619140625 209.65413856506348
284.81317138671875 179.46902465820312 298.58340644836426 179.46902465820312 298.58340644836426 206.1488552093506 284.81317138671875 206.1488552093506
280.63079833984375 177.0842742919922 294.0237674713135 177.0842742919922 294.0237674713135 203.0331516265869 280.63079833984375 203.0331516265869
278.154052734375 175.48631286621094 291.4108123779297 175.48631286621094 291.4108123779297 201.17128562927246 278.154052734375 201.17128562927246
275.59991455078125 172.71273803710938 288.8228225708008 172.71273803710938 288.8228225708008 198.33212661743164 275.59991455078125 198.33212661743164
270.94635009765625 169.85548400878906 284.24267578125 169.85548400878906 284.24267578125 195.61712074279785 270.94635009765625 195.61712074279785
267.53546142578125 168.7588653564453 280.5664825439453 168.7588653564453 280.5664825439453 194.00647354125977 267.53546142578125 194.00647354125977
265.97186279296875 167.3280792236328 278.93352699279785 167.3280792236328 278.93352699279785 192.44131088256836 265.97186279296875 192.44131088256836
261.1940002441406 163.84310913085938 274.0827989578247 163.84310913085938 274.0827989578247 188.81516456604004 261.1940002441406 188.81516456604004
258.3785095214844 162.26805114746094 271.0229549407959 162.26805114746094 271.0229549407959 186.76667404174805 258.3785095214844 186.76667404174805
256.3350524902344 161.08859252929688 269.0716743469238 161.08859252929688 269.0716743469238 185.76581192016602 256.3350524902344 185.76581192016602
252.18399047851562 158.42056274414062 264.7140169143677 158.42056274414062 264.7140169143677 182.69750022888184 252.18399047851562 182.69750022888184
249.9396209716797 156.35435485839844 262.5313558578491 156.35435485839844 262.5313558578491 180.75085067749023 249.9396209716797 180.75085067749023
247.7605438232422 155.56631469726562 260.35478019714355 155.56631469726562 260.35478019714355 179.96765518188477 247.7605438232422 179.96765518188477
243.5409698486328 153.21249389648438 256.13510036468506 153.21249389648438 256.13510036468506 177.6136302947998 243.5409698486328 177.6136302947998
240.92813110351562 150.94863891601562 253.3865852355957 150.94863891601562 253.3865852355957 175.0869026184082 240.92813110351562 175.0869026184082
239.64810180664062 149.65089416503906 251.907564163208 149.65089416503906 251.907564163208 173.40361404418945 239.64810180664062 173.40361404418945
235.52175903320312 147.83837890625 247.5940399169922 147.83837890625 247.5940399169922 171.22843551635742 235.52175903320312 171.22843551635742
233.02310180664062 146.35922241210938 244.92186164855957 146.35922241210938 244.92186164855957 169.41308212280273 233.02310180664062 169.41308212280273
231.427001953125 144.6236114501953 243.4654083251953 144.6236114501953 243.4654083251953 167.94803619384766 231.427001953125 167.94803619384766
228.1622772216797 142.57931518554688 240.00800323486328 142.57931518554688 240.00800323486328 165.53042221069336 228.1622772216797 165.53042221069336
227.0458526611328 141.53561401367188 238.7778263092041 141.53561401367188 238.7778263092041 164.26632499694824 227.0458526611328 164.26632499694824
224.73263549804688 140.2948760986328 236.2249002456665 140.2948760986328 236.2249002456665 162.56114768981934 224.73263549804688 162.56114768981934
221.52597045898438 137.84005737304688 232.9324598312378 137.84005737304688 232.9324598312378 159.94013786315918 221.52597045898438 159.94013786315918
220.0867462158203 137.66896057128906 231.44156646728516 137.66896057128906 231.44156646728516 159.66893196105957 220.0867462158203 159.66893196105957
219.19357299804688 136.51136779785156 230.37739372253418 136.51136779785156 230.37739372253418 158.18002700805664 219.19357299804688 158.18002700805664
215.5067901611328 134.35743713378906 226.58246421813965 134.35743713378906 226.58246421813965 155.81656074523926 215.5067901611328 155.81656074523926
214.24929809570312 133.54322814941406 225.1083526611328 133.54322814941406 225.1083526611328 154.58265113830566 214.24929809570312 154.58265113830566
213.58071899414062 132.89950561523438 224.27685356140137 132.89950561523438 224.27685356140137 153.62327194213867 213.58071899414062 153.62327194213867
210.01449584960938 129.71978759765625 220.73250770568848 129.71978759765625 220.73250770568848 150.48594284057617 210.01449584960938 150.48594284057617
208.60501098632812 129.1209716796875 219.23003959655762 129.1209716796875 219.23003959655762 149.70697021484375 208.60501098632812 149.70697021484375
207.75424194335938 128.634765625 218.2416353225708 128.634765625 218.2416353225708 148.9540958404541 207.75424194335938 148.9540958404541
205.35952758789062 126.7226791381836 215.754412651062 126.7226791381836 215.754412651062 146.86277389526367 205.35952758789062 146.86277389526367
203.99346923828125 125.8440933227539 214.2783498764038 125.8440933227539 214.2783498764038 145.77105331420898 203.99346923828125 145.77105331420898
201.7256317138672 124.2184829711914 211.90960693359375 124.2184829711914 211.90960693359375 143.87054824829102 201.7256317138672 143.87054824829102
200.20632934570312 122.648681640625 210.3326644897461 122.648681640625 210.3326644897461 142.1611385345459 200.20632934570312 142.1611385345459
199.1183624267578 121.66929626464844 209.30795097351074 121.66929626464844 209.30795097351074 141.25771522521973 199.1183624267578 141.25771522521973
198.02249145507812 121.43208312988281 208.09750175476074 121.43208312988281 208.09750175476074 140.72553062438965 198.02249145507812 140.72553062438965
195.55752563476562 119.70562744140625 205.71479606628418 119.70562744140625 205.71479606628418 138.78915405273438 195.55752563476562 138.78915405273438
194.36865234375 118.03141784667969 204.4573268890381 118.03141784667969 204.4573268890381 136.96681594848633 194.36865234375 136.96681594848633
191.67027282714844 116.67317962646484 201.7236909866333 116.67317962646484 201.7236909866333 135.37471771240234 191.67027282714844 135.37471771240234
190.84886169433594 115.64300537109375 201.05758476257324 115.64300537109375 201.05758476257324 134.54323959350586 190.84886169433594 134.54323959350586
189.85983276367188 114.8968505859375 199.90465831756592 114.8968505859375 199.90465831756592 133.4101448059082 189.85983276367188 133.4101448059082
188.62863159179688 113.911376953125 198.67377853393555 113.911376953125 198.67377853393555 132.2708740234375 188.62863159179688 132.2708740234375
185.9365234375 111.94549560546875 196.05885887145996 111.94549560546875 196.05885887145996 130.3270664215088 185.9365234375 130.3270664215088
184.9040069580078 111.61519622802734 194.98476123809814 111.61519622802734 194.98476123809814 129.86813735961914 184.9040069580078 129.86813735961914
184.0142822265625 110.6148910522461 194.0881404876709 110.6148910522461 194.0881404876709 128.76103591918945 184.0142822265625 128.76103591918945
181.59890747070312 109.6470718383789 191.661114692688 109.6470718383789 191.661114692688 127.48688316345215 181.59890747070312 127.48688316345215
180.9874267578125 108.9130859375 191.0837278366089 108.9130859375 191.0837278366089 126.78929710388184 180.9874267578125 126.78929710388184
179.02012634277344 108.3280029296875 189.04374885559082 108.3280029296875 189.04374885559082 125.8911075592041 179.02012634277344 125.8911075592041
177.2476043701172 106.4115219116211 187.3025827407837 106.4115219116211 187.3025827407837 123.96925926208496 177.2476043701172 123.96925926208496
175.96316528320312 105.81410217285156 186.05036067962646 105.81410217285156 186.05036067962646 123.27853393554688 175.96316528320312 123.27853393554688
174.0055694580078 105.30702209472656 184.15415382385254 105.30702209472656 184.15415382385254 122.81425094604492 174.0055694580078 122.81425094604492
173.01393127441406 103.29866027832031 183.11723136901855 103.29866027832031 183.11723136901855 120.70139694213867 173.01393127441406 120.70139694213867
171.67027282714844 102.82568359375 181.75955867767334 102.82568359375 181.75955867767334 120.01338005065918 171.67027282714844 120.01338005065918
169.3183135986328 100.63988494873047 179.5604705810547 100.63988494873047 179.5604705810547 117.92020797729492 169.3183135986328 117.92020797729492
168.189697265625 100.72795104980469 178.21393871307373 100.72795104980469 178.21393871307373 117.53869247436523 168.189697265625 117.53869247436523
167.433349609375 99.56065368652344 177.46665477752686 99.56065368652344 177.46665477752686 116.13801956176758 167.433349609375 116.13801956176758
166.8838653564453 99.25971984863281 176.90825843811035 99.25971984863281 176.90825843811035 115.60785865783691 166.8838653564453 115.60785865783691
163.58285522460938 97.03316497802734 173.6398286819458 97.03316497802734 173.6398286819458 113.36529350280762 163.58285522460938 113.36529350280762
162.685546875 96.47671508789062 172.7491397857666 96.47671508789062 172.7491397857666 112.78181457519531 162.685546875 112.78181457519531
161.4835968017578 95.77073669433594 171.5036563873291 95.77073669433594 171.5036563873291 111.71816825866699 161.4835968017578 111.71816825866699
161.09841918945312 95.7776107788086 171.19994449615479 95.7776107788086 171.19994449615479 111.55676078796387 161.09841918945312 111.55676078796387
158.97608947753906 94.46566772460938 169.12830543518066 94.46566772460938 169.12830543518066 110.2497787475586 158.97608947753906 110.2497787475586
156.93496704101562 93.05015563964844 166.9706563949585 93.05015563964844 166.9706563949585 108.4652156829834 156.93496704101562 108.4652156829834
155.3738250732422 92.3133773803711 165.4802017211914 92.3133773803711 165.4802017211914 107.4615249633789 155.3738250732422 107.4615249633789
154.38221740722656 91.58588409423828 164.46495532989502 91.58588409423828 164.46495532989502 106.5989818572998 154.38221740722656 106.5989818572998
152.7064208984375 90.65193176269531 162.74742603302002 90.65193176269531 162.74742603302002 105.42698860168457 152.7064208984375 105.42698860168457
151.11964416503906 89.70183563232422 161.1741132736206 89.70183563232422 161.1741132736206 104.18818855285645 151.11964416503906 104.18818855285645
150.00296020507812 88.93038177490234 160.1030035018921 88.93038177490234 160.1030035018921 103.4099531173706 150.00296020507812 103.4099531173706
149.0606231689453 88.55683898925781 159.10976791381836 88.55683898925781 159.10976791381836 102.88376903533936 149.0606231689453 102.88376903533936
147.59896850585938 86.90730285644531 157.6288547515869 86.90730285644531 157.6288547515869 101.04736804962158 147.59896850585938 101.04736804962158
146.713134765625 86.42620849609375 156.76194095611572 86.42620849609375 156.76194095611572 100.36885261535645 146.713134765625 100.36885261535645
144.8419952392578 85.18230438232422 155.054949760437 85.18230438232422 155.054949760437 99.30735492706299 144.8419952392578 99.30735492706299
143.93704223632812 84.34288024902344 154.01478385925293 84.34288024902344 154.01478385925293 98.27735900878906 143.93704223632812 98.27735900878906
143.54103088378906 84.04106903076172 153.5488157272339 84.04106903076172 153.5488157272339 97.55105781555176 143.54103088378906 97.55105781555176
141.41555786132812 83.11837005615234 151.41555786132812 83.11837005615234 151.41555786132812 96.27524375915527 141.41555786132812 96.27524375915527
141.01248168945312 82.35955810546875 151.0258274078369 82.35955810546875 151.0258274078369 95.39002513885498 141.01248168945312 95.39002513885498
