285.0 180.0 309.0 180.0 309.0 201.0 285.0 201.0
284.0645751953125 179.76882934570312 308.407657623291 179.76882934570312 308.407657623291 201.06902694702148 284.0645751953125 201.06902694702148
284.8062438964844 179.78701782226562 308.8383674621582 179.78701782226562 308.8383674621582 200.81512832641602 284.8062438964844 200.81512832641602
285.44403076171875 179.63211059570312 309.6159496307373 179.63211059570312 309.6159496307373 200.7825412750244 285.44403076171875 200.7825412750244
286.29931640625 179.83116149902344 310.658634185791 179.83116149902344 310.658634185791 201.14556694030762 286.29931640625 201.14556694030762
286.0793762207031 179.6346435546875 310.352502822876 179.6346435546875 310.352502822876 200.87363052368164 286.0793762207031 200.87363052368164
286.74261474609375 179.79098510742188 311.1834716796875 179.79098510742188 311.1834716796875 201.1767349243164 286.74261474609375 201.1767349243164
287.35845947265625 179.2805633544922 311.8858871459961 179.2805633544922 311.8858871459961 200.7420597076416 287.35845947265625 200.7420597076416
287.982177734375 179.4137725830078 313.1399097442627 179.4137725830078 313.1399097442627 201.42678451538086 287.982177734375 201.42678451538086
287.9134826660156 179.2125701904297 313.0860481262207 179.2125701904297 313.0860481262207 201.23856163024902 287.9134826660156 201.23856163024902
287.94097900390625 179.44747924804688 313.6027069091797 179.44747924804688 313.6027069091797 201.9014892578125 287.94097900390625 201.9014892578125
288.44256591796875 179.39498901367188 314.54706382751465 179.39498901367188 314.54706382751465 202.23642349243164 288.44256591796875 202.23642349243164
288.4801940917969 179.14447021484375 314.7579708099365 179.14447021484375 314.7579708099365 202.13752365112305 288.4801940917969 202.13752365112305
289.3708190917969 179.76931762695312 315.701717376709 179.76931762695312 315.701717376709 202.80885124206543 289.3708190917969 202.80885124206543
289.9342956542969 179.64515686035156 316.7008972167969 179.64515686035156 316.7008972167969 203.06592750549316 289.9342956542969 203.06592750549316
289.5478820800781 179.4633331298828 316.64368057250977 179.4633331298828 316.64368057250977 203.1721477508545 289.5478820800781 203.1721477508545
289.99114990234375 179.5160675048828 317.3086185455322 179.5160675048828 317.3086185455322 203.41884231567383 289.99114990234375 203.41884231567383
290.4173583984375 179.52560424804688 317.2325134277344 179.52560424804688 317.2325134277344 202.9888515472412 290.4173583984375 202.9888515472412
291.06939697265625 179.4960174560547 317.86134338378906 179.4960174560547 317.86134338378906 202.93895721435547 291.06939697265625 202.93895721435547
291.0072326660156 179.61264038085938 317.9326629638672 179.61264038085938 317.9326629638672 203.17237854003906 291.0072326660156 203.17237854003906
292.0616149902344 179.74984741210938 319.401159286499 179.74984741210938 319.401159286499 203.67193222045898 292.0616149902344 203.67193222045898
291.808349609375 180.0063018798828 319.3618583679199 180.0063018798828 319.3618583679199 204.11560440063477 291.808349609375 204.11560440063477
292.4479064941406 179.75198364257812 319.87592124938965 179.75198364257812 319.87592124938965 203.75148010253906 292.4479064941406 203.75148010253906
291.7078857421875 179.6410675048828 319.19372177124023 179.6410675048828 319.19372177124023 203.69115829467773 291.7078857421875 203.69115829467773
292.09307861328125 179.07237243652344 319.92420387268066 179.07237243652344 319.92420387268066 203.4245891571045 292.09307861328125 203.4245891571045
292.30072021484375 179.43661499023438 319.73167419433594 179.43661499023438 319.73167419433594 203.43868255615234 292.30072021484375 203.43868255615234
292.6596984863281 179.37026977539062 320.1068534851074 179.37026977539062 320.1068534851074 203.3865146636963 292.6596984863281 203.3865146636963
292.9096984863281 179.2830352783203 320.9585018157959 179.2830352783203 320.9585018157959 203.82572174072266 292.9096984863281 203.82572174072266
291.77008056640625 178.94683837890625 320.11224365234375 178.94683837890625 320.11224365234375 203.74621391296387 291.77008056640625 203.74621391296387
292.4659118652344 179.56570434570312 320.9982852935791 179.56570434570312 320.9982852935791 204.53151321411133 292.4659118652344 204.53151321411133
292.596435546875 179.2968292236328 320.82408142089844 179.2968292236328 320.82408142089844 203.99600219726562 292.596435546875 203.99600219726562
291.3670654296875 179.8748779296875 319.68267250061035 179.8748779296875 319.68267250061035 204.65101623535156 291.3670654296875 204.65101623535156
291.73895263671875 179.99940490722656 320.5288200378418 179.99940490722656 320.5288200378418 205.190523147583 291.73895263671875 205.190523147583
291.0736389160156 179.34388732910156 319.87677001953125 179.34388732910156 319.87677001953125 204.5466079711914 291.0736389160156 204.5466079711914
290.6688232421875 179.5843505859375 319.9317207336426 179.5843505859375 319.9317207336426 205.1893653869629 290.6688232421875 205.1893653869629
290.8838806152344 180.30593872070312 320.20672607421875 180.30593872070312 320.20672607421875 205.96340942382812 290.8838806152344 205.96340942382812
292.7593994140625 179.97476196289062 322.5938205718994 179.97476196289062 322.5938205718994 206.07986068725586 292.7593994140625 206.07986068725586
291.524658203125 181.28318786621094 321.56554794311523 181.28318786621094 321.56554794311523 207.56894493103027 291.524658203125 207.56894493103027
290.8122863769531 180.97642517089844 320.5626411437988 180.97642517089844 320.5626411437988 207.00796127319336 290.8122863769531 207.00796127319336
290.22564697265625 180.64028930664062 320.0155944824219 180.64028930664062 320.0155944824219 206.70647048950195 290.22564697265625 206.70647048950195
290.0813293457031 181.59808349609375 319.5337429046631 181.59808349609375 319.5337429046631 207.36892318725586 290.0813293457031 207.36892318725586
290.12518310546875 181.90737915039062 319.4478187561035 181.90737915039062 319.4478187561035 207.5646629333496 290.12518310546875 207.5646629333496
288.81292724609375 180.56068420410156 318.2798957824707 180.56068420410156 318.2798957824707 206.34425735473633 288.81292724609375 206.34425735473633
288.0026550292969 180.19851684570312 317.45147705078125 180.19851684570312 317.45147705078125 205.96621131896973 288.0026550292969 205.96621131896973
288.0262145996094 180.6710205078125 317.9625301361084 180.6710205078125 317.9625301361084 206.86527061462402 288.0262145996094 206.86527061462402
287.0270080566406 180.5369873046875 317.4023742675781 180.5369873046875 317.4023742675781 207.1154079437256 287.0270080566406 207.1154079437256
285.69586181640625 181.04168701171875 316.8326053619385 181.04168701171875 316.8326053619385 208.28631019592285 285.69586181640625 208.28631019592285
284.8243713378906 180.65420532226562 316.5051326751709 180.65420532226562 316.5051326751709 208.3748435974121 284.8243713378906 208.3748435974121
283.6501159667969 180.49293518066406 316.20394134521484 180.49293518066406 316.20394134521484 208.97750282287598 283.6501159667969 208.97750282287598
282.3843994140625 180.9854278564453 315.4934539794922 180.9854278564453 315.4934539794922 209.95582008361816 282.3843994140625 209.95582008361816
282.97967529296875 180.80751037597656 316.01746368408203 180.80751037597656 316.01746368408203 209.71554565429688 282.97967529296875 209.71554565429688
283.14886474609375 181.30252075195312 316.40911865234375 181.30252075195312 316.40911865234375 210.40521240234375 283.14886474609375 210.40521240234375
281.36907958984375 180.99205017089844 315.14696502685547 180.99205017089844 315.14696502685547 210.54767227172852 281.36907958984375 210.54767227172852
279.17913818359375 181.52334594726562 313.3495101928711 181.52334594726562 313.3495101928711 211.42239379882812 279.17913818359375 211.42239379882812
278.11395263671875 180.1791229248047 312.6974678039551 180.1791229248047 312.6974678039551 210.43967056274414 278.11395263671875 210.43967056274414
277.0768737792969 181.5135955810547 311.1010551452637 181.5135955810547 311.1010551452637 211.28472900390625 277.0768737792969 211.28472900390625
275.4625549316406 181.3578643798828 309.5454788208008 181.3578643798828 309.5454788208008 211.18039894104004 275.4625549316406 211.18039894104004
276.04656982421875 181.533447265625 310.28600311279297 181.533447265625 310.28600311279297 211.49292945861816 276.04656982421875 211.49292945861816
273.8353271484375 180.685546875 308.78793716430664 180.685546875 308.78793716430664 211.26905822753906 273.8353271484375 211.26905822753906
270.4766540527344 181.02838134765625 306.0521697998047 181.02838134765625 306.0521697998047 212.1569366455078 270.4766540527344 212.1569366455078
271.43890380859375 180.36874389648438 307.1936721801758 180.36874389648438 307.1936721801758 211.65414428710938 271.43890380859375 211.65414428710938
269.4103088378906 181.78079223632812 305.0245018005371 181.78079223632812 305.0245018005371 212.9431915283203 269.4103088378906 212.9431915283203
267.4121398925781 181.63388061523438 303.3483352661133 181.63388061523438 303.3483352661133 213.07803344726562 267.4121398925781 213.07803344726562
265.5438232421875 181.5355224609375 302.26123809814453 181.5355224609375 302.26123809814453 213.66324615478516 265.5438232421875 213.66324615478516
262.99188232421875 181.27743530273438 300.3725814819336 181.27743530273438 300.3725814819336 213.98553466796875 262.99188232421875 213.98553466796875
261.2669982910156 180.8285369873047 299.09566497802734 180.8285369873047 299.09566497802734 213.92860794067383 261.2669982910156 213.92860794067383
259.2152099609375 181.20718383789062 297.5773391723633 181.20718383789062 297.5773391723633 214.77404022216797 259.2152099609375 214.77404022216797
256.98248291015625 181.38400268554688 295.65506744384766 181.38400268554688 295.65506744384766 215.2225112915039 256.98248291015625 215.2225112915039
257.03338623046875 180.05361938476562 296.2188034057617 180.05361938476562 296.2188034057617 214.34085845947266 257.03338623046875 214.34085845947266
255.44656372070312 180.67062377929688 294.73181915283203 180.67062377929688 294.73181915283203 215.04521942138672 255.44656372070312 215.04521942138672
252.60104370117188 180.14559936523438 292.64477920532227 180.14559936523438 292.64477920532227 215.18386459350586 252.60104370117188 215.18386459350586
250.07351684570312 181.0851593017578 290.10130310058594 181.0851593017578 290.10130310058594 216.1094741821289 250.07351684570312 216.1094741821289
247.20944213867188 181.5330352783203 287.0873603820801 181.5330352783203 287.0873603820801 216.42621231079102 247.20944213867188 216.42621231079102
245.0846710205078 180.14300537109375 286.1356735229492 180.14300537109375 286.1356735229492 216.06262969970703 245.0846710205078 216.06262969970703
241.7112274169922 182.0677490234375 283.1420021057129 182.0677490234375 283.1420021057129 218.3196792602539 241.7112274169922 218.3196792602539
238.46621704101562 181.06295776367188 280.86359786987305 181.06295776367188 280.86359786987305 218.1606674194336 238.46621704101562 218.1606674194336
234.9670867919922 181.64102172851562 277.4604263305664 181.64102172851562 277.4604263305664 218.82269668579102 234.9670867919922 218.82269668579102
231.3988037109375 181.87149047851562 274.73881912231445 181.87149047851562 274.73881912231445 219.79400634765625 231.3988037109375 219.79400634765625
232.6610870361328 181.3288116455078 276.0900001525879 181.3288116455078 276.0900001525879 219.3291130065918 232.6610870361328 219.3291130065918
228.08151245117188 182.06576538085938 272.3999710083008 182.06576538085938 272.3999710083008 220.84442520141602 228.08151245117188 220.84442520141602
223.64254760742188 181.8314208984375 269.3277702331543 181.8314208984375 269.3277702331543 221.80599975585938 223.64254760742188 221.80599975585938
220.7075653076172 181.6953582763672 266.6412696838379 181.6953582763672 266.6412696838379 221.88735580444336 220.7075653076172 221.88735580444336
217.63455200195312 182.08912658691406 264.8390808105469 182.08912658691406 264.8390808105469 223.3931007385254 217.63455200195312 223.3931007385254
215.0192413330078 181.1309356689453 262.4401092529297 181.1309356689453 262.4401092529297 222.62419891357422 215.0192413330078 222.62419891357422
207.7726593017578 181.93667602539062 255.7751235961914 181.93667602539062 255.7751235961914 223.93883514404297 207.7726593017578 223.93883514404297
204.9359893798828 181.22462463378906 253.59900665283203 181.22462463378906 253.59900665283203 223.80477142333984 204.9359893798828 223.80477142333984
202.2895050048828 183.1509246826172 250.55018615722656 183.1509246826172 250.55018615722656 225.37902450561523 202.2895050048828 225.37902450561523
197.98141479492188 182.240478515625 246.96929931640625 182.240478515625 246.96929931640625 225.1048812866211 197.98141479492188 225.1048812866211
197.04135131835938 180.35435485839844 247.09478759765625 180.35435485839844 247.09478759765625 224.15111923217773 197.04135131835938 224.15111923217773
193.03543090820312 183.13833618164062 242.6255874633789 183.13833618164062 242.6255874633789 226.52973175048828 193.03543090820312 226.52973175048828
186.63902282714844 183.40261840820312 236.7277374267578 183.40261840820312 236.7277374267578 227.2302474975586 186.63902282714844 227.2302474975586
183.2376708984375 182.99343872070312 234.22669219970703 182.99343872070312 234.22669219970703 227.60883331298828 183.2376708984375 227.60883331298828
177.13613891601562 184.7443389892578 228.2875862121582 184.7443389892578 228.2875862121582 229.5018539428711 177.13613891601562 229.5018539428711
173.7731475830078 185.37123107910156 224.86281967163086 185.37123107910156 224.86281967163086 230.07468795776367 173.7731475830078 230.07468795776367
165.14141845703125 187.01400756835938 216.3298797607422 187.01400756835938 216.3298797607422 231.80390167236328 165.14141845703125 231.80390167236328
160.2523956298828 185.0400848388672 212.8314971923828 185.0400848388672 212.8314971923828 231.0467872619629 160.2523956298828 231.0467872619629
160.62521362304688 184.6665802001953 213.8261489868164 184.6665802001953 213.8261489868164 231.2173843383789 160.62521362304688 231.2173843383789
155.5954132080078 185.96876525878906 208.72107315063477 185.96876525878906 208.72107315063477 232.4537010192871 155.5954132080078 232.4537010192871
150.00970458984375 186.31192016601562 204.0718002319336 186.31192016601562 204.0718002319336 233.6162338256836 150.00970458984375 233.6162338256836
140.48255920410156 186.17822265625 195.11023330688477 186.17822265625 195.11023330688477 233.9774169921875 140.48255920410156 233.9774169921875
133.69509887695312 187.84085083007812 188.73184204101562 187.84085083007812 188.73184204101562 235.99797821044922 133.69509887695312 235.99797821044922
128.02334594726562 188.71160888671875 183.2086296081543 188.71160888671875 183.2086296081543 236.99871063232422 128.02334594726562 236.99871063232422
123.2630386352539 189.06692504882812 178.95647048950195 189.06692504882812 178.95647048950195 237.79865264892578 123.2630386352539 237.79865264892578
111.56333923339844 190.14488220214844 168.27002716064453 190.14488220214844 168.27002716064453 239.76321029663086 111.56333923339844 239.76321029663086
112.569091796875 188.3488311767578 170.06769943237305 188.3488311767578 170.06769943237305 238.66008758544922 112.569091796875 238.66008758544922
104.4561767578125 189.94296264648438 162.1290054321289 189.94296264648438 162.1290054321289 240.40665817260742 104.4561767578125 240.40665817260742
95.23638916015625 193.30274963378906 153.4515609741211 193.30274963378906 153.4515609741211 244.24099731445312 95.23638916015625 244.24099731445312
85.55956268310547 190.01840209960938 145.33639526367188 190.01840209960938 145.33639526367188 242.32310104370117 85.55956268310547 242.32310104370117
76.46916198730469 192.17860412597656 137.20042419433594 192.17860412597656 137.20042419433594 245.31842803955078 76.46916198730469 245.31842803955078
68.080078125 190.73321533203125 130.54036712646484 190.73321533203125 130.54036712646484 245.38593292236328 68.080078125 245.38593292236328
58.9979133605957 193.38526916503906 121.77569198608398 193.38526916503906 121.77569198608398 248.31578826904297 58.9979133605957 248.31578826904297
48.0166130065918 191.5373992919922 112.65555953979492 191.5373992919922 112.65555953979492 248.09644317626953 48.0166130065918 248.09644317626953
33.43403244018555 193.25442504882812 97.93252182006836 193.25442504882812 97.93252182006836 249.69055938720703 33.43403244018555 249.69055938720703
23.78285789489746 196.00344848632812 88.06788444519043 196.00344848632812 88.06788444519043 252.25279998779297 23.78285789489746 252.25279998779297
12.652631759643555 196.70962524414062 77.30292320251465 196.70962524414062 77.30292320251465 253.2785873413086 12.652631759643555 253.2785873413086
