125.0 84.0 148.0 84.0 148.0 101.0 125.0 101.0
125.6199722290039 84.72631072998047 148.67934799194336 84.72631072998047 148.67934799194336 101.77019500732422 125.6199722290039 101.77019500732422
126.62321472167969 85.4490737915039 149.8408374786377 85.4490737915039 149.8408374786377 102.60992240905762 126.62321472167969 102.60992240905762
128.06814575195312 86.0750732421875 151.6445655822754 86.0750732421875 151.6445655822754 103.50111961364746 128.06814575195312 103.50111961364746
129.39822387695312 86.56329345703125 152.7522678375244 86.56329345703125 152.7522678375244 103.8249740600586 129.39822387695312 103.8249740600586
129.73072814941406 87.73787689208984 153.1710319519043 87.73787689208984 153.1710319519043 105.06331634521484 129.73072814941406 105.06331634521484
130.40487670898438 88.22676086425781 153.78697776794434 88.22676086425781 153.78697776794434 105.50918197631836 130.40487670898438 105.50918197631836
131.74588012695312 88.54489135742188 155.1551055908203 88.54489135742188 155.1551055908203 105.84736061096191 131.74588012695312 105.84736061096191
130.8623504638672 88.85041046142578 154.04323768615723 88.85041046142578 154.04323768615723 105.9841079711914 130.8623504638672 105.9841079711914
132.6461944580078 90.09822082519531 155.89375114440918 90.09822082519531 155.89375114440918 107.28119659423828 132.6461944580078 107.28119659423828
133.2259521484375 90.49504089355469 156.77742767333984 90.49504089355469 156.77742767333984 107.90265274047852 133.2259521484375 107.90265274047852
133.98190307617188 91.08712768554688 157.5409450531006 91.08712768554688 157.5409450531006 108.50033378601074 133.98190307617188 108.50033378601074
134.27005004882812 91.639892578125 158.15134620666504 91.639892578125 158.15134620666504 109.29128646850586 134.27005004882812 109.29128646850586
135.7910614013672 92.7245864868164 159.3678684234619 92.7245864868164 159.3678684234619 110.15092086791992 135.7910614013672 110.15092086791992
136.8209991455078 93.08084106445312 160.56614112854004 93.08084106445312 160.56614112854004 110.63159561157227 136.8209991455078 110.63159561157227
137.39126586914062 93.81189727783203 161.31441116333008 93.81189727783203 161.31441116333008 111.49422073364258 137.39126586914062 111.49422073364258
138.24282836914062 94.51168060302734 162.11643600463867 94.51168060302734 162.11643600463867 112.15739059448242 138.24282836914062 112.15739059448242
138.5120391845703 95.35548400878906 162.4615364074707 95.35548400878906 162.4615364074707 113.05728530883789 138.5120391845703 113.05728530883789
139.73512268066406 96.28270721435547 163.82065200805664 96.28270721435547 163.82065200805664 114.08505439758301 139.73512268066406 114.08505439758301
139.52012634277344 95.89066314697266 164.0951442718506 95.89066314697266 164.0951442718506 114.05480575561523 139.52012634277344 114.05480575561523
140.14749145507812 96.80335998535156 164.56857109069824 96.80335998535156 164.56857109069824 114.85372161865234 140.14749145507812 114.85372161865234
140.3170166015625 97.34249877929688 165.1824951171875 97.34249877929688 165.1824951171875 115.72132873535156 140.3170166015625 115.72132873535156
141.70880126953125 97.99249267578125 166.59024620056152 97.99249267578125 166.59024620056152 116.38312339782715 141.70880126953125 116.38312339782715
141.91860961914062 98.46566009521484 167.0018653869629 98.46566009521484 167.0018653869629 117.00545501708984 141.91860961914062 117.00545501708984
142.39236450195312 99.45037841796875 167.6167507171631 99.45037841796875 167.6167507171631 118.09448623657227 142.39236450195312 118.09448623657227
143.6677703857422 100.26957702636719 168.96583938598633 100.26957702636719 168.96583938598633 118.9681453704834 143.6677703857422 118.9681453704834
144.08450317382812 101.10711669921875 168.97275924682617 101.10711669921875 168.97275924682617 119.50278091430664 144.08450317382812 119.50278091430664
145.1837921142578 102.01304626464844 169.9978427886963 102.01304626464844 169.9978427886963 120.35386276245117 145.1837921142578 120.35386276245117
146.0672149658203 103.21101379394531 170.7358055114746 103.21101379394531 170.7358055114746 121.44431495666504 146.0672149658203 121.44431495666504
146.22845458984375 103.72123718261719 171.28569793701172 103.72123718261719 171.28569793701172 122.2418041229248 146.22845458984375 122.2418041229248
146.57785034179688 103.8431167602539 171.25270080566406 103.8431167602539 171.25270080566406 122.08104705810547 146.57785034179688 122.08104705810547
147.22755432128906 104.61799621582031 172.0198631286621 104.61799621582031 172.0198631286621 122.94274520874023 147.22755432128906 122.94274520874023
147.82345581054688 105.3406982421875 172.67173767089844 105.3406982421875 172.67173767089844 123.70682144165039 147.82345581054688 123.70682144165039
148.6632537841797 106.16392517089844 173.5308837890625 106.16392517089844 173.5308837890625 124.54435157775879 148.6632537841797 124.54435157775879
149.73394775390625 107.43392181396484 174.43909645080566 107.43392181396484 174.43909645080566 125.69425392150879 149.73394775390625 125.69425392150879
150.77328491210938 108.60774993896484 175.80352592468262 108.60774993896484 175.80352592468262 127.10836601257324 150.77328491210938 127.10836601257324
150.99856567382812 109.08027648925781 175.97138595581055 109.08027648925781 175.97138595581055 127.5384521484375 150.99856567382812 127.5384521484375
151.5277557373047 110.11800384521484 176.3575553894043 110.11800384521484 176.3575553894043 128.47046661376953 151.5277557373047 128.47046661376953
152.16799926757812 110.83707427978516 176.91315841674805 110.83707427978516 176.91315841674805 129.1269760131836 152.16799926757812 129.1269760131836
151.8901824951172 110.67584228515625 176.82057762145996 110.67584228515625 176.82057762145996 129.10265731811523 151.8901824951172 129.10265731811523
153.1472930908203 112.07026672363281 178.5432472229004 112.07026672363281 178.5432472229004 130.84119033813477 153.1472930908203 130.84119033813477
153.55679321289062 113.08186340332031 179.35383987426758 113.08186340332031 179.35383987426758 132.1492462158203 153.55679321289062 132.1492462158203
154.58668518066406 114.04243469238281 179.97040557861328 114.04243469238281 179.97040557861328 132.80431747436523 154.58668518066406 132.80431747436523
154.9078369140625 114.91859436035156 180.42195510864258 114.91859436035156 180.42195510864258 133.77685928344727 154.9078369140625 133.77685928344727
155.63575744628906 115.76109313964844 181.07390022277832 115.76109313964844 181.07390022277832 134.56320190429688 155.63575744628906 134.56320190429688
156.0739288330078 116.76484680175781 181.7608642578125 116.76484680175781 181.7608642578125 135.75084495544434 156.0739288330078 135.75084495544434
157.63833618164062 118.1688461303711 183.10691452026367 118.1688461303711 183.10691452026367 136.99345016479492 157.63833618164062 136.99345016479492
157.87875366210938 118.9112319946289 183.6491813659668 118.9112319946289 183.6491813659668 137.95894241333008 157.87875366210938 137.95894241333008
159.130859375 119.6709976196289 184.96789169311523 119.6709976196289 184.96789169311523 138.7679386138916 159.130859375 138.7679386138916
159.78341674804688 121.25775146484375 186.1519775390625 121.25775146484375 186.1519775390625 140.74756050109863 159.78341674804688 140.74756050109863
159.35714721679688 121.42277526855469 185.61996459960938 121.42277526855469 185.61996459960938 140.83442497253418 159.35714721679688 140.83442497253418
160.24264526367188 122.02409362792969 187.15654373168945 122.02409362792969 187.15654373168945 141.91697692871094 160.24264526367188 141.91697692871094
160.03370666503906 123.2025375366211 186.8078155517578 123.2025375366211 186.8078155517578 142.9920997619629 160.03370666503906 142.9920997619629
161.26231384277344 124.58518981933594 187.97648239135742 124.58518981933594 187.97648239135742 144.33044815063477 161.26231384277344 144.33044815063477
161.84417724609375 124.3272705078125 189.0103302001953 124.3272705078125 189.0103302001953 144.4066047668457 161.84417724609375 144.4066047668457
163.0609588623047 125.8973388671875 190.38169860839844 125.8973388671875 190.38169860839844 146.09093284606934 163.0609588623047 146.09093284606934
162.7445068359375 126.42524719238281 190.56337547302246 126.42524719238281 190.56337547302246 146.98702430725098 162.7445068359375 146.98702430725098
163.3488006591797 128.6133270263672 191.6004524230957 128.6133270263672 191.6004524230957 149.49498748779297 163.3488006591797 149.49498748779297
166.64715576171875 131.08639526367188 195.11688232421875 131.08639526367188 195.11688232421875 152.12924194335938 166.64715576171875 152.12924194335938
167.05982971191406 132.30227661132812 195.18668746948242 132.30227661132812 195.18668746948242 153.09169960021973 167.05982971191406 153.09169960021973
166.85009765625 132.23214721679688 194.8232307434082 132.23214721679688 194.8232307434082 152.9079475402832 166.85009765625 152.9079475402832
167.56039428710938 133.59796142578125 195.8029899597168 133.59796142578125 195.8029899597168 154.47293090820312 167.56039428710938 154.47293090820312
167.89138793945312 134.22442626953125 196.53859329223633 134.22442626953125 196.53859329223633 155.39845657348633 167.89138793945312 155.39845657348633
168.02322387695312 134.1244659423828 197.4050693511963 134.1244659423828 197.4050693511963 155.84149360656738 168.02322387695312 155.84149360656738
168.72462463378906 134.82595825195312 198.84466171264648 134.82595825195312 198.84466171264648 157.08860778808594 168.72462463378906 157.08860778808594
169.21597290039062 136.6769256591797 199.50969314575195 136.6769256591797 199.50969314575195 159.0679473876953 169.21597290039062 159.0679473876953
171.18057250976562 138.45594787597656 201.14641952514648 138.45594787597656 201.14641952514648 160.60462760925293 171.18057250976562 160.60462760925293
171.42367553710938 139.45620727539062 201.44307899475098 139.45620727539062 201.44307899475098 161.64447021484375 171.42367553710938 161.64447021484375
171.9724884033203 140.57928466796875 202.51734924316406 140.57928466796875 202.51734924316406 163.1559295654297 171.9724884033203 163.1559295654297
173.14263916015625 142.68917846679688 203.49413681030273 142.68917846679688 203.49413681030273 165.1229019165039 173.14263916015625 165.1229019165039
173.23841857910156 141.89544677734375 203.56770706176758 141.89544677734375 203.56770706176758 164.3127555847168 173.23841857910156 164.3127555847168
174.282470703125 143.55899047851562 204.93131637573242 143.55899047851562 204.93131637573242 166.21249389648438 174.282470703125 166.21249389648438
176.57870483398438 146.6309356689453 207.66769409179688 146.6309356689453 207.66769409179688 169.60976219177246 176.57870483398438 169.60976219177246
175.8250732421875 146.8109130859375 207.1829013824463 146.8109130859375 207.1829013824463 169.98844528198242 175.8250732421875 169.98844528198242
177.26773071289062 148.61349487304688 208.8057804107666 148.61349487304688 208.8057804107666 171.9242343902588 177.26773071289062 171.9242343902588
178.2797088623047 149.30569458007812 210.29257202148438 149.30569458007812 210.29257202148438 172.96738243103027 178.2797088623047 172.96738243103027
179.3065643310547 150.54196166992188 211.08111953735352 150.54196166992188 211.08111953735352 174.02750778198242 179.3065643310547 174.02750778198242
180.88787841796875 152.1710968017578 213.31327056884766 152.1710968017578 213.31327056884766 176.13769912719727 180.88787841796875 176.13769912719727
182.0375213623047 154.4870147705078 214.71502304077148 154.4870147705078 214.71502304077148 178.63995933532715 182.0375213623047 178.63995933532715
182.89447021484375 155.85671997070312 215.18342208862305 155.85671997070312 215.18342208862305 179.72247695922852 182.89447021484375 179.72247695922852
184.72396850585938 156.38497924804688 217.16725158691406 156.38497924804688 217.16725158691406 180.36480522155762 184.72396850585938 180.36480522155762
186.54782104492188 158.27645874023438 219.18650436401367 158.27645874023438 219.18650436401367 182.40071296691895 186.54782104492188 182.40071296691895
188.114990234375 159.62741088867188 220.5275650024414 159.62741088867188 220.5275650024414 183.58453941345215 188.114990234375 183.58453941345215
187.87344360351562 159.9544677734375 221.07417678833008 159.9544677734375 221.07417678833008 184.49415016174316 187.87344360351562 184.49415016174316
189.0260467529297 160.9053955078125 222.2112922668457 160.9053955078125 222.2112922668457 185.43362998962402 189.0260467529297 185.43362998962402
190.77096557617188 163.9999542236328 223.45658493041992 163.9999542236328 223.45658493041992 188.1589012145996 190.77096557617188 188.1589012145996
192.4873504638672 166.25221252441406 225.21440505981445 166.25221252441406 225.21440505981445 190.4417839050293 192.4873504638672 190.4417839050293
195.1799774169922 168.2222137451172 227.63110733032227 168.2222137451172 227.63110733032227 192.2078399658203 195.1799774169922 192.2078399658203
196.35025024414062 169.05245971679688 229.26112747192383 169.05245971679688 229.26112747192383 193.37789916992188 196.35025024414062 193.37789916992188
197.08837890625 170.4493408203125 229.81457138061523 170.4493408203125 229.81457138061523 194.6382713317871 197.08837890625 194.6382713317871
196.1575164794922 171.7835235595703 228.56325149536133 171.7835235595703 228.56325149536133 195.73559379577637 196.1575164794922 195.73559379577637
198.66604614257812 172.52700805664062 231.13948822021484 172.52700805664062 231.13948822021484 196.52912521362305 198.66604614257812 196.52912521362305
200.7843780517578 173.6670379638672 233.48175430297852 173.6670379638672 233.48175430297852 197.83467483520508 200.7843780517578 197.83467483520508
200.6322784423828 173.4586639404297 233.59003067016602 173.4586639404297 233.59003067016602 197.81875228881836 200.6322784423828 197.81875228881836
201.10548400878906 173.93814086914062 234.73616790771484 173.93814086914062 234.73616790771484 198.79561233520508 201.10548400878906 198.79561233520508
203.38131713867188 176.48477172851562 237.37548828125 176.48477172851562 237.37548828125 201.61090850830078 203.38131713867188 201.61090850830078
212.74795532226562 185.1532440185547 246.63268280029297 185.1532440185547 246.63268280029297 210.19849014282227 212.74795532226562 210.19849014282227
212.67691040039062 185.01913452148438 246.69610977172852 185.01913452148438 246.69610977172852 210.1637725830078 212.67691040039062 210.1637725830078
215.8533172607422 186.57484436035156 249.83330917358398 186.57484436035156 249.83330917358398 211.69050216674805 215.8533172607422 211.69050216674805
218.2827911376953 188.55963134765625 251.5618667602539 188.55963134765625 251.5618667602539 213.15722274780273 218.2827911376953 213.15722274780273
219.3815155029297 188.45742797851562 252.51516723632812 188.45742797851562 252.51516723632812 212.9475326538086 219.3815155029297 212.9475326538086
219.5083770751953 188.1853485107422 252.14512252807617 188.1853485107422 252.14512252807617 212.30817222595215 219.5083770751953 212.30817222595215
219.0627899169922 187.7229766845703 251.30974578857422 187.7229766845703 251.30974578857422 211.55769729614258 219.0627899169922 211.55769729614258
219.6940155029297 190.1751708984375 251.1544246673584 190.1751708984375 251.1544246673584 213.42853164672852 219.6940155029297 213.42853164672852
219.94955444335938 188.97071838378906 251.26862144470215 188.97071838378906 251.26862144470215 212.11960983276367 219.94955444335938 212.11960983276367
223.642333984375 191.5151824951172 254.48678016662598 191.5151824951172 254.48678016662598 214.3132667541504 223.642333984375 214.3132667541504
226.09890747070312 195.96615600585938 256.5120849609375 195.96615600585938 256.5120849609375 218.44547653198242 226.09890747070312 218.44547653198242
234.16067504882812 207.83056640625 264.1236228942871 207.83056640625 264.1236228942871 229.97710990905762 234.16067504882812 229.97710990905762
241.9539031982422 221.53713989257812 271.7279357910156 221.53713989257812 271.7279357910156 243.5440502166748 241.9539031982422 243.5440502166748
246.089599609375 219.00576782226562 275.40924644470215 219.00576782226562 275.40924644470215 240.6768283843994 246.089599609375 240.6768283843994
247.9368438720703 221.53927612304688 276.7480125427246 221.53927612304688 276.7480125427246 242.8345069885254 247.9368438720703 242.8345069885254
248.4735870361328 221.0326385498047 277.5464382171631 221.0326385498047 277.5464382171631 242.52128791809082 248.4735870361328 242.52128791809082
251.88156127929688 226.84530639648438 281.21807289123535 226.84530639648438 281.21807289123535 248.52883338928223 251.88156127929688 248.52883338928223
251.0220947265625 225.6255340576172 280.5128574371338 225.6255340576172 280.5128574371338 247.42307090759277 251.0220947265625 247.42307090759277
252.96047973632812 228.43313598632812 283.40998458862305 228.43313598632812 283.40998458862305 250.93931007385254 252.96047973632812 250.93931007385254
252.9682159423828 229.5625457763672 284.1070137023926 229.5625457763672 284.1070137023926 252.57819747924805 252.9682159423828 252.57819747924805
248.9594268798828 218.7336883544922 280.519079208374 218.7336883544922 280.519079208374 242.0604076385498 248.9594268798828 242.0604076385498
251.74179077148438 222.2828826904297 283.19293212890625 222.2828826904297 283.19293212890625 245.52939796447754 251.74179077148438 245.52939796447754
254.3798828125 224.76425170898438 285.64751625061035 224.76425170898438 285.64751625061035 247.87512969970703 254.3798828125 247.87512969970703
258.90069580078125 228.33047485351562 289.59052658081055 228.33047485351562 289.59052658081055 251.0142822265625 258.90069580078125 251.0142822265625
261.181396484375 230.9148712158203 291.9834804534912 230.9148712158203 291.9834804534912 253.6816463470459 261.181396484375 253.6816463470459
261.43145751953125 230.9871063232422 292.8268795013428 230.9871063232422 292.8268795013428 254.1924343109131 261.43145751953125 254.1924343109131
266.0344543457031 235.04409790039062 297.31678771972656 235.04409790039062 297.31678771972656 258.16583824157715 266.0344543457031 258.16583824157715
267.34478759765625 236.2251434326172 298.4343376159668 236.2251434326172 298.4343376159668 259.2043933868408 267.34478759765625 259.2043933868408
272.1246643066406 240.93289184570312 302.7548828125 240.93289184570312 302.7548828125 263.57263565063477 272.1246643066406 263.57263565063477
