117.0 72.0 143.0 72.0 143.0 96.0 117.0 96.0
116.71146392822266 71.75235748291016 142.38323783874512 71.75235748291016 142.38323783874512 95.44937896728516 116.71146392822266 95.44937896728516
116.40470886230469 71.8951416015625 142.14145278930664 71.8951416015625 142.14145278930664 95.65213394165039 116.40470886230469 95.65213394165039
117.90860748291016 73.54336547851562 143.3398094177246 73.54336547851562 143.3398094177246 97.01832008361816 117.90860748291016 97.01832008361816
118.1178207397461 73.47542572021484 143.54791259765625 73.47542572021484 143.54791259765625 96.94935607910156 118.1178207397461 96.94935607910156
119.6545639038086 74.67027282714844 145.35393524169922 74.67027282714844 145.35393524169922 98.39276695251465 119.6545639038086 98.39276695251465
119.66644287109375 74.89237213134766 145.80615234375 74.89237213134766 145.80615234375 99.02133178710938 119.66644287109375 99.02133178710938
120.58628845214844 76.24700927734375 146.2408504486084 76.24700927734375 146.2408504486084 99.92813873291016 120.58628845214844 99.92813873291016
121.08353424072266 76.4498519897461 147.05109405517578 76.4498519897461 147.05109405517578 100.41990280151367 121.08353424072266 100.41990280151367
121.8556137084961 77.40998840332031 147.7261791229248 77.40998840332031 147.7261791229248 101.29050636291504 121.8556137084961 101.29050636291504
122.08222961425781 77.51513671875 148.15203475952148 77.51513671875 148.15203475952148 101.57957077026367 122.08222961425781 101.57957077026367
123.36247253417969 78.61270141601562 149.04831314086914 78.61270141601562 149.04831314086914 102.32270431518555 123.36247253417969 102.32270431518555
123.1162338256836 78.41602325439453 149.15757942199707 78.41602325439453 149.15757942199707 102.45418167114258 123.1162338256836 102.45418167114258
124.28483581542969 80.41419982910156 150.22130393981934 80.41419982910156 150.22130393981934 104.35554885864258 124.28483581542969 104.35554885864258
123.8902359008789 79.68165588378906 150.41326141357422 79.68165588378906 150.41326141357422 104.16444396972656 123.8902359008789 104.16444396972656
124.79298400878906 80.76142120361328 151.223388671875 80.76142120361328 151.223388671875 105.15871238708496 124.79298400878906 105.15871238708496
124.4308853149414 80.64855194091797 150.82735443115234 80.64855194091797 150.82735443115234 105.01451683044434 124.4308853149414 105.01451683044434
125.99510192871094 81.96930694580078 152.82634925842285 81.96930694580078 152.82634925842285 106.73660469055176 125.99510192871094 106.73660469055176
126.02864837646484 82.12946319580078 152.72631645202637 82.12946319580078 152.72631645202637 106.77345848083496 126.02864837646484 106.77345848083496
127.76716613769531 83.57441711425781 154.9352207183838 83.57441711425781 154.9352207183838 108.65261268615723 127.76716613769531 108.65261268615723
127.69937896728516 83.67447662353516 155.23183822631836 83.67447662353516 155.23183822631836 109.08904266357422 127.69937896728516 109.08904266357422
129.00213623046875 84.87064361572266 156.67002487182617 84.87064361572266 156.67002487182617 110.41022109985352 129.00213623046875 110.41022109985352
128.9912872314453 84.74976348876953 157.05896377563477 84.74976348876953 157.05896377563477 110.65837860107422 128.9912872314453 110.65837860107422
130.6304168701172 85.57473754882812 159.1874179840088 85.57473754882812 159.1874179840088 111.93503761291504 130.6304168701172 111.93503761291504
131.11679077148438 85.83182525634766 159.66006088256836 85.83182525634766 159.66006088256836 112.17945098876953 131.11679077148438 112.17945098876953
132.93612670898438 87.75880432128906 162.01417541503906 87.75880432128906 162.01417541503906 114.60007095336914 132.93612670898438 114.60007095336914
132.4528045654297 87.39473724365234 161.9627342224121 87.39473724365234 161.9627342224121 114.6346607208252 132.4528045654297 114.6346607208252
133.91769409179688 88.9259033203125 163.45858764648438 88.9259033203125 163.45858764648438 116.19440841674805 133.91769409179688 116.19440841674805
134.0233154296875 89.23869323730469 163.6567268371582 89.23869323730469 163.6567268371582 116.59259986877441 134.0233154296875 116.59259986877441
136.54554748535156 91.77574157714844 165.62148475646973 91.77574157714844 165.62148475646973 118.61505508422852 136.54554748535156 118.61505508422852
137.20620727539062 91.59281158447266 165.6896572113037 91.59281158447266 165.6896572113037 117.88521575927734 137.20620727539062 117.88521575927734
137.78091430664062 93.28363037109375 166.1862735748291 93.28363037109375 166.1862735748291 119.50395202636719 137.78091430664062 119.50395202636719
138.6887969970703 93.2085189819336 167.023193359375 93.2085189819336 167.023193359375 119.36333465576172 138.6887969970703 119.36333465576172
139.96731567382812 94.37358093261719 168.3170509338379 94.37358093261719 168.3170509338379 120.54255294799805 139.96731567382812 120.54255294799805
138.74746704101562 94.47566986083984 167.58918380737305 94.47566986083984 167.58918380737305 121.0987777709961 138.74746704101562 121.0987777709961
141.1225128173828 96.17976379394531 169.84685707092285 96.17976379394531 169.84685707092285 122.69452857971191 141.1225128173828 122.69452857971191
141.06222534179688 96.16181945800781 170.17534828186035 96.16181945800781 170.17534828186035 123.03545570373535 141.06222534179688 123.03545570373535
141.46823120117188 97.47926330566406 170.65963172912598 97.47926330566406 170.65963172912598 124.42515563964844 141.46823120117188 124.42515563964844
141.3563232421875 97.8277816772461 171.00928115844727 97.8277816772461 171.00928115844727 125.19972610473633 141.3563232421875 125.19972610473633
140.7204132080078 97.3927001953125 170.68572998046875 97.3927001953125 170.68572998046875 125.052978515625 140.7204132080078 125.052978515625
143.69052124023438 99.18669128417969 173.50315475463867 99.18669128417969 173.50315475463867 126.70603370666504 143.69052124023438 126.70603370666504
142.7684326171875 99.17349243164062 172.62221717834473 99.17349243164062 172.62221717834473 126.73081970214844 142.7684326171875 126.73081970214844
144.05224609375 100.18351745605469 174.39918899536133 100.18351745605469 174.39918899536133 128.19606971740723 144.05224609375 128.19606971740723
146.86318969726562 102.9412841796875 177.32486534118652 102.9412841796875 177.32486534118652 131.05974769592285 146.86318969726562 131.05974769592285
147.41485595703125 102.5334701538086 177.41884803771973 102.5334701538086 177.41884803771973 130.2294578552246 147.41485595703125 130.2294578552246
149.54966735839844 104.95731353759766 179.29008102416992 104.95731353759766 179.29008102416992 132.40999603271484 149.54966735839844 132.40999603271484
149.30068969726562 105.011962890625 178.91772842407227 105.011962890625 178.91772842407227 132.3507595062256 149.30068969726562 132.3507595062256
150.08291625976562 105.7085952758789 180.18356323242188 105.7085952758789 180.18356323242188 133.49380111694336 150.08291625976562 133.49380111694336
150.049072265625 105.80523681640625 180.40628051757812 105.80523681640625 180.40628051757812 133.82726669311523 150.049072265625 133.82726669311523
151.97567749023438 107.14447021484375 182.6949405670166 107.14447021484375 182.6949405670166 135.50070571899414 151.97567749023438 135.50070571899414
151.11776733398438 107.4848403930664 182.35658264160156 107.4848403930664 182.35658264160156 136.3206615447998 151.11776733398438 136.3206615447998
151.42739868164062 107.0945816040039 182.29664039611816 107.0945816040039 182.29664039611816 135.58925247192383 151.42739868164062 135.58925247192383
153.2032012939453 108.72038269042969 184.3929328918457 108.72038269042969 184.3929328918457 137.51088905334473 153.2032012939453 137.51088905334473
153.41726684570312 108.25089263916016 184.84563636779785 108.25089263916016 184.84563636779785 137.26167678833008 153.41726684570312 137.26167678833008
154.15817260742188 109.26531982421875 186.04933547973633 109.26531982421875 186.04933547973633 138.7032985687256 154.15817260742188 138.7032985687256
156.4700164794922 111.74188232421875 188.1984519958496 111.74188232421875 188.1984519958496 141.02965354919434 156.4700164794922 141.02965354919434
156.77598571777344 112.0940170288086 187.87433433532715 112.0940170288086 187.87433433532715 140.80016899108887 156.77598571777344 140.80016899108887
156.6439971923828 111.24308013916016 187.9234104156494 111.24308013916016 187.9234104156494 140.11636543273926 156.6439971923828 140.11636543273926
159.68972778320312 114.52420806884766 191.5998592376709 114.52420806884766 191.5998592376709 143.97969436645508 159.68972778320312 143.97969436645508
158.4854278564453 114.00370025634766 190.59178924560547 114.00370025634766 190.59178924560547 143.64032745361328 158.4854278564453 143.64032745361328
161.8620147705078 115.97257995605469 194.03954315185547 115.97257995605469 194.03954315185547 145.67490005493164 161.8620147705078 145.67490005493164
161.71499633789062 115.76253509521484 193.5082130432129 115.76253509521484 193.5082130432129 145.11010551452637 161.71499633789062 145.11010551452637
163.12977600097656 117.3466796875 194.91639137268066 117.3466796875 194.91639137268066 146.68815231323242 163.12977600097656 146.68815231323242
164.84255981445312 118.2095947265625 197.0777130126953 118.2095947265625 197.0777130126953 147.96510314941406 164.84255981445312 147.96510314941406
168.22579956054688 121.00035095214844 200.43199920654297 121.00035095214844 200.43199920654297 150.72913551330566 168.22579956054688 150.72913551330566
167.33871459960938 120.65909576416016 200.03400802612305 120.65909576416016 200.03400802612305 150.83935356140137 167.33871459960938 150.83935356140137
170.64881896972656 122.92720031738281 203.63499069213867 122.92720031738281 203.63499069213867 153.37596130371094 170.64881896972656 153.37596130371094
169.69554138183594 123.0296630859375 203.0133056640625 123.0296630859375 203.0133056640625 153.78450965881348 169.69554138183594 153.78450965881348
172.99362182617188 125.36314392089844 206.06708145141602 125.36314392089844 206.06708145141602 155.89248085021973 172.99362182617188 155.89248085021973
172.54220581054688 125.2296371459961 205.6248016357422 125.2296371459961 205.6248016357422 155.76740646362305 172.54220581054688 155.76740646362305
174.5482940673828 127.12109375 207.42689514160156 127.12109375 207.42689514160156 157.47056198120117 174.5482940673828 157.47056198120117
174.09109497070312 126.5302505493164 207.04021453857422 126.5302505493164 207.04021453857422 156.9448127746582 174.09109497070312 156.9448127746582
175.3368377685547 128.21226501464844 208.53764724731445 128.21226501464844 208.53764724731445 158.85915184020996 175.3368377685547 158.85915184020996
176.1031036376953 128.18267822265625 208.36981582641602 128.18267822265625 208.36981582641602 157.96732139587402 176.1031036376953 157.96732139587402
177.8043975830078 129.971923828125 209.75026512145996 129.971923828125 209.75026512145996 159.46039962768555 177.8043975830078 159.46039962768555
177.88377380371094 130.19918823242188 209.2892608642578 130.19918823242188 209.2892608642578 159.18885231018066 177.88377380371094 159.18885231018066
178.63693237304688 131.59063720703125 209.90006637573242 131.59063720703125 209.90006637573242 160.4488983154297 178.63693237304688 160.4488983154297
178.5361785888672 131.5558624267578 209.85610961914062 131.5558624267578 209.85610961914062 160.466552734375 178.5361785888672 160.466552734375
180.20350646972656 133.6134796142578 211.33466148376465 133.6134796142578 211.33466148376465 162.34991455078125 180.20350646972656 162.34991455078125
179.56857299804688 133.72756958007812 210.18673133850098 133.72756958007812 210.18673133850098 161.99046897888184 179.56857299804688 161.99046897888184
181.7117462158203 135.46633911132812 212.72087478637695 135.46633911132812 212.72087478637695 164.09012985229492 181.7117462158203 164.09012985229492
181.13626098632812 135.23377990722656 211.8917236328125 135.23377990722656 211.8917236328125 163.62341690063477 181.13626098632812 163.62341690063477
184.40745544433594 138.37863159179688 214.23179054260254 138.37863159179688 214.23179054260254 165.90876388549805 184.40745544433594 165.90876388549805
184.30471801757812 137.98977661132812 214.34184646606445 137.98977661132812 214.34184646606445 165.71633338928223 184.30471801757812 165.71633338928223
190.10475158691406 140.35885620117188 220.5116672515869 140.35885620117188 220.5116672515869 168.4267520904541 190.10475158691406 168.4267520904541
188.73886108398438 139.0967559814453 218.32568740844727 139.0967559814453 218.32568740844727 166.40764808654785 188.73886108398438 166.40764808654785
190.95864868164062 142.54244995117188 220.58742141723633 142.54244995117188 220.58742141723633 169.89206314086914 190.95864868164062 169.89206314086914
190.4320526123047 142.08734130859375 220.30767822265625 142.08734130859375 220.30767822265625 169.66481971740723 190.4320526123047 169.66481971740723
190.8740997314453 142.4785614013672 220.4727382659912 142.4785614013672 220.4727382659912 169.80035972595215 190.8740997314453 169.80035972595215
190.67332458496094 141.29779052734375 220.30047225952148 141.29779052734375 220.30047225952148 168.64590454101562 190.67332458496094 168.64590454101562
192.05270385742188 143.43600463867188 221.3106632232666 143.43600463867188 221.3106632232666 170.44332885742188 192.05270385742188 170.44332885742188
191.09817504882812 143.74734497070312 220.56700706481934 143.74734497070312 220.56700706481934 170.94932174682617 191.09817504882812 170.94932174682617
193.2057647705078 142.79627990722656 222.2698097229004 142.79627990722656 222.2698097229004 169.62460327148438 193.2057647705078 169.62460327148438
194.26004028320312 142.3751220703125 223.6895351409912 142.3751220703125 223.6895351409912 169.5407829284668 194.26004028320312 169.5407829284668
207.33712768554688 151.87705993652344 236.58162879943848 151.87705993652344 236.58162879943848 178.87195777893066 207.33712768554688 178.87195777893066
207.4531707763672 153.07061767578125 236.91925430297852 153.07061767578125 236.91925430297852 180.2700538635254 207.4531707763672 180.2700538635254
212.237548828125 155.66256713867188 242.05277633666992 155.66256713867188 242.05277633666992 183.18428993225098 212.237548828125 183.18428993225098
212.50643920898438 155.3160858154297 241.60351943969727 155.3160858154297 241.60351943969727 182.17490196228027 212.50643920898438 182.17490196228027
211.84451293945312 155.1074676513672 240.4908905029297 155.1074676513672 240.4908905029297 181.5502529144287 211.84451293945312 181.5502529144287
221.56961059570312 167.95791625976562 250.0834083557129 167.95791625976562 250.0834083557129 194.2783203125 221.56961059570312 194.2783203125
221.8092803955078 166.83848571777344 250.25942420959473 166.83848571777344 250.25942420959473 193.1001319885254 221.8092803955078 193.1001319885254
225.3118896484375 168.3479766845703 253.33895874023438 168.3479766845703 253.33895874023438 194.21909141540527 225.3118896484375 194.21909141540527
226.95361328125 170.25758361816406 254.237060546875 170.25758361816406 254.237060546875 195.44227981567383 226.95361328125 195.44227981567383
227.26626586914062 170.6155242919922 253.7782325744629 170.6155242919922 253.7782325744629 195.08808517456055 227.26626586914062 195.08808517456055
232.24008178710938 176.44996643066406 258.42773818969727 176.44996643066406 258.42773818969727 200.62316513061523 232.24008178710938 200.62316513061523
233.93154907226562 179.17599487304688 259.9148769378662 179.17599487304688 259.9148769378662 203.16058158874512 233.93154907226562 203.16058158874512
235.98983764648438 179.3174285888672 261.63255882263184 179.3174285888672 261.63255882263184 202.98760986328125 235.98983764648438 202.98760986328125
236.0080108642578 179.3082733154297 261.21740531921387 179.3082733154297 261.21740531921387 202.57846069335938 236.0080108642578 202.57846069335938
236.41867065429688 180.47030639648438 261.2037124633789 180.47030639648438 261.2037124633789 203.34878540039062 236.41867065429688 203.34878540039062
238.47073364257812 181.62583923339844 263.20909881591797 181.62583923339844 263.20909881591797 204.46123123168945 238.47073364257812 204.46123123168945
238.5732421875 181.63333129882812 262.9379425048828 181.63333129882812 262.9379425048828 204.1238021850586 238.5732421875 204.1238021850586
240.58956909179688 183.59750366210938 264.96203231811523 183.59750366210938 264.96203231811523 206.09514236450195 240.58956909179688 206.09514236450195
245.85986328125 188.18338012695312 269.9555435180664 188.18338012695312 269.9555435180664 210.4255256652832 245.85986328125 210.4255256652832
246.2167510986328 188.44297790527344 269.8744144439697 188.44297790527344 269.8744144439697 210.28079986572266 246.2167510986328 210.28079986572266
246.00723266601562 187.52999877929688 269.50769996643066 187.52999877929688 269.50769996643066 209.22271537780762 246.00723266601562 209.22271537780762
250.89962768554688 192.91754150390625 274.42295837402344 192.91754150390625 274.42295837402344 214.6313648223877 250.89962768554688 214.6313648223877
251.32473754882812 193.2447509765625 275.0503692626953 193.2447509765625 275.0503692626953 215.1453151702881 251.32473754882812 215.1453151702881
251.93212890625 193.88888549804688 275.3244400024414 193.88888549804688 275.3244400024414 215.48176956176758 251.93212890625 215.48176956176758
252.37588500976562 194.2080535888672 275.44804763793945 194.2080535888672 275.44804763793945 215.50541877746582 252.37588500976562 215.50541877746582
256.0808410644531 198.46194458007812 279.5889091491699 198.46194458007812 279.5889091491699 220.16168403625488 256.0808410644531 220.16168403625488
255.99105834960938 198.43142700195312 279.57983207702637 198.43142700195312 279.57983207702637 220.20566368103027 255.99105834960938 220.20566368103027
264.02532958984375 204.32992553710938 287.2222843170166 204.32992553710938 287.2222843170166 225.7424831390381 264.02532958984375 225.7424831390381
264.3979797363281 204.37130737304688 287.8711738586426 204.37130737304688 287.8711738586426 226.03885459899902 264.3979797363281 226.03885459899902
268.58758544921875 208.22390747070312 291.9578094482422 208.22390747070312 291.9578094482422 229.79640579223633 268.58758544921875 229.79640579223633
273.7930603027344 212.30197143554688 296.96693229675293 212.30197143554688 296.96693229675293 233.69322204589844 273.7930603027344 233.69322204589844
274.31756591796875 212.7281951904297 296.91107177734375 212.7281951904297 296.91107177734375 233.5837230682373 274.31756591796875 233.5837230682373
273.7470397949219 212.0513458251953 296.1150131225586 212.0513458251953 296.1150131225586 232.6986904144287 273.7470397949219 232.6986904144287
278.6811218261719 216.44790649414062 301.1609134674072 216.44790649414062 301.1609134674072 237.19846725463867 278.6811218261719 237.19846725463867
278.95245361328125 216.6051483154297 301.0999507904053 216.6051483154297 301.0999507904053 237.04897499084473 278.95245361328125 237.04897499084473
283.1610107421875 220.51968383789062 305.0025272369385 220.51968383789062 305.0025272369385 240.68106651306152 283.1610107421875 240.68106651306152
283.3791198730469 220.7047119140625 305.1854820251465 220.7047119140625 305.1854820251465 240.83364486694336 283.3791198730469 240.83364486694336
289.93157958984375 226.13589477539062 311.7322578430176 226.13589477539062 311.7322578430176 246.25957870483398 289.93157958984375 246.25957870483398
290.0780334472656 226.5310516357422 312.00664138793945 226.5310516357422 312.00664138793945 246.77282333374023 290.0780334472656 246.77282333374023
293.88238525390625 230.3292236328125 316.3117256164551 230.3292236328125 316.3117256164551 251.0332088470459 293.88238525390625 251.0332088470459
294.0374755859375 230.1781463623047 316.7112693786621 230.1781463623047 316.7112693786621 251.1077823638916 294.0374755859375 251.1077823638916
299.7524719238281 235.6029815673828 323.0185661315918 235.6029815673828 323.0185661315918 257.07935523986816 299.7524719238281 257.07935523986816
299.4424743652344 235.1177520751953 322.69187927246094 235.1177520751953 322.69187927246094 256.5787181854248 299.4424743652344 256.5787181854248
305.29302978515625 239.6535186767578 328.6649398803711 239.6535186767578 328.6649398803711 261.22756576538086 305.29302978515625 261.22756576538086
305.5242919921875 240.65451049804688 328.9840431213379 240.65451049804688 328.9840431213379 262.3096408843994 305.5242919921875 262.3096408843994
310.2093200683594 244.500732421875 333.9364490509033 244.500732421875 333.9364490509033 266.40267181396484 310.2093200683594 266.40267181396484
309.9869079589844 244.1452178955078 333.8663730621338 244.1452178955078 333.8663730621338 266.1877746582031 309.9869079589844 266.1877746582031
315.7148742675781 249.0195770263672 339.7359428405762 249.0195770263672 339.7359428405762 271.19284439086914 315.7148742675781 271.19284439086914
316.0713195800781 249.1217498779297 339.90967750549316 249.1217498779297 339.90967750549316 271.1263618469238 316.0713195800781 271.1263618469238
315.94512939453125 248.9254608154297 339.73685455322266 248.9254608154297 339.73685455322266 270.8870277404785 315.94512939453125 270.8870277404785
321.4476318359375 253.89498901367188 345.7441158294678 253.89498901367188 345.7441158294678 276.3224849700928 321.4476318359375 276.3224849700928
