188.0 73.0 200.0 73.0 200.0 96.0 188.0 96.0
191.9952850341797 72.10477447509766 204.10510063171387 72.10477447509766 204.10510063171387 95.31525611877441 191.9952850341797 95.31525611877441
194.840576171875 72.52913665771484 207.10405445098877 72.52913665771484 207.10405445098877 96.03413772583008 194.840576171875 96.03413772583008
197.8265838623047 72.87158203125 210.11163425445557 72.87158203125 210.11163425445557 96.41792869567871 197.8265838623047 96.41792869567871
200.6898956298828 73.78607177734375 213.09039688110352 73.78607177734375 213.09039688110352 97.5536994934082 200.6898956298828 97.5536994934082
204.4752655029297 72.71783447265625 217.01517295837402 72.71783447265625 217.01517295837402 96.75265884399414 204.4752655029297 96.75265884399414
206.1801300048828 71.57489013671875 218.73690795898438 71.57489013671875 218.73690795898438 95.64204978942871 206.1801300048828 95.64204978942871
206.94546508789062 71.29734802246094 219.71282482147217 71.29734802246094 219.71282482147217 95.76812362670898 206.94546508789062 95.76812362670898
210.62142944335938 71.13849639892578 223.52903747558594 71.13849639892578 223.52903747558594 95.87808227539062 210.62142944335938 95.87808227539062
213.99398803710938 72.38946533203125 226.85027027130127 72.38946533203125 226.85027027130127 97.03067398071289 213.99398803710938 97.03067398071289
216.9773406982422 71.67444610595703 230.07354927062988 71.67444610595703 230.07354927062988 96.7755126953125 216.9773406982422 96.7755126953125
219.934326171875 70.41889190673828 233.04642486572266 70.41889190673828 233.04642486572266 95.55041313171387 219.934326171875 95.55041313171387
223.33090209960938 70.91625213623047 236.50739097595215 70.91625213623047 236.50739097595215 96.17119026184082 223.33090209960938 96.17119026184082
225.6460723876953 70.87001037597656 239.03640460968018 70.87001037597656 239.03640460968018 96.53481483459473 225.6460723876953 96.53481483459473
226.84555053710938 70.40663146972656 240.33282470703125 70.40663146972656 240.33282470703125 96.25724411010742 226.84555053710938 96.25724411010742
228.9319305419922 69.43744659423828 242.40643787384033 69.43744659423828 242.40643787384033 95.26358795166016 228.9319305419922 95.26358795166016
232.6996307373047 69.23149108886719 246.0125274658203 69.23149108886719 246.0125274658203 94.74787902832031 232.6996307373047 94.74787902832031
234.89541625976562 69.94895935058594 247.91024208068848 69.94895935058594 247.91024208068848 94.89404487609863 234.89541625976562 94.89404487609863
237.30050659179688 70.99840545654297 250.28099632263184 70.99840545654297 250.28099632263184 95.87768173217773 237.30050659179688 95.87768173217773
240.9022674560547 68.7649154663086 254.046049118042 68.7649154663086 254.046049118042 93.95716857910156 240.9022674560547 93.95716857910156
242.5869598388672 68.97264099121094 255.54580879211426 68.97264099121094 255.54580879211426 93.81044006347656 242.5869598388672 93.81044006347656
243.73208618164062 69.63987731933594 256.70720386505127 69.63987731933594 256.70720386505127 94.50885581970215 243.73208618164062 94.50885581970215
245.38644409179688 69.40034484863281 258.50890350341797 69.40034484863281 258.50890350341797 94.55172729492188 245.38644409179688 94.55172729492188
247.99301147460938 68.84004211425781 261.21319007873535 68.84004211425781 261.21319007873535 94.1787166595459 247.99301147460938 94.1787166595459
251.3376922607422 65.98079681396484 264.7533540725708 65.98079681396484 264.7533540725708 91.69414901733398 251.3376922607422 91.69414901733398
253.5424041748047 66.88126373291016 266.9064483642578 66.88126373291016 266.9064483642578 92.49568367004395 253.5424041748047 92.49568367004395
254.8636474609375 66.71553802490234 268.432354927063 66.71553802490234 268.432354927063 92.72222709655762 254.8636474609375 92.72222709655762
257.90777587890625 66.60286712646484 271.49458599090576 66.60286712646484 271.49458599090576 92.64425468444824 257.90777587890625 92.64425468444824
259.3028259277344 65.30859375 272.96203804016113 65.30859375 272.96203804016113 91.48875045776367 259.3028259277344 91.48875045776367
259.79327392578125 65.76375579833984 273.49763011932373 65.76375579833984 273.49763011932373 92.03043937683105 259.79327392578125 92.03043937683105
261.1338806152344 65.89327239990234 274.80303955078125 65.89327239990234 274.80303955078125 92.09249496459961 261.1338806152344 92.09249496459961
263.9716796875 66.02558135986328 277.5924587249756 66.02558135986328 277.5924587249756 92.13207626342773 263.9716796875 92.13207626342773
264.1300354003906 63.87653732299805 277.84684562683105 63.87653732299805 277.84684562683105 90.1670913696289 264.1300354003906 90.1670913696289
265.33551025390625 64.57237243652344 278.88371562957764 64.57237243652344 278.88371562957764 90.53977012634277 265.33551025390625 90.53977012634277
266.7474060058594 64.85115814208984 280.37154960632324 64.85115814208984 280.37154960632324 90.96410369873047 266.7474060058594 90.96410369873047
268.24017333984375 63.80022048950195 281.693865776062 63.80022048950195 281.693865776062 89.58646965026855 268.24017333984375 89.58646965026855
269.422119140625 63.287879943847656 282.8396863937378 63.287879943847656 282.8396863937378 89.00489044189453 269.422119140625 89.00489044189453
270.64599609375 63.44681930541992 284.0638484954834 63.44681930541992 284.0638484954834 89.16437339782715 270.64599609375 89.16437339782715
270.59979248046875 64.06971740722656 284.11049365997314 64.06971740722656 284.11049365997314 89.96523094177246 270.59979248046875 89.96523094177246
271.8707275390625 63.90293502807617 285.5573101043701 63.90293502807617 285.5573101043701 90.13555526733398 271.8707275390625 90.13555526733398
272.3567810058594 63.291419982910156 286.126935005188 63.291419982910156 286.126935005188 89.68421745300293 272.3567810058594 89.68421745300293
273.20977783203125 63.30780792236328 287.0523204803467 63.30780792236328 287.0523204803467 89.83935165405273 273.20977783203125 89.83935165405273
273.66064453125 62.72290802001953 287.6107530593872 62.72290802001953 287.6107530593872 89.46061897277832 273.66064453125 89.46061897277832
272.3434753417969 61.4241943359375 286.6632261276245 61.4241943359375 286.6632261276245 88.87038612365723 272.3434753417969 88.87038612365723
272.468505859375 60.9340934753418 286.9968013763428 60.9340934753418 286.9968013763428 88.77999496459961 272.468505859375 88.77999496459961
271.87506103515625 60.552101135253906 286.48076915740967 60.552101135253906 286.48076915740967 88.5463752746582 271.87506103515625 88.5463752746582
272.23492431640625 61.409820556640625 286.64165019989014 61.409820556640625 286.64165019989014 89.02271461486816 272.23492431640625 89.02271461486816
272.6704406738281 62.5023078918457 287.3796510696411 62.5023078918457 287.3796510696411 90.69496536254883 272.6704406738281 90.69496536254883
272.8810119628906 62.892181396484375 287.6434688568115 62.892181396484375 287.6434688568115 91.1868953704834 272.8810119628906 91.1868953704834
272.9335021972656 64.82687377929688 287.5802307128906 64.82687377929688 287.5802307128906 92.8997745513916 272.9335021972656 92.8997745513916
272.344482421875 64.2653579711914 287.1178035736084 64.2653579711914 287.1178035736084 92.58089447021484 272.344482421875 92.58089447021484
271.1454162597656 63.32001876831055 285.63107776641846 63.32001876831055 285.63107776641846 91.08420944213867 271.1454162597656 91.08420944213867
270.15289306640625 63.81183624267578 284.70455169677734 63.81183624267578 284.70455169677734 91.70252227783203 270.15289306640625 91.70252227783203
269.7247009277344 62.97297286987305 284.1304473876953 62.97297286987305 284.1304473876953 90.5839900970459 269.7247009277344 90.5839900970459
269.37847900390625 63.9974365234375 283.8362731933594 63.9974365234375 283.8362731933594 91.70821571350098 269.37847900390625 91.70821571350098
268.4184875488281 65.0992660522461 282.73408222198486 65.0992660522461 282.73408222198486 92.5374984741211 268.4184875488281 92.5374984741211
267.39959716796875 64.92974853515625 281.6521883010864 64.92974853515625 281.6521883010864 92.24722671508789 267.39959716796875 92.24722671508789
266.9885559082031 66.00572204589844 281.267352104187 66.00572204589844 281.267352104187 93.37342834472656 266.9885559082031 93.37342834472656
266.5068359375 65.510986328125 280.57494926452637 65.510986328125 280.57494926452637 92.47488403320312 266.5068359375 92.47488403320312
264.59906005859375 67.5772476196289 278.5318784713745 67.5772476196289 278.5318784713745 94.28183174133301 264.59906005859375 94.28183174133301
263.54034423828125 67.4963607788086 277.3525791168213 67.4963607788086 277.3525791168213 93.9698257446289 263.54034423828125 93.9698257446289
262.58935546875 67.16815185546875 276.1990337371826 67.16815185546875 276.1990337371826 93.25338363647461 262.58935546875 93.25338363647461
262.0899353027344 66.34324645996094 275.72030448913574 66.34324645996094 275.72030448913574 92.46813583374023 262.0899353027344 92.46813583374023
260.5524597167969 67.05570983886719 274.14790630340576 67.05570983886719 274.14790630340576 93.11366653442383 260.5524597167969 93.11366653442383
259.98834228515625 67.33247375488281 273.51494121551514 67.33247375488281 273.51494121551514 93.25847434997559 259.98834228515625 93.25847434997559
257.74114990234375 67.63629150390625 271.4607820510864 67.63629150390625 271.4607820510864 93.93227195739746 257.74114990234375 93.93227195739746
255.59521484375 68.84210205078125 269.4597444534302 68.84210205078125 269.4597444534302 95.41580200195312 255.59521484375 95.41580200195312
254.429443359375 68.75917053222656 268.1256732940674 68.75917053222656 268.1256732940674 95.01029396057129 254.429443359375 95.01029396057129
252.33609008789062 69.58085632324219 266.02246284484863 69.58085632324219 266.02246284484863 95.81308364868164 252.33609008789062 95.81308364868164
250.178466796875 68.58402252197266 263.81382179260254 68.58402252197266 263.81382179260254 94.71846389770508 250.178466796875 94.71846389770508
249.52206420898438 68.5436019897461 263.2004795074463 68.5436019897461 263.2004795074463 94.76057624816895 249.52206420898438 94.76057624816895
246.36434936523438 69.5868148803711 259.99446392059326 69.5868148803711 259.99446392059326 95.71121406555176 246.36434936523438 95.71121406555176
244.861328125 70.76166534423828 258.36351585388184 70.76166534423828 258.36351585388184 96.64087104797363 244.861328125 96.64087104797363
241.86453247070312 70.2008056640625 255.5559844970703 70.2008056640625 255.5559844970703 96.44276428222656 241.86453247070312 96.44276428222656
238.8763885498047 70.1143569946289 252.81008338928223 70.1143569946289 252.81008338928223 96.82061576843262 238.8763885498047 96.82061576843262
236.5050506591797 70.65018463134766 250.57514476776123 70.65018463134766 250.57514476776123 97.61787605285645 236.5050506591797 97.61787605285645
235.4345245361328 70.9478759765625 249.40896034240723 70.9478759765625 249.40896034240723 97.73222351074219 235.4345245361328 97.73222351074219
234.38671875 70.77137756347656 248.25115776062012 70.77137756347656 248.25115776062012 97.34489822387695 234.38671875 97.34489822387695
232.8653106689453 71.27896118164062 246.70571327209473 71.27896118164062 246.70571327209473 97.8064079284668 232.8653106689453 97.8064079284668
230.1364288330078 70.82401275634766 244.05957794189453 70.82401275634766 244.05957794189453 97.51005744934082 230.1364288330078 97.51005744934082
227.4008026123047 72.52000427246094 241.20023155212402 72.52000427246094 241.20023155212402 98.96891784667969 227.4008026123047 98.96891784667969
225.40771484375 72.20854949951172 238.87132453918457 72.20854949951172 238.87132453918457 98.01380729675293 225.40771484375 98.01380729675293
222.7369842529297 71.54007720947266 236.25375652313232 71.54007720947266 236.25375652313232 97.44723129272461 222.7369842529297 97.44723129272461
220.51779174804688 72.28536224365234 233.9520902633667 72.28536224365234 233.9520902633667 98.03444290161133 220.51779174804688 98.03444290161133
219.0128936767578 73.1823501586914 232.3102626800537 73.1823501586914 232.3102626800537 98.66898536682129 219.0128936767578 98.66898536682129
219.00576782226562 74.15991973876953 232.10161304473877 74.15991973876953 232.10161304473877 99.26030158996582 219.00576782226562 99.26030158996582
216.88980102539062 73.65618896484375 229.80777549743652 73.65618896484375 229.80777549743652 98.41565322875977 216.88980102539062 98.41565322875977
213.40194702148438 72.17658996582031 226.1886444091797 72.17658996582031 226.1886444091797 96.68443870544434 213.40194702148438 96.68443870544434
212.16500854492188 72.95562744140625 224.73091316223145 72.95562744140625 224.73091316223145 97.04029083251953 212.16500854492188 97.04029083251953
209.84912109375 75.44432067871094 222.54530715942383 75.44432067871094 222.54530715942383 99.77869033813477 209.84912109375 99.77869033813477
206.48410034179688 74.38230895996094 219.36384868621826 74.38230895996094 219.36384868621826 99.06850624084473 206.48410034179688 99.06850624084473
204.5271759033203 74.18885803222656 217.25792789459229 74.18885803222656 217.25792789459229 98.58947944641113 204.5271759033203 98.58947944641113
203.04977416992188 75.22673797607422 215.86983489990234 75.22673797607422 215.86983489990234 99.79853439331055 203.04977416992188 99.79853439331055
202.4277801513672 76.2908706665039 215.0291919708252 76.2908706665039 215.0291919708252 100.4435920715332 202.4277801513672 100.4435920715332
201.0282440185547 72.19355773925781 213.5509672164917 72.19355773925781 213.5509672164917 96.19546127319336 201.0282440185547 96.19546127319336
199.2747039794922 72.80707550048828 211.75998973846436 72.80707550048828 211.75998973846436 96.73722457885742 199.2747039794922 96.73722457885742
198.0992889404297 74.29335021972656 210.63449096679688 74.29335021972656 210.63449096679688 98.31917190551758 198.0992889404297 98.31917190551758
196.24473571777344 73.6982650756836 208.79476356506348 73.6982650756836 208.79476356506348 97.75250244140625 196.24473571777344 97.75250244140625
195.38185119628906 74.23023986816406 207.84139442443848 74.23023986816406 207.84139442443848 98.11104774475098 195.38185119628906 98.11104774475098
194.3886260986328 73.81095886230469 206.80173778533936 73.81095886230469 206.80173778533936 97.6027717590332 194.3886260986328 97.6027717590332
193.87060546875 74.54226684570312 206.28454303741455 74.54226684570312 206.28454303741455 98.33566093444824 193.87060546875 98.33566093444824
192.44808959960938 74.1357192993164 204.70589447021484 74.1357192993164 204.70589447021484 97.62985610961914 192.44808959960938 97.62985610961914
190.93563842773438 73.86446380615234 202.87572765350342 73.86446380615234 202.87572765350342 96.7496452331543 190.93563842773438 96.7496452331543
190.44027709960938 73.88783264160156 202.21469688415527 73.88783264160156 202.21469688415527 96.45548057556152 190.44027709960938 96.45548057556152
189.50559997558594 74.42327880859375 201.08477878570557 74.42327880859375 201.08477878570557 96.61671447753906 189.50559997558594 96.61671447753906
188.36434936523438 76.82188415527344 199.79257011413574 76.82188415527344 199.79257011413574 98.72598266601562 188.36434936523438 98.72598266601562
187.41665649414062 81.26164245605469 198.6954221725464 81.26164245605469 198.6954221725464 102.87928771972656 187.41665649414062 102.87928771972656
186.57858276367188 81.87919616699219 198.07447624206543 81.87919616699219 198.07447624206543 103.91300392150879 186.57858276367188 103.91300392150879
186.3878173828125 81.52003479003906 197.7165403366089 81.52003479003906 197.7165403366089 103.23343276977539 186.3878173828125 103.23343276977539
185.28672790527344 80.57579040527344 196.69245529174805 80.57579040527344 196.69245529174805 102.43678092956543 185.28672790527344 102.43678092956543
184.3341827392578 81.26214599609375 195.48711967468262 81.26214599609375 195.48711967468262 102.63862228393555 184.3341827392578 102.63862228393555
183.2132568359375 81.40069580078125 194.23946952819824 81.40069580078125 194.23946952819824 102.5342845916748 183.2132568359375 102.5342845916748
181.90658569335938 82.27085876464844 192.94669342041016 82.27085876464844 192.94669342041016 103.43107986450195 181.90658569335938 103.43107986450195
180.9591827392578 80.06307983398438 192.02081871032715 80.06307983398438 192.02081871032715 101.26456451416016 180.9591827392578 101.26456451416016
180.04818725585938 79.03223419189453 190.96625423431396 79.03223419189453 190.96625423431396 99.95854568481445 180.04818725585938 99.95854568481445
179.12936401367188 78.66779327392578 190.03568744659424 78.66779327392578 190.03568744659424 99.57159614562988 179.12936401367188 99.57159614562988
178.04202270507812 78.4308090209961 188.83943367004395 78.4308090209961 188.83943367004395 99.12586402893066 178.04202270507812 99.12586402893066
176.99989318847656 77.88212585449219 187.63985633850098 77.88212585449219 187.63985633850098 98.27540588378906 176.99989318847656 98.27540588378906
176.94473266601562 78.34548950195312 187.33040809631348 78.34548950195312 187.33040809631348 98.25138473510742 176.94473266601562 98.25138473510742
