99.0 51.0 126.0 51.0 126.0 71.0 99.0 71.0
98.22576904296875 50.23041915893555 125.41880416870117 50.23041915893555 125.41880416870117 70.3734073638916 98.22576904296875 70.3734073638916
99.60710144042969 51.53449630737305 127.11865615844727 51.53449630737305 127.11865615844727 71.91342544555664 99.60710144042969 71.91342544555664
99.26908874511719 51.19481658935547 126.96838760375977 51.19481658935547 126.96838760375977 71.71281623840332 99.26908874511719 71.71281623840332
98.91785430908203 51.18667984008789 126.29363632202148 51.18667984008789 126.29363632202148 71.46503829956055 98.91785430908203 71.46503829956055
99.86978912353516 52.07088088989258 127.38942337036133 52.07088088989258 127.38942337036133 72.45579719543457 99.86978912353516 72.45579719543457
100.0171127319336 52.19536590576172 127.8230972290039 52.19536590576172 127.8230972290039 72.79239273071289 100.0171127319336 72.79239273071289
99.97047424316406 52.745826721191406 127.81312561035156 52.745826721191406 127.81312561035156 73.37001419067383 99.97047424316406 73.37001419067383
100.69062805175781 52.6063346862793 128.34432411193848 52.6063346862793 128.34432411193848 73.0905532836914 100.69062805175781 73.0905532836914
100.7420883178711 53.46992874145508 128.71442794799805 53.46992874145508 128.71442794799805 74.19017791748047 100.7420883178711 74.19017791748047
100.93525695800781 53.616539001464844 128.9188690185547 53.616539001464844 128.9188690185547 74.34513854980469 100.93525695800781 74.34513854980469
101.32603454589844 54.086761474609375 129.55462265014648 54.086761474609375 129.55462265014648 74.99682426452637 101.32603454589844 74.99682426452637
102.3387451171875 54.44147491455078 130.20172119140625 54.44147491455078 130.20172119140625 75.08071517944336 102.3387451171875 75.08071517944336
101.42133331298828 53.79167556762695 129.41551399230957 53.79167556762695 129.41551399230957 74.52810287475586 101.42133331298828 74.52810287475586
102.36576843261719 54.758399963378906 130.29901504516602 54.758399963378906 130.29901504516602 75.4496898651123 102.36576843261719 75.4496898651123
102.44694519042969 55.06367874145508 130.71478652954102 55.06367874145508 130.71478652954102 76.00281524658203 102.44694519042969 76.00281524658203
103.03338623046875 55.923500061035156 131.4986515045166 55.923500061035156 131.4986515045166 77.00887489318848 103.03338623046875 77.00887489318848
103.06123352050781 55.85596466064453 131.31090927124023 55.85596466064453 131.31090927124023 76.78164482116699 103.06123352050781 76.78164482116699
103.21453857421875 56.667991638183594 131.45974159240723 56.667991638183594 131.45974159240723 77.59035873413086 103.21453857421875 77.59035873413086
103.39570617675781 56.1098747253418 132.01108741760254 56.1098747253418 132.01108741760254 77.30644607543945 103.39570617675781 77.30644607543945
103.7623291015625 56.39599609375 132.3207130432129 56.39599609375 132.3207130432129 77.55034828186035 103.7623291015625 77.55034828186035
104.5491714477539 57.337989807128906 133.20001411437988 57.337989807128906 133.20001411437988 78.56082916259766 104.5491714477539 78.56082916259766
104.60762023925781 57.36165237426758 133.73673629760742 57.36165237426758 133.73673629760742 78.93876838684082 104.60762023925781 78.93876838684082
104.31401062011719 57.51763916015625 133.90658950805664 57.51763916015625 133.90658950805664 79.43805885314941 104.31401062011719 79.43805885314941
104.78645324707031 57.97247314453125 134.67107009887695 57.97247314453125 134.67107009887695 80.10921669006348 104.78645324707031 80.10921669006348
104.89979553222656 57.79331588745117 134.9241237640381 57.79331588745117 134.9241237640381 80.03355026245117 104.89979553222656 80.03355026245117
105.1328353881836 58.50789260864258 135.11838150024414 58.50789260864258 135.11838150024414 80.71940040588379 105.1328353881836 80.71940040588379
105.9480209350586 59.26792526245117 135.59664154052734 59.26792526245117 135.59664154052734 81.22985649108887 105.9480209350586 81.22985649108887
105.60548400878906 59.38274002075195 135.7331485748291 59.38274002075195 135.7331485748291 81.69951629638672 105.60548400878906 81.69951629638672
106.19449615478516 59.3720703125 136.15283012390137 59.3720703125 136.15283012390137 81.56341552734375 106.19449615478516 81.56341552734375
107.5133285522461 60.394378662109375 137.62617683410645 60.394378662109375 137.62617683410645 82.70017623901367 107.5133285522461 82.70017623901367
107.5405044555664 61.05785369873047 137.491605758667 61.05785369873047 137.491605758667 83.24383735656738 107.5405044555664 83.24383735656738
107.12565612792969 60.035743713378906 137.51231956481934 60.035743713378906 137.51231956481934 82.54436302185059 107.12565612792969 82.54436302185059
107.9132308959961 60.59748077392578 138.40742301940918 60.59748077392578 138.40742301940918 83.18575096130371 107.9132308959961 83.18575096130371
107.9700698852539 60.955711364746094 139.12137985229492 60.955711364746094 139.12137985229492 84.03073501586914 107.9700698852539 84.03073501586914
108.00701904296875 61.7375373840332 139.42140197753906 61.7375373840332 139.42140197753906 85.00743103027344 108.00701904296875 85.00743103027344
108.96281433105469 61.9539909362793 140.04241561889648 61.9539909362793 140.04241561889648 84.97589874267578 108.96281433105469 84.97589874267578
109.2947769165039 62.26161575317383 140.25974655151367 62.26161575317383 140.25974655151367 85.19861221313477 109.2947769165039 85.19861221313477
109.49967193603516 62.8029899597168 140.73609161376953 62.8029899597168 140.73609161376953 85.94106101989746 109.49967193603516 85.94106101989746
109.60636901855469 62.88134765625 141.26566696166992 62.88134765625 141.26566696166992 86.33266258239746 109.60636901855469 86.33266258239746
109.54681396484375 63.00153732299805 141.48942947387695 63.00153732299805 141.48942947387695 86.6627197265625 109.54681396484375 86.6627197265625
109.67790222167969 62.80988311767578 141.76360321044922 62.80988311767578 141.76360321044922 86.57705879211426 109.67790222167969 86.57705879211426
110.0869369506836 63.53382110595703 142.28033447265625 63.53382110595703 142.28033447265625 87.38076972961426 110.0869369506836 87.38076972961426
110.8589096069336 64.01116180419922 142.81727981567383 64.01116180419922 142.81727981567383 87.68401718139648 110.8589096069336 87.68401718139648
110.7627182006836 63.6766471862793 143.39056396484375 63.6766471862793 143.39056396484375 87.84541130065918 110.7627182006836 87.84541130065918
111.4904556274414 64.75968170166016 144.4075698852539 64.75968170166016 144.4075698852539 89.14271926879883 111.4904556274414 89.14271926879883
111.76264953613281 65.27169799804688 144.53633880615234 65.27169799804688 144.53633880615234 89.54849624633789 111.76264953613281 89.54849624633789
111.92695617675781 65.34321594238281 144.77368927001953 65.34321594238281 144.77368927001953 89.67411994934082 111.92695617675781 89.67411994934082
112.64715576171875 65.94284057617188 145.6034164428711 65.94284057617188 145.6034164428711 90.3548755645752 112.64715576171875 90.3548755645752
112.64300537109375 65.60070037841797 145.99341201782227 65.60070037841797 145.99341201782227 90.30469131469727 112.64300537109375 90.30469131469727
113.35713958740234 66.21417236328125 147.17687225341797 66.21417236328125 147.17687225341797 91.26581382751465 113.35713958740234 91.26581382751465
113.31678771972656 66.19637298583984 147.18022918701172 66.19637298583984 147.18022918701172 91.28039169311523 113.31678771972656 91.28039169311523
113.84415435791016 66.85314178466797 147.86814880371094 66.85314178466797 147.86814880371094 92.05608749389648 113.84415435791016 92.05608749389648
114.2833251953125 67.48658752441406 147.97492218017578 67.48658752441406 147.97492218017578 92.44331169128418 114.2833251953125 92.44331169128418
115.1922607421875 68.0158462524414 148.85938262939453 68.0158462524414 148.85938262939453 92.95444297790527 115.1922607421875 92.95444297790527
116.30489349365234 68.62605285644531 149.73057556152344 68.62605285644531 149.73057556152344 93.38580131530762 116.30489349365234 93.38580131530762
116.01557922363281 69.0261001586914 149.55968856811523 69.0261001586914 149.55968856811523 93.87357521057129 116.01557922363281 93.87357521057129
116.86341857910156 69.60322570800781 150.18224334716797 69.60322570800781 150.18224334716797 94.28382301330566 116.86341857910156 94.28382301330566
116.17304992675781 69.14371490478516 150.14207077026367 69.14371490478516 150.14207077026367 94.30593872070312 116.17304992675781 94.30593872070312
117.2265396118164 70.67208862304688 151.7015495300293 70.67208862304688 151.7015495300293 96.2091178894043 117.2265396118164 96.2091178894043
117.86698150634766 70.24308013916016 152.46307373046875 70.24308013916016 152.46307373046875 95.86980056762695 117.86698150634766 95.86980056762695
117.17369079589844 70.24900817871094 151.79535675048828 70.24900817871094 151.79535675048828 95.89467239379883 117.17369079589844 95.89467239379883
118.6369400024414 71.4578628540039 153.21801376342773 71.4578628540039 153.21801376342773 97.07345962524414 118.6369400024414 97.07345962524414
118.64338684082031 71.33837890625 153.3280372619629 71.33837890625 153.3280372619629 97.03070068359375 118.64338684082031 97.03070068359375
119.0009994506836 72.076904296875 153.79839706420898 72.076904296875 153.79839706420898 97.85274314880371 119.0009994506836 97.85274314880371
118.3963394165039 71.87901306152344 153.39077377319336 71.87901306152344 153.39077377319336 97.80080604553223 118.3963394165039 97.80080604553223
119.27716064453125 72.48377990722656 153.65647888183594 72.48377990722656 153.65647888183594 97.94993209838867 119.27716064453125 97.94993209838867
120.93402099609375 73.8969497680664 155.84601593017578 73.8969497680664 155.84601593017578 99.7576732635498 120.93402099609375 99.7576732635498
120.17387390136719 73.20501708984375 155.14007568359375 73.20501708984375 155.14007568359375 99.10589218139648 120.17387390136719 99.10589218139648
121.9006576538086 74.32496643066406 157.2392692565918 74.32496643066406 157.2392692565918 100.50169944763184 121.9006576538086 100.50169944763184
121.96087646484375 73.963134765625 157.52389526367188 73.963134765625 157.52389526367188 100.30609703063965 121.96087646484375 100.30609703063965
120.55317687988281 74.08491516113281 156.52460098266602 74.08491516113281 156.52460098266602 100.73039627075195 120.55317687988281 100.73039627075195
122.77360534667969 75.61649322509766 158.83076095581055 75.61649322509766 158.83076095581055 102.32548141479492 122.77360534667969 102.32548141479492
121.7265625 75.14554595947266 157.93441009521484 75.14554595947266 157.93441009521484 101.96615791320801 121.7265625 101.96615791320801
123.19876861572266 75.80726623535156 159.4583282470703 75.80726623535156 159.4583282470703 102.66617965698242 123.19876861572266 102.66617965698242
122.81941986083984 75.70973205566406 160.07274627685547 75.70973205566406 160.07274627685547 103.30476760864258 122.81941986083984 103.30476760864258
122.79698181152344 75.93231201171875 160.3815460205078 75.93231201171875 160.3815460205078 103.77270889282227 122.79698181152344 103.77270889282227
123.49932861328125 76.34258270263672 161.25333786010742 76.34258270263672 161.25333786010742 104.3084945678711 123.49932861328125 104.3084945678711
124.18257141113281 76.38201904296875 161.8995475769043 76.38201904296875 161.8995475769043 104.32050132751465 124.18257141113281 104.32050132751465
124.85075378417969 77.5018310546875 162.06998443603516 77.5018310546875 162.06998443603516 105.07161903381348 124.85075378417969 105.07161903381348
123.92988586425781 77.53655242919922 161.1330108642578 77.53655242919922 161.1330108642578 105.09440803527832 123.92988586425781 105.09440803527832
126.4259262084961 78.8512191772461 163.87872314453125 78.8512191772461 163.87872314453125 106.5940170288086 126.4259262084961 106.5940170288086
125.89082336425781 78.29534912109375 163.2949562072754 78.29534912109375 163.2949562072754 106.00209999084473 125.89082336425781 106.00209999084473
126.070556640625 78.26641082763672 163.54979705810547 78.26641082763672 163.54979705810547 106.02879524230957 126.070556640625 106.02879524230957
126.9706802368164 79.47335052490234 164.87925720214844 79.47335052490234 164.87925720214844 107.55375862121582 126.9706802368164 107.55375862121582
127.44612121582031 79.78825378417969 165.38159942626953 79.78825378417969 165.38159942626953 107.88858985900879 127.44612121582031 107.88858985900879
128.42300415039062 80.75892639160156 166.05305862426758 80.75892639160156 166.05305862426758 108.63302040100098 128.42300415039062 108.63302040100098
128.09695434570312 80.23316955566406 166.6343994140625 80.23316955566406 166.6343994140625 108.77940368652344 128.09695434570312 108.77940368652344
128.53695678710938 80.70532989501953 167.2391700744629 80.70532989501953 167.2391700744629 109.37361335754395 128.53695678710938 109.37361335754395
129.0828399658203 80.6574935913086 168.37266540527344 80.6574935913086 168.37266540527344 109.76104545593262 129.0828399658203 109.76104545593262
129.326171875 81.58775329589844 169.1368064880371 81.58775329589844 169.1368064880371 111.07709121704102 129.326171875 111.07709121704102
132.33151245117188 82.9075927734375 171.78951263427734 82.9075927734375 171.78951263427734 112.13572311401367 132.33151245117188 112.13572311401367
132.66915893554688 82.60150146484375 172.13897323608398 82.60150146484375 172.13897323608398 111.8383846282959 132.66915893554688 111.8383846282959
133.31106567382812 84.78912353515625 173.23529815673828 84.78912353515625 173.23529815673828 114.36260986328125 133.31106567382812 114.36260986328125
133.85382080078125 85.23375701904297 173.47373962402344 85.23375701904297 173.47373962402344 114.58182525634766 133.85382080078125 114.58182525634766
133.5296173095703 84.72932434082031 172.7309226989746 84.72932434082031 172.7309226989746 113.76730918884277 133.5296173095703 113.76730918884277
135.4180450439453 87.41351318359375 174.18598175048828 87.41351318359375 174.18598175048828 116.1304874420166 135.4180450439453 116.1304874420166
135.555908203125 87.3156967163086 174.40084075927734 87.3156967163086 174.40084075927734 116.0897045135498 135.555908203125 116.0897045135498
136.63699340820312 87.52793884277344 175.80518341064453 87.52793884277344 175.80518341064453 116.54139709472656 136.63699340820312 116.54139709472656
136.56517028808594 88.11553192138672 176.13763427734375 88.11553192138672 176.13763427734375 117.42845344543457 136.56517028808594 117.42845344543457
136.86734008789062 88.37020874023438 176.32241439819336 88.37020874023438 176.32241439819336 117.59617614746094 136.86734008789062 117.59617614746094
138.31182861328125 89.26091003417969 177.30850982666016 89.26091003417969 177.30850982666016 118.1473274230957 138.31182861328125 118.1473274230957
137.35610961914062 89.2781753540039 177.0407485961914 89.2781753540039 177.0407485961914 118.67419052124023 137.35610961914062 118.67419052124023
139.02230834960938 89.81058502197266 178.28445434570312 89.81058502197266 178.28445434570312 118.89364433288574 139.02230834960938 118.89364433288574
139.0249786376953 89.81449890136719 178.36223220825195 89.81449890136719 178.36223220825195 118.95319557189941 139.0249786376953 118.95319557189941
139.23526000976562 90.3018569946289 179.00922393798828 90.3018569946289 179.00922393798828 119.76404190063477 139.23526000976562 119.76404190063477
139.79522705078125 91.25224304199219 179.7024154663086 91.25224304199219 179.7024154663086 120.81311416625977 139.79522705078125 120.81311416625977
140.5830535888672 91.42549133300781 180.26795959472656 91.42549133300781 180.26795959472656 120.82170677185059 140.5830535888672 120.82170677185059
141.36019897460938 92.52708435058594 181.40526580810547 92.52708435058594 181.40526580810547 122.19008827209473 141.36019897460938 122.19008827209473
142.37733459472656 92.32905578613281 182.65923309326172 92.32905578613281 182.65923309326172 122.16749000549316 142.37733459472656 122.16749000549316
141.40594482421875 92.73614501953125 182.3655014038086 92.73614501953125 182.3655014038086 123.0765495300293 141.40594482421875 123.0765495300293
142.9528045654297 93.20933532714844 183.9903335571289 93.20933532714844 183.9903335571289 123.60750198364258 142.9528045654297 123.60750198364258
142.32156372070312 92.9499282836914 183.84587860107422 92.9499282836914 183.84587860107422 123.70867538452148 142.32156372070312 123.70867538452148
143.6154022216797 94.4842529296875 185.38302612304688 94.4842529296875 185.38302612304688 125.42322731018066 143.6154022216797 125.42322731018066
143.81752014160156 94.27680969238281 185.99437713623047 94.27680969238281 185.99437713623047 125.51891708374023 143.81752014160156 125.51891708374023
145.4806671142578 95.20977783203125 187.81158828735352 95.20977783203125 187.81158828735352 126.56600570678711 145.4806671142578 126.56600570678711
145.52806091308594 95.45818328857422 187.16809463500977 95.45818328857422 187.16809463500977 126.30264091491699 145.52806091308594 126.30264091491699
146.14491271972656 96.052978515625 188.2151222229004 96.052978515625 188.2151222229004 127.21608352661133 146.14491271972656 127.21608352661133
146.34564208984375 96.37043762207031 188.7233657836914 96.37043762207031 188.7233657836914 127.76133155822754 146.34564208984375 127.76133155822754
145.36532592773438 96.90150451660156 188.08490753173828 96.90150451660156 188.08490753173828 128.54562950134277 145.36532592773438 128.54562950134277
148.03158569335938 98.265869140625 190.36204147338867 98.265869140625 190.36204147338867 129.62175369262695 148.03158569335938 129.62175369262695
148.99542236328125 98.48458862304688 191.66924285888672 98.48458862304688 191.66924285888672 130.0948143005371 148.99542236328125 130.0948143005371
148.8023223876953 98.77175903320312 191.7334213256836 98.77175903320312 191.7334213256836 130.57255935668945 148.8023223876953 130.57255935668945
149.79556274414062 99.05445861816406 192.83990097045898 99.05445861816406 192.83990097045898 130.9391384124756 149.79556274414062 130.9391384124756
149.52328491210938 99.38841247558594 191.82980728149414 99.38841247558594 191.82980728149414 130.7265625 149.52328491210938 130.7265625
151.945556640625 100.16914367675781 194.73421478271484 100.16914367675781 194.73421478271484 131.8644313812256 151.945556640625 131.8644313812256
151.24398803710938 99.99971008300781 193.96617889404297 99.99971008300781 193.96617889404297 131.64576148986816 151.24398803710938 131.64576148986816
152.61383056640625 101.45772552490234 195.8078842163086 101.45772552490234 195.8078842163086 133.45330429077148 152.61383056640625 133.45330429077148
153.839111328125 101.28519439697266 197.18169784545898 101.28519439697266 197.18169784545898 133.39079666137695 153.839111328125 133.39079666137695
153.4888916015625 101.13591003417969 196.12495803833008 101.13591003417969 196.12495803833008 132.71816444396973 153.4888916015625 132.71816444396973
155.18280029296875 103.00992584228516 197.47185516357422 103.00992584228516 197.47185516357422 134.33513641357422 155.18280029296875 134.33513641357422
155.90765380859375 103.65931701660156 198.12257385253906 103.65931701660156 198.12257385253906 134.92961502075195 155.90765380859375 134.92961502075195
158.05130004882812 104.6778335571289 199.96517181396484 104.6778335571289 199.96517181396484 135.7251319885254 158.05130004882812 135.7251319885254
157.11178588867188 104.65583801269531 198.40156936645508 104.65583801269531 198.40156936645508 135.24084854125977 157.11178588867188 135.24084854125977
160.11305236816406 106.5245361328125 201.71748733520508 106.5245361328125 201.71748733520508 137.34262084960938 160.11305236816406 137.34262084960938
159.7970428466797 105.98980712890625 200.83455276489258 105.98980712890625 200.83455276489258 136.3879451751709 159.7970428466797 136.3879451751709
160.16220092773438 106.76533508300781 200.6358871459961 106.76533508300781 200.6358871459961 136.74583053588867 160.16220092773438 136.74583053588867
160.91525268554688 107.51649475097656 201.8496551513672 107.51649475097656 201.8496551513672 137.83826065063477 160.91525268554688 137.83826065063477
160.93150329589844 107.76509857177734 202.35882949829102 107.76509857177734 202.35882949829102 138.4519920349121 160.93150329589844 138.4519920349121
162.8926239013672 109.15577697753906 204.40948867797852 109.15577697753906 204.40948867797852 139.90899276733398 162.8926239013672 139.90899276733398
163.60069274902344 109.62845611572266 204.788818359375 109.62845611572266 204.788818359375 140.13816452026367 163.60069274902344 140.13816452026367
165.2883758544922 110.2508544921875 206.78478240966797 110.2508544921875 206.78478240966797 140.98891639709473 165.2883758544922 140.98891639709473
165.09500122070312 110.81352233886719 206.59845733642578 110.81352233886719 206.59845733642578 141.5568084716797 165.09500122070312 141.5568084716797
165.8987579345703 110.640380859375 206.73814392089844 110.640380859375 206.73814392089844 140.8917636871338 165.8987579345703 140.8917636871338
165.65342712402344 110.84211730957031 206.27846145629883 110.84211730957031 206.27846145629883 140.93471908569336 165.65342712402344 140.93471908569336
165.58438110351562 111.6303482055664 206.87899017333984 111.6303482055664 206.87899017333984 142.21893119812012 165.58438110351562 142.21893119812012
166.22657775878906 111.85310363769531 207.56766891479492 111.85310363769531 207.56766891479492 142.4761199951172 166.22657775878906 142.4761199951172
169.0438232421875 113.49947357177734 210.8885726928711 113.49947357177734 210.8885726928711 144.4955711364746 169.0438232421875 144.4955711364746
168.9280548095703 114.01860046386719 211.35590362548828 114.01860046386719 211.35590362548828 145.4466209411621 168.9280548095703 145.4466209411621
171.41246032714844 114.90376281738281 214.00797271728516 114.90376281738281 214.00797271728516 146.4559783935547 171.41246032714844 146.4559783935547
171.0609893798828 115.1860122680664 213.8334197998047 115.1860122680664 213.8334197998047 146.8692798614502 171.0609893798828 146.8692798614502
172.4922637939453 116.30301666259766 216.0915870666504 116.30301666259766 216.0915870666504 148.59879684448242 172.4922637939453 148.59879684448242
172.02871704101562 115.9271240234375 216.09484100341797 115.9271240234375 216.09484100341797 148.56868743896484 172.02871704101562 148.56868743896484
172.9456787109375 116.2054443359375 217.38700103759766 116.2054443359375 217.38700103759766 149.12493133544922 172.9456787109375 149.12493133544922
174.52578735351562 117.72884368896484 219.11942672729492 117.72884368896484 219.11942672729492 150.7611541748047 174.52578735351562 150.7611541748047
174.89370727539062 118.21219635009766 219.19720077514648 118.21219635009766 219.19720077514648 151.0295867919922 174.89370727539062 151.0295867919922
175.7644500732422 120.5473403930664 220.78515243530273 120.5473403930664 220.78515243530273 153.89599609375 175.7644500732422 153.89599609375
176.21563720703125 120.39239501953125 221.3123893737793 120.39239501953125 221.3123893737793 153.7973861694336 176.21563720703125 153.7973861694336
176.92276000976562 120.9071044921875 221.73641204833984 120.9071044921875 221.73641204833984 154.1023941040039 176.92276000976562 154.1023941040039
179.16758728027344 122.6715316772461 223.93012237548828 122.6715316772461 223.93012237548828 155.82895278930664 179.16758728027344 155.82895278930664
178.0762176513672 121.43550109863281 223.2386703491211 121.43550109863281 223.2386703491211 154.88916397094727 178.0762176513672 154.88916397094727
177.7217559814453 121.98493957519531 223.30876922607422 121.98493957519531 223.30876922607422 155.75309371948242 177.7217559814453 155.75309371948242
177.49063110351562 122.73893737792969 223.2701530456543 122.73893737792969 223.2701530456543 156.6496925354004 177.49063110351562 156.6496925354004
179.6033172607422 123.93037414550781 225.08780670166016 123.93037414550781 225.08780670166016 157.62258911132812 179.6033172607422 157.62258911132812
179.1065673828125 124.02362060546875 224.50989151000977 124.02362060546875 224.50989151000977 157.65570831298828 179.1065673828125 157.65570831298828
178.78985595703125 123.13236999511719 224.49052047729492 123.13236999511719 224.49052047729492 156.98471069335938 178.78985595703125 156.98471069335938
179.63131713867188 124.68507385253906 225.66754913330078 124.68507385253906 225.66754913330078 158.78598403930664 179.63131713867188 158.78598403930664
180.57192993164062 124.85552978515625 226.69443893432617 124.85552978515625 226.69443893432617 159.02034759521484 180.57192993164062 159.02034759521484
180.0069122314453 125.77117919921875 226.82880401611328 125.77117919921875 226.82880401611328 160.45405960083008 180.0069122314453 160.45405960083008
181.36697387695312 125.7658920288086 228.29260635375977 125.7658920288086 228.29260635375977 160.52561950683594 181.36697387695312 160.52561950683594
181.11337280273438 126.260498046875 228.59668350219727 126.260498046875 228.59668350219727 161.43331909179688 181.11337280273438 161.43331909179688
183.38783264160156 126.68797302246094 230.86508560180664 126.68797302246094 230.86508560180664 161.8563117980957 183.38783264160156 161.8563117980957
183.7767791748047 126.939208984375 231.2700309753418 126.939208984375 231.2700309753418 162.11940383911133 183.7767791748047 162.11940383911133
185.48753356933594 127.70467376708984 232.83626556396484 127.70467376708984 232.83626556396484 162.77781677246094 185.48753356933594 162.77781677246094
186.2381591796875 127.415283203125 233.3295669555664 127.415283203125 233.3295669555664 162.29781341552734 186.2381591796875 162.29781341552734
185.24343872070312 127.15232849121094 232.12271118164062 127.15232849121094 232.12271118164062 161.87772369384766 185.24343872070312 161.87772369384766
190.53968811035156 129.2454071044922 237.95045471191406 129.2454071044922 237.95045471191406 164.364501953125 190.53968811035156 164.364501953125
187.8377685546875 128.0635528564453 235.18495178222656 128.0635528564453 235.18495178222656 163.13554763793945 187.8377685546875 163.13554763793945
197.16183471679688 132.07620239257812 245.52452850341797 132.07620239257812 245.52452850341797 167.90042877197266 197.16183471679688 167.90042877197266
196.44705200195312 132.65286254882812 245.10109329223633 132.65286254882812 245.10109329223633 168.69290161132812 196.44705200195312 168.69290161132812
195.946533203125 132.34054565429688 245.5833511352539 132.34054565429688 245.5833511352539 169.1085662841797 195.946533203125 169.1085662841797
198.9671173095703 133.8003692626953 247.62630081176758 133.8003692626953 247.62630081176758 169.8442153930664 198.9671173095703 169.8442153930664
198.2600555419922 133.86415100097656 246.8151512145996 133.86415100097656 246.8151512145996 169.83089447021484 198.2600555419922 169.83089447021484
197.67112731933594 134.4816131591797 247.15201950073242 134.4816131591797 247.15201950073242 171.1341323852539 197.67112731933594 171.1341323852539
197.47335815429688 134.33786010742188 247.3840789794922 134.33786010742188 247.3840789794922 171.30877304077148 197.47335815429688 171.30877304077148
198.3826904296875 135.6501007080078 247.50272369384766 135.6501007080078 247.50272369384766 172.03532028198242 198.3826904296875 172.03532028198242
198.81375122070312 136.8230438232422 248.24289321899414 136.8230438232422 248.24289321899414 173.4372329711914 198.81375122070312 173.4372329711914
199.80636596679688 135.48045349121094 248.5762062072754 135.48045349121094 248.5762062072754 171.60626983642578 199.80636596679688 171.60626983642578
201.3416290283203 136.6639404296875 249.62752151489258 136.6639404296875 249.62752151489258 172.4312744140625 201.3416290283203 172.4312744140625
200.39356994628906 136.23841857910156 249.18589401245117 136.23841857910156 249.18589401245117 172.38088607788086 200.39356994628906 172.38088607788086
198.2184295654297 133.88304138183594 246.5651626586914 133.88304138183594 246.5651626586914 169.69544219970703 198.2184295654297 169.69544219970703
201.53909301757812 137.3196563720703 249.79539108276367 137.3196563720703 249.79539108276367 173.06507110595703 201.53909301757812 173.06507110595703
198.89468383789062 134.20675659179688 247.12654876708984 134.20675659179688 247.12654876708984 169.93407440185547 198.89468383789062 169.93407440185547
198.9929656982422 134.62802124023438 248.2383041381836 134.62802124023438 248.2383041381836 171.1060562133789 198.9929656982422 171.1060562133789
198.10012817382812 134.07427978515625 247.16082000732422 134.07427978515625 247.16082000732422 170.4155387878418 198.10012817382812 170.4155387878418
220.63876342773438 152.73300170898438 269.05876541137695 152.73300170898438 269.05876541137695 188.59967422485352 220.63876342773438 188.59967422485352
221.5946044921875 152.64639282226562 270.75183868408203 152.64639282226562 270.75183868408203 189.05916595458984 221.5946044921875 189.05916595458984
222.41616821289062 153.63955688476562 271.33070373535156 153.63955688476562 271.33070373535156 189.87255477905273 222.41616821289062 189.87255477905273
223.7909698486328 154.65634155273438 272.089542388916 154.65634155273438 272.089542388916 190.43306732177734 223.7909698486328 190.43306732177734
224.8000946044922 154.95632934570312 272.46081161499023 154.95632934570312 272.46081161499023 190.26057052612305 224.8000946044922 190.26057052612305
224.8533935546875 154.79299926757812 271.86356353759766 154.79299926757812 271.86356353759766 189.6153564453125 224.8533935546875 189.6153564453125
224.8832244873047 154.85855102539062 271.3645477294922 154.85855102539062 271.3645477294922 189.2891731262207 224.8832244873047 189.2891731262207
227.548828125 157.01593017578125 273.17434310913086 157.01593017578125 273.17434310913086 190.81261825561523 227.548828125 190.81261825561523
227.0637969970703 156.40444946289062 272.4130096435547 156.40444946289062 272.4130096435547 189.99646759033203 227.0637969970703 189.99646759033203
231.5519561767578 161.42324829101562 276.98904037475586 161.42324829101562 276.98904037475586 195.0803565979004 231.5519561767578 195.0803565979004
233.1361541748047 163.37612915039062 278.18012619018555 163.37612915039062 278.18012619018555 196.7420425415039 233.1361541748047 196.7420425415039
231.8115692138672 162.68856811523438 277.3003234863281 162.68856811523438 277.3003234863281 196.38394927978516 231.8115692138672 196.38394927978516
235.6947021484375 165.78175354003906 281.3428077697754 165.78175354003906 281.3428077697754 199.59517669677734 235.6947021484375 199.59517669677734
235.55712890625 165.51181030273438 281.0491714477539 165.51181030273438 281.0491714477539 199.20963287353516 235.55712890625 199.20963287353516
237.01968383789062 167.1573944091797 283.2866439819336 167.1573944091797 283.2866439819336 201.42922592163086 237.01968383789062 201.42922592163086
236.24618530273438 166.66094970703125 282.5712890625 166.66094970703125 282.5712890625 200.97584915161133 236.24618530273438 200.97584915161133
240.274169921875 170.72210693359375 286.74500274658203 170.72210693359375 286.74500274658203 205.14495086669922 240.274169921875 205.14495086669922
239.6492156982422 170.933349609375 287.085506439209 170.933349609375 287.085506439209 206.07135009765625 239.6492156982422 206.07135009765625
239.15078735351562 170.95263671875 287.6162643432617 170.95263671875 287.6162643432617 206.85299682617188 239.15078735351562 206.85299682617188
242.3650665283203 174.19830322265625 291.1070327758789 174.19830322265625 291.1070327758789 210.30347061157227 242.3650665283203 210.30347061157227
244.42599487304688 176.57205200195312 293.70305252075195 176.57205200195312 293.70305252075195 213.0735855102539 244.42599487304688 213.0735855102539
242.378173828125 175.0203857421875 292.1351318359375 175.0203857421875 292.1351318359375 211.87740325927734 242.378173828125 211.87740325927734
245.1056365966797 178.92726135253906 295.1692543029785 178.92726135253906 295.1692543029785 216.01143646240234 245.1056365966797 216.01143646240234
245.51528930664062 178.1659698486328 295.69286727905273 178.1659698486328 295.69286727905273 215.33456420898438 245.51528930664062 215.33456420898438
248.3935089111328 184.4447784423828 299.9114646911621 184.4447784423828 299.9114646911621 222.60624313354492 248.3935089111328 222.60624313354492
248.6412353515625 183.08804321289062 300.90118408203125 183.08804321289062 300.90118408203125 221.79913330078125 248.6412353515625 221.79913330078125
249.5868682861328 184.42803955078125 301.8614959716797 184.42803955078125 301.8614959716797 223.1500015258789 249.5868682861328 223.1500015258789
251.2467803955078 186.85914611816406 303.2960739135742 186.85914611816406 303.2960739135742 225.41419982910156 251.2467803955078 225.41419982910156
250.86447143554688 185.51962280273438 302.69959259033203 185.51962280273438 302.69959259033203 223.9160270690918 250.86447143554688 223.9160270690918
254.2755889892578 188.80667114257812 306.66841888427734 188.80667114257812 306.66841888427734 227.6161880493164 254.2755889892578 227.6161880493164
253.58963012695312 188.60342407226562 306.6031799316406 188.60342407226562 306.6031799316406 227.87273406982422 253.58963012695312 227.87273406982422
256.11297607421875 192.38919067382812 310.2611274719238 192.38919067382812 310.2611274719238 232.4989471435547 256.11297607421875 232.4989471435547
255.62905883789062 192.11270141601562 310.3224182128906 192.11270141601562 310.3224182128906 232.62631225585938 255.62905883789062 232.62631225585938
255.34500122070312 190.96261596679688 311.6064758300781 190.96261596679688 311.6064758300781 232.6377944946289 255.34500122070312 232.6377944946289
260.0423889160156 195.06175231933594 317.1432571411133 195.06175231933594 317.1432571411133 237.35870361328125 260.0423889160156 237.35870361328125
257.46051025390625 192.50527954101562 315.86087799072266 192.50527954101562 315.86087799072266 235.76482391357422 257.46051025390625 235.76482391357422
260.5673522949219 194.80137634277344 320.2199516296387 194.80137634277344 320.2199516296387 238.98849868774414 260.5673522949219 238.98849868774414
260.48016357421875 196.6128387451172 321.11148834228516 196.6128387451172 321.11148834228516 241.52494430541992 260.48016357421875 241.52494430541992
261.2919006347656 196.5460662841797 323.2843818664551 196.5460662841797 323.2843818664551 242.46643447875977 261.2919006347656 242.46643447875977
264.3614196777344 199.01966857910156 326.66436767578125 199.01966857910156 326.66436767578125 245.1700096130371 264.3614196777344 245.1700096130371
263.1234436035156 197.5312042236328 326.4809761047363 197.5312042236328 326.4809761047363 244.4627227783203 263.1234436035156 244.4627227783203
267.18450927734375 201.2899627685547 331.3679428100586 201.2899627685547 331.3679428100586 248.83325958251953 267.18450927734375 248.83325958251953
266.4022521972656 201.7150115966797 331.60296630859375 201.7150115966797 331.60296630859375 250.01184844970703 266.4022521972656 250.01184844970703
271.72900390625 204.7980194091797 337.1911392211914 204.7980194091797 337.1911392211914 253.28850173950195 271.72900390625 253.28850173950195
268.48175048828125 202.15396118164062 336.1599884033203 202.15396118164062 336.1599884033203 252.28599548339844 268.48175048828125 252.28599548339844
273.9114074707031 206.62924194335938 342.0359573364258 206.62924194335938 342.0359573364258 257.0918731689453 273.9114074707031 257.0918731689453
271.66851806640625 204.88095092773438 340.39608001708984 204.88095092773438 340.39608001708984 255.7902603149414 271.66851806640625 255.7902603149414
273.81427001953125 205.4393768310547 342.2000274658203 205.4393768310547 342.2000274658203 256.09549713134766 273.81427001953125 256.09549713134766
277.3728942871094 209.557373046875 345.92396545410156 209.557373046875 345.92396545410156 260.33594512939453 277.3728942871094 260.33594512939453
277.1422119140625 209.2001495361328 346.6142349243164 209.2001495361328 346.6142349243164 260.66090393066406 277.1422119140625 260.66090393066406
284.8447265625 215.90902709960938 353.38365173339844 215.90902709960938 353.38365173339844 266.67859649658203 284.8447265625 266.67859649658203
284.3433532714844 217.06509399414062 352.5836639404297 217.06509399414062 352.5836639404297 267.6134719848633 284.3433532714844 267.6134719848633
284.9252624511719 216.1031494140625 352.8011703491211 216.1031494140625 352.8011703491211 266.38159942626953 284.9252624511719 266.38159942626953
290.5194396972656 221.8137664794922 358.2918243408203 221.8137664794922 358.2918243408203 272.0155372619629 290.5194396972656 272.0155372619629
289.2240905761719 220.25967407226562 356.66587829589844 220.25967407226562 356.66587829589844 270.21656036376953 289.2240905761719 270.21656036376953
