148.0 15.0 158.0 15.0 158.0 35.0 148.0 35.0
146.64895629882812 14.79405689239502 156.81822204589844 14.79405689239502 156.81822204589844 34.9440393447876 146.64895629882812 34.9440393447876
145.3173370361328 16.162071228027344 155.43058013916016 16.162071228027344 155.43058013916016 36.15571594238281 145.3173370361328 36.15571594238281
142.2284698486328 16.935070037841797 152.31201267242432 16.935070037841797 152.31201267242432 36.78858947753906 142.2284698486328 36.78858947753906
141.2093048095703 16.844518661499023 151.2646312713623 16.844518661499023 151.2646312713623 36.493675231933594 141.2093048095703 36.493675231933594
139.4528045654297 18.67746353149414 149.65012168884277 18.67746353149414 149.65012168884277 38.56490898132324 139.4528045654297 38.56490898132324
138.1343231201172 19.944061279296875 148.36906051635742 19.944061279296875 148.36906051635742 39.82368278503418 138.1343231201172 39.82368278503418
135.60256958007812 19.839229583740234 145.81445789337158 19.839229583740234 145.81445789337158 39.67447090148926 135.60256958007812 39.67447090148926
134.12240600585938 21.356464385986328 144.39958381652832 21.356464385986328 144.39958381652832 41.31852149963379 134.12240600585938 41.31852149963379
132.84909057617188 21.91989517211914 143.1315221786499 21.91989517211914 143.1315221786499 41.89215850830078 132.84909057617188 41.89215850830078
130.5286407470703 22.9659366607666 140.6709499359131 22.9659366607666 140.6709499359131 42.618398666381836 130.5286407470703 42.618398666381836
129.9776611328125 23.821155548095703 140.18144035339355 23.821155548095703 140.18144035339355 43.51640319824219 129.9776611328125 43.51640319824219
128.11032104492188 24.322263717651367 138.30028343200684 24.322263717651367 138.30028343200684 43.89309120178223 128.11032104492188 43.89309120178223
126.78556823730469 24.16978645324707 136.96486854553223 24.16978645324707 136.96486854553223 43.715044021606445 126.78556823730469 43.715044021606445
124.11265563964844 27.353130340576172 134.2819366455078 27.353130340576172 134.2819366455078 46.879150390625 124.11265563964844 46.879150390625
123.084716796875 26.328914642333984 133.34671878814697 26.328914642333984 133.34671878814697 46.00877571105957 123.084716796875 46.00877571105957
121.8419189453125 27.572887420654297 132.1931734085083 27.572887420654297 132.1931734085083 47.423912048339844 121.8419189453125 47.423912048339844
120.3608627319336 28.764389038085938 130.84164237976074 28.764389038085938 130.84164237976074 48.86381149291992 120.3608627319336 48.86381149291992
117.70843505859375 28.5688419342041 128.24767208099365 28.5688419342041 128.24767208099365 48.78037071228027 117.70843505859375 48.78037071228027
117.2249755859375 29.494314193725586 127.85289669036865 29.494314193725586 127.85289669036865 49.87591743469238 117.2249755859375 49.87591743469238
114.83427429199219 31.21393394470215 125.41024017333984 31.21393394470215 125.41024017333984 51.495901107788086 114.83427429199219 51.495901107788086
113.94737243652344 31.26385498046875 124.59722518920898 31.26385498046875 124.59722518920898 51.68751907348633 113.94737243652344 51.68751907348633
111.32243347167969 32.56111526489258 121.79510021209717 32.56111526489258 121.79510021209717 52.64498329162598 111.32243347167969 52.64498329162598
110.86567687988281 34.09606170654297 121.43154811859131 34.09606170654297 121.43154811859131 54.358673095703125 110.86567687988281 54.358673095703125
110.06888580322266 34.08250427246094 120.67890548706055 34.08250427246094 120.67890548706055 54.42978286743164 110.06888580322266 54.42978286743164
107.2894287109375 36.49403762817383 117.99814033508301 36.49403762817383 117.99814033508301 57.030582427978516 107.2894287109375 57.030582427978516
106.1156005859375 36.413299560546875 116.73784160614014 36.413299560546875 116.73784160614014 56.78401756286621 106.1156005859375 56.78401756286621
105.5938720703125 36.932098388671875 116.05242729187012 36.932098388671875 116.05242729187012 56.98891067504883 105.5938720703125 56.98891067504883
105.822021484375 37.812782287597656 116.14613819122314 37.812782287597656 116.14613819122314 57.59663772583008 105.822021484375 57.59663772583008
105.21199798583984 38.107208251953125 115.47234153747559 38.107208251953125 115.47234153747559 57.76140213012695 105.21199798583984 57.76140213012695
105.11286926269531 39.82870864868164 115.2524242401123 39.82870864868164 115.2524242401123 59.182090759277344 105.11286926269531 59.182090759277344
105.2803726196289 40.889991760253906 115.56056022644043 40.889991760253906 115.56056022644043 60.51179885864258 105.2803726196289 60.51179885864258
105.46949768066406 41.50175857543945 115.70562934875488 41.50175857543945 115.70562934875488 60.95280647277832 105.46949768066406 60.95280647277832
106.31620788574219 42.68476104736328 116.54199504852295 42.68476104736328 116.54199504852295 62.09244918823242 106.31620788574219 62.09244918823242
106.99006652832031 44.09872055053711 117.24538326263428 44.09872055053711 117.24538326263428 63.56245422363281 106.99006652832031 63.56245422363281
108.27586364746094 43.50944900512695 118.52211666107178 43.50944900512695 118.52211666107178 62.95598030090332 108.27586364746094 62.95598030090332
109.19189453125 44.89811706542969 119.42755508422852 44.89811706542969 119.42755508422852 64.32454299926758 109.19189453125 64.32454299926758
110.82524108886719 46.43220138549805 120.95817565917969 46.43220138549805 120.95817565917969 65.55194282531738 110.82524108886719 65.55194282531738
113.01995849609375 45.25754928588867 123.11201667785645 45.25754928588867 123.11201667785645 64.28253173828125 113.01995849609375 64.28253173828125
113.9279556274414 46.45770263671875 123.98845958709717 46.45770263671875 123.98845958709717 65.41533279418945 113.9279556274414 65.41533279418945
118.05289459228516 50.096317291259766 128.17431640625 50.096317291259766 128.17431640625 68.99224662780762 118.05289459228516 68.99224662780762
119.70111083984375 49.278282165527344 130.13944721221924 49.278282165527344 130.13944721221924 68.76586532592773 119.70111083984375 68.76586532592773
123.17668151855469 49.73033142089844 133.77892684936523 49.73033142089844 133.77892684936523 69.52392196655273 123.17668151855469 69.52392196655273
124.66557312011719 50.5412712097168 135.25776386260986 50.5412712097168 135.25776386260986 70.31608963012695 124.66557312011719 70.31608963012695
131.88084411621094 50.28316116333008 142.46223735809326 50.28316116333008 142.46223735809326 70.03782081604004 131.88084411621094 70.03782081604004
134.84640502929688 52.3973388671875 145.3923463821411 52.3973388671875 145.3923463821411 72.08581161499023 134.84640502929688 72.08581161499023
136.76022338867188 51.65098190307617 147.2959270477295 51.65098190307617 147.2959270477295 71.32034301757812 136.76022338867188 71.32034301757812
145.2452392578125 52.69260787963867 155.7688970565796 52.69260787963867 155.7688970565796 72.33948135375977 145.2452392578125 72.33948135375977
147.11184692382812 52.61486053466797 157.43823337554932 52.61486053466797 157.43823337554932 71.8934440612793 147.11184692382812 71.8934440612793
150.7315216064453 52.691368103027344 160.852388381958 52.691368103027344 160.852388381958 71.52511787414551 150.7315216064453 71.52511787414551
154.5342254638672 50.91842269897461 164.858247756958 50.91842269897461 164.858247756958 69.99583625793457 154.5342254638672 69.99583625793457
158.25643920898438 50.58333206176758 168.52406883239746 50.58333206176758 168.52406883239746 69.55521392822266 158.25643920898438 69.55521392822266
164.18185424804688 49.2121467590332 174.37219333648682 49.2121467590332 174.37219333648682 68.04121780395508 164.18185424804688 68.04121780395508
168.02346801757812 47.95830154418945 178.16916465759277 47.95830154418945 178.16916465759277 66.60350036621094 168.02346801757812 66.60350036621094
175.046142578125 49.32752227783203 185.34095287322998 49.32752227783203 185.34095287322998 68.23378944396973 175.046142578125 68.23378944396973
178.11102294921875 48.409122467041016 188.33151245117188 48.409122467041016 188.33151245117188 67.17889976501465 178.11102294921875 67.17889976501465
182.63784790039062 46.91975402832031 193.02062702178955 46.91975402832031 193.02062702178955 65.98757362365723 182.63784790039062 65.98757362365723
184.32821655273438 47.16960525512695 194.87286376953125 47.16960525512695 194.87286376953125 66.53469276428223 184.32821655273438 66.53469276428223
190.3603515625 44.92473602294922 200.90834712982178 44.92473602294922 200.90834712982178 64.29597282409668 190.3603515625 64.29597282409668
196.11337280273438 45.0258674621582 206.65914726257324 45.0258674621582 206.65914726257324 64.39302635192871 196.11337280273438 64.39302635192871
197.81886291503906 45.441314697265625 208.409423828125 45.441314697265625 208.409423828125 64.89072608947754 197.81886291503906 64.89072608947754
203.39186096191406 43.49382400512695 213.783278465271 43.49382400512695 213.783278465271 62.57751274108887 203.39186096191406 62.57751274108887
206.00918579101562 42.37398910522461 216.4369716644287 42.37398910522461 216.4369716644287 61.52446746826172 206.00918579101562 61.52446746826172
208.7832489013672 41.558284759521484 219.2560214996338 41.558284759521484 219.2560214996338 60.79137992858887 208.7832489013672 60.79137992858887
210.0958709716797 40.30904769897461 220.5177640914917 40.30904769897461 220.5177640914917 59.44870567321777 210.0958709716797 59.44870567321777
216.52987670898438 40.734928131103516 226.7650260925293 40.734928131103516 226.7650260925293 59.50431251525879 216.52987670898438 59.50431251525879
219.04879760742188 41.17376708984375 229.33720588684082 41.17376708984375 229.33720588684082 60.02561569213867 219.04879760742188 60.02561569213867
220.72695922851562 38.6956787109375 231.0076551437378 38.6956787109375 231.0076551437378 57.513620376586914 220.72695922851562 57.513620376586914
224.0105438232422 38.159881591796875 234.27225971221924 38.159881591796875 234.27225971221924 56.94308280944824 224.0105438232422 56.94308280944824
225.78060913085938 36.55787658691406 235.950852394104 36.55787658691406 235.950852394104 55.17364501953125 225.78060913085938 55.17364501953125
228.12588500976562 36.52190017700195 238.2685136795044 36.52190017700195 238.2685136795044 55.03119659423828 228.12588500976562 55.03119659423828
230.0023956298828 35.939430236816406 240.08145999908447 35.939430236816406 240.08145999908447 54.153268814086914 230.0023956298828 54.153268814086914
234.4569091796875 33.964012145996094 244.53684043884277 33.964012145996094 244.53684043884277 52.05812454223633 234.4569091796875 52.05812454223633
235.6882781982422 33.51744079589844 245.8396396636963 33.51744079589844 245.8396396636963 51.68632698059082 235.6882781982422 51.68632698059082
238.1276092529297 33.24421310424805 248.17723560333252 33.24421310424805 248.17723560333252 51.179962158203125 238.1276092529297 51.179962158203125
240.63766479492188 31.956180572509766 250.70567512512207 31.956180572509766 250.70567512512207 49.81588554382324 240.63766479492188 49.81588554382324
246.6806182861328 30.876428604125977 256.8084087371826 30.876428604125977 256.8084087371826 48.56575584411621 246.6806182861328 48.56575584411621
250.0734100341797 31.124629974365234 260.24481868743896 31.124629974365234 260.24481868743896 48.8201904296875 250.0734100341797 48.8201904296875
243.99191284179688 29.653018951416016 254.1630516052246 29.653018951416016 254.1630516052246 47.320878982543945 243.99191284179688 47.320878982543945
245.8986358642578 29.00320053100586 256.1073532104492 29.00320053100586 256.1073532104492 46.73633575439453 245.8986358642578 46.73633575439453
248.68466186523438 27.591388702392578 258.9579219818115 27.591388702392578 258.9579219818115 45.4366397857666 248.68466186523438 45.4366397857666
249.3922576904297 27.063766479492188 259.5998373031616 27.063766479492188 259.5998373031616 44.72942543029785 249.3922576904297 44.72942543029785
250.2391815185547 26.987157821655273 260.2972164154053 26.987157821655273 260.2972164154053 44.32888603210449 250.2391815185547 44.32888603210449
252.8020477294922 25.740346908569336 262.8020477294922 25.740346908569336 262.8020477294922 42.69299507141113 252.8020477294922 42.69299507141113
254.9899444580078 24.48537826538086 265.0564670562744 24.48537826538086 265.0564670562744 41.309600830078125 254.9899444580078 41.309600830078125
256.394287109375 24.369037628173828 266.484956741333 24.369037628173828 266.484956741333 41.09317588806152 256.394287109375 41.09317588806152
257.0884704589844 24.61038589477539 267.1443328857422 24.61038589477539 267.1443328857422 40.968505859375 257.0884704589844 40.968505859375
260.25323486328125 22.37759780883789 270.27237033843994 22.37759780883789 270.27237033843994 38.479827880859375 260.25323486328125 38.479827880859375
261.1446228027344 22.750431060791016 271.2000207901001 22.750431060791016 271.2000207901001 38.73906326293945 261.1446228027344 38.73906326293945
262.05059814453125 22.557207107543945 272.1105070114136 22.557207107543945 272.1105070114136 38.51480770111084 262.05059814453125 38.51480770111084
262.49224853515625 21.03061294555664 272.53013134002686 21.03061294555664 272.53013134002686 36.69626235961914 262.49224853515625 36.69626235961914
264.1736755371094 21.034099578857422 274.2424030303955 21.034099578857422 274.2424030303955 36.57839870452881 264.1736755371094 36.57839870452881
264.8536071777344 21.06925392150879 274.9523096084595 21.06925392150879 274.9523096084595 36.52450180053711 264.8536071777344 36.52450180053711
265.09466552734375 18.800275802612305 275.2007694244385 18.800275802612305 275.2007694244385 34.25996017456055 265.09466552734375 34.25996017456055
265.9849548339844 19.816158294677734 276.0057201385498 19.816158294677734 276.0057201385498 34.86985969543457 265.9849548339844 34.86985969543457
265.943359375 17.006027221679688 276.0531053543091 17.006027221679688 276.0531053543091 32.11040782928467 265.943359375 32.11040782928467
266.2451171875 15.773625373840332 276.554012298584 15.773625373840332 276.554012298584 31.175543785095215 266.2451171875 31.175543785095215
266.9955749511719 15.674751281738281 277.44209480285645 15.674751281738281 277.44209480285645 31.282285690307617 266.9955749511719 31.282285690307617
267.04248046875 15.118515014648438 277.4949760437012 15.118515014648438 277.4949760437012 30.73497772216797 267.04248046875 30.73497772216797
267.5697326660156 15.549153327941895 277.96802711486816 15.549153327941895 277.96802711486816 31.08463478088379 267.5697326660156 31.08463478088379
