15.0 36.0 39.0 36.0 39.0 63.0 15.0 63.0
15.938249588012695 36.392356872558594 39.849449157714844 36.392356872558594 39.849449157714844 63.29246139526367 15.938249588012695 63.29246139526367
18.39414405822754 36.35520935058594 42.52783393859863 36.35520935058594 42.52783393859863 63.505619049072266 18.39414405822754 63.505619049072266
20.082473754882812 36.35165786743164 44.105464935302734 36.35165786743164 44.105464935302734 63.37753105163574 20.082473754882812 63.37753105163574
22.49628257751465 37.156898498535156 46.67617225646973 37.156898498535156 46.67617225646973 64.35928153991699 22.49628257751465 64.35928153991699
23.657211303710938 37.236083984375 48.011619567871094 37.236083984375 48.011619567871094 64.63480186462402 23.657211303710938 64.63480186462402
26.232105255126953 37.38649368286133 50.31639099121094 37.38649368286133 50.31639099121094 64.4813232421875 26.232105255126953 64.4813232421875
27.450265884399414 38.5046501159668 51.1862735748291 38.5046501159668 51.1862735748291 65.20766830444336 27.450265884399414 65.20766830444336
29.463237762451172 38.45636749267578 52.921152114868164 38.45636749267578 52.921152114868164 64.84653091430664 29.463237762451172 64.84653091430664
31.278417587280273 39.20475769042969 54.73501014709473 39.20475769042969 54.73501014709473 65.59343338012695 31.278417587280273 65.59343338012695
33.600364685058594 39.611141204833984 57.18858528137207 39.611141204833984 57.18858528137207 66.14789581298828 33.600364685058594 66.14789581298828
34.89794158935547 39.85739517211914 58.52422332763672 39.85739517211914 58.52422332763672 66.43696594238281 34.89794158935547 66.43696594238281
37.103675842285156 40.34954833984375 61.05351638793945 40.34954833984375 61.05351638793945 67.29312133789062 37.103675842285156 67.29312133789062
38.00716018676758 40.97707748413086 61.76186943054199 40.97707748413086 61.76186943054199 67.70112609863281 38.00716018676758 67.70112609863281
41.44095993041992 41.778160095214844 65.35331916809082 41.778160095214844 65.35331916809082 68.67956352233887 41.44095993041992 68.67956352233887
42.593963623046875 42.00720977783203 66.15435791015625 42.00720977783203 66.15435791015625 68.51265144348145 42.593963623046875 68.51265144348145
44.161048889160156 42.26527786254883 67.36169815063477 42.26527786254883 67.36169815063477 68.36600685119629 44.161048889160156 68.36600685119629
45.829612731933594 42.878746032714844 69.0145492553711 42.878746032714844 69.0145492553711 68.96179580688477 45.829612731933594 68.96179580688477
48.077598571777344 44.572349548339844 70.86950492858887 44.572349548339844 70.86950492858887 70.21324348449707 48.077598571777344 70.21324348449707
49.977455139160156 44.603389739990234 72.45007705688477 44.603389739990234 72.45007705688477 69.88508796691895 49.977455139160156 69.88508796691895
53.10936737060547 44.97307205200195 75.76206588745117 44.97307205200195 75.76206588745117 70.45735931396484 53.10936737060547 70.45735931396484
54.55849075317383 45.44499969482422 77.43467712402344 45.44499969482422 77.43467712402344 71.18070793151855 54.55849075317383 71.18070793151855
56.69463348388672 45.698604583740234 79.45792198181152 45.698604583740234 79.45792198181152 71.30730247497559 56.69463348388672 71.30730247497559
58.6728401184082 45.2747917175293 81.13917541503906 45.2747917175293 81.13917541503906 70.54941749572754 58.6728401184082 70.54941749572754
61.139007568359375 44.661827087402344 83.29237747192383 44.661827087402344 83.29237747192383 69.5843677520752 61.139007568359375 69.5843677520752
62.78055953979492 45.34589767456055 85.0517463684082 45.34589767456055 85.0517463684082 70.40097999572754 62.78055953979492 70.40097999572754
66.3392333984375 45.82457733154297 88.35721206665039 45.82457733154297 88.35721206665039 70.59479904174805 66.3392333984375 70.59479904174805
68.50477600097656 46.741756439208984 90.12168884277344 46.741756439208984 90.12168884277344 71.06077766418457 68.50477600097656 71.06077766418457
70.83537292480469 46.95287322998047 92.01832580566406 46.95287322998047 92.01832580566406 70.78368759155273 70.83537292480469 70.78368759155273
72.18159484863281 46.95901870727539 93.69549179077148 46.95901870727539 93.69549179077148 71.16214370727539 72.18159484863281 71.16214370727539
73.9678726196289 46.908260345458984 95.31752395629883 46.908260345458984 95.31752395629883 70.92661094665527 73.9678726196289 70.92661094665527
76.96064758300781 47.3747673034668 98.24833679199219 47.3747673034668 98.24833679199219 71.32341194152832 76.96064758300781 71.32341194152832
79.54796600341797 46.6054801940918 100.7978687286377 46.6054801940918 100.7978687286377 70.51161193847656 79.54796600341797 70.51161193847656
81.45800018310547 46.824668884277344 102.75436592102051 46.824668884277344 102.75436592102051 70.7830696105957 81.45800018310547 70.7830696105957
84.20442962646484 46.38319778442383 105.39748764038086 46.38319778442383 105.39748764038086 70.22537612915039 84.20442962646484 70.22537612915039
85.67317199707031 46.4146728515625 106.43533706665039 46.4146728515625 106.43533706665039 69.7720947265625 85.67317199707031 69.7720947265625
87.05448913574219 45.701072692871094 107.91787528991699 45.701072692871094 107.91787528991699 69.17236709594727 87.05448913574219 69.17236709594727
90.29985809326172 45.055030822753906 110.81862258911133 45.055030822753906 110.81862258911133 68.13862800598145 90.29985809326172 68.13862800598145
92.7943115234375 44.89813995361328 113.54337882995605 44.89813995361328 113.54337882995605 68.24082565307617 92.7943115234375 68.24082565307617
94.82450866699219 44.22256851196289 115.46769142150879 44.22256851196289 115.46769142150879 67.44613456726074 94.82450866699219 67.44613456726074
96.1755599975586 44.03679656982422 116.33026313781738 44.03679656982422 116.33026313781738 66.71082305908203 96.1755599975586 66.71082305908203
98.84074401855469 44.60811996459961 118.62399291992188 44.60811996459961 118.62399291992188 66.86426162719727 98.84074401855469 66.86426162719727
100.2606430053711 44.42859649658203 119.7326545715332 44.42859649658203 119.7326545715332 66.33459854125977 100.2606430053711 66.33459854125977
102.73040771484375 44.3897590637207 122.05180931091309 44.3897590637207 122.05180931091309 66.1263256072998 102.73040771484375 66.1263256072998
105.02687072753906 44.47202682495117 124.28753089904785 44.47202682495117 124.28753089904785 66.1402587890625 105.02687072753906 66.1402587890625
107.17061614990234 45.593177795410156 126.19233322143555 45.593177795410156 126.19233322143555 66.99259948730469 107.17061614990234 66.99259948730469
108.4996337890625 45.1126823425293 127.08475112915039 45.1126823425293 127.08475112915039 66.02092742919922 108.4996337890625 66.02092742919922
111.7345962524414 45.04266357421875 130.27153778076172 45.04266357421875 130.27153778076172 65.8967113494873 111.7345962524414 65.8967113494873
113.0052261352539 44.63335037231445 131.23795700073242 44.63335037231445 131.23795700073242 65.14516067504883 113.0052261352539 65.14516067504883
114.83503723144531 43.85758590698242 132.90169715881348 43.85758590698242 132.90169715881348 64.18256378173828 114.83503723144531 64.18256378173828
118.37715148925781 44.200286865234375 136.2713222503662 44.200286865234375 136.2713222503662 64.33121490478516 118.37715148925781 64.33121490478516
120.17928314208984 44.429012298583984 137.73840713500977 44.429012298583984 137.73840713500977 64.18301200866699 120.17928314208984 64.18301200866699
122.012939453125 44.38977813720703 139.47645950317383 44.38977813720703 139.47645950317383 64.03622436523438 122.012939453125 64.03622436523438
125.02278137207031 44.503318786621094 142.4908103942871 44.503318786621094 142.4908103942871 64.15483665466309 125.02278137207031 64.15483665466309
126.28253173828125 44.45917892456055 143.5678653717041 44.45917892456055 143.5678653717041 63.90516471862793 126.28253173828125 63.90516471862793
127.95263671875 44.72174072265625 145.1320858001709 44.72174072265625 145.1320858001709 64.0486068725586 127.95263671875 64.0486068725586
129.50393676757812 44.60969161987305 146.73372268676758 44.60969161987305 146.73372268676758 63.993186950683594 129.50393676757812 63.993186950683594
131.62672424316406 45.71681594848633 148.83261108398438 45.71681594848633 148.83261108398438 65.07342529296875 131.62672424316406 65.07342529296875
134.22772216796875 45.20157241821289 151.39216423034668 45.20157241821289 151.39216423034668 64.51155471801758 134.22772216796875 64.51155471801758
136.03262329101562 44.91481399536133 153.08271408081055 44.91481399536133 153.08271408081055 64.09615325927734 136.03262329101562 64.09615325927734
138.3683319091797 45.103187561035156 155.3498878479004 45.103187561035156 155.3498878479004 64.20742416381836 138.3683319091797 64.20742416381836
140.07211303710938 45.91144561767578 156.78659439086914 45.91144561767578 156.78659439086914 64.7152214050293 140.07211303710938 64.7152214050293
141.71080017089844 46.15130615234375 158.1692714691162 46.15130615234375 158.1692714691162 64.66707229614258 141.71080017089844 64.66707229614258
143.83799743652344 45.52410125732422 159.97912788391113 45.52410125732422 159.97912788391113 63.682857513427734 143.83799743652344 63.682857513427734
146.4205780029297 45.43791580200195 162.57090759277344 45.43791580200195 162.57090759277344 63.60702133178711 146.4205780029297 63.60702133178711
148.9645538330078 45.8371696472168 165.2814426422119 45.8371696472168 165.2814426422119 64.19365501403809 148.9645538330078 64.19365501403809
151.16128540039062 45.57875061035156 167.52423477172852 45.57875061035156 167.52423477172852 63.9870548248291 151.16128540039062 63.9870548248291
154.2998504638672 46.36188507080078 170.11737823486328 46.36188507080078 170.11737823486328 64.1565933227539 154.2998504638672 64.1565933227539
153.91815185546875 45.471275329589844 169.71280479431152 45.471275329589844 169.71280479431152 63.240251541137695 153.91815185546875 63.240251541137695
155.30282592773438 45.959163665771484 170.84247589111328 45.959163665771484 170.84247589111328 63.441261291503906 155.30282592773438 63.441261291503906
158.28414916992188 46.50968933105469 173.64124870300293 46.50968933105469 173.64124870300293 63.78641891479492 158.28414916992188 63.78641891479492
160.70277404785156 46.62413787841797 175.84270191192627 46.62413787841797 175.84270191192627 63.656551361083984 160.70277404785156 63.656551361083984
163.03823852539062 46.59074783325195 178.19036102294922 46.59074783325195 178.19036102294922 63.63688087463379 163.03823852539062 63.63688087463379
165.29647827148438 46.139625549316406 180.49972534179688 46.139625549316406 180.49972534179688 63.2432746887207 165.29647827148438 63.2432746887207
166.4709014892578 46.155948638916016 181.40513134002686 46.155948638916016 181.40513134002686 62.956953048706055 166.4709014892578 62.956953048706055
167.7059783935547 45.833213806152344 182.26806640625 45.833213806152344 182.26806640625 62.21555709838867 167.7059783935547 62.21555709838867
168.4327392578125 45.838661193847656 182.90772533416748 45.838661193847656 182.90772533416748 62.12301445007324 168.4327392578125 62.12301445007324
170.52291870117188 46.11018371582031 184.7088747024536 46.11018371582031 184.7088747024536 62.06937599182129 170.52291870117188 62.06937599182129
172.75869750976562 45.71981430053711 186.75940895080566 45.71981430053711 186.75940895080566 61.47060585021973 172.75869750976562 61.47060585021973
172.45689392089844 45.82794952392578 186.2602138519287 45.82794952392578 186.2602138519287 61.35667610168457 172.45689392089844 61.35667610168457
177.3925323486328 46.00605010986328 191.28488159179688 46.00605010986328 191.28488159179688 61.63493537902832 177.3925323486328 61.63493537902832
178.72918701171875 45.705787658691406 192.59092235565186 45.705787658691406 192.59092235565186 61.30023384094238 178.72918701171875 61.30023384094238
180.11036682128906 45.79705047607422 193.65599060058594 45.79705047607422 193.65599060058594 61.03587055206299 180.11036682128906 61.03587055206299
181.97738647460938 45.645755767822266 195.28005981445312 45.645755767822266 195.28005981445312 60.611257553100586 181.97738647460938 60.611257553100586
184.240478515625 46.3143424987793 197.20315742492676 46.3143424987793 197.20315742492676 60.89735221862793 184.240478515625 60.89735221862793
185.65011596679688 47.00519561767578 198.7790699005127 47.00519561767578 198.7790699005127 61.77526378631592 185.65011596679688 61.77526378631592
188.12570190429688 46.525299072265625 201.30508613586426 46.525299072265625 201.30508613586426 61.35209941864014 188.12570190429688 61.35209941864014
189.7802276611328 46.44254684448242 202.77088928222656 46.44254684448242 202.77088928222656 61.05703353881836 189.7802276611328 61.05703353881836
192.2339324951172 47.14741134643555 205.11209392547607 47.14741134643555 205.11209392547607 61.63533592224121 192.2339324951172 61.63533592224121
194.00741577148438 47.79833221435547 206.49555206298828 47.79833221435547 206.49555206298828 61.84747886657715 194.00741577148438 61.84747886657715
194.6063232421875 46.89302444458008 207.18056297302246 46.89302444458008 207.18056297302246 61.03903770446777 194.6063232421875 61.03903770446777
195.6324462890625 47.24219512939453 208.21557998657227 47.24219512939453 208.21557998657227 61.39821434020996 195.6324462890625 61.39821434020996
198.78204345703125 47.200252532958984 211.27168941497803 47.200252532958984 211.27168941497803 61.251097679138184 198.78204345703125 61.251097679138184
200.1136932373047 46.98386764526367 212.49703121185303 46.98386764526367 212.49703121185303 60.915117263793945 200.1136932373047 60.915117263793945
203.1642303466797 47.598758697509766 215.57612895965576 47.598758697509766 215.57612895965576 61.562137603759766 203.1642303466797 61.562137603759766
204.50363159179688 47.523948669433594 216.74043464660645 47.523948669433594 216.74043464660645 61.29034423828125 204.50363159179688 61.29034423828125
205.4885711669922 47.37253952026367 217.8204231262207 47.37253952026367 217.8204231262207 61.245863914489746 205.4885711669922 61.245863914489746
206.24462890625 47.63500213623047 218.711932182312 47.63500213623047 218.711932182312 61.66071033477783 206.24462890625 61.66071033477783
208.6339874267578 47.13367462158203 220.91892910003662 47.13367462158203 220.91892910003662 60.95422649383545 208.6339874267578 60.95422649383545
210.01220703125 46.94456481933594 222.0072774887085 46.94456481933594 222.0072774887085 60.43901252746582 210.01220703125 60.43901252746582
