170.0 179.0 207.0 179.0 207.0 234.0 170.0 234.0
174.37359619140625 179.80038452148438 211.27095794677734 179.80038452148438 211.27095794677734 234.6478157043457 174.37359619140625 234.6478157043457
186.69056701660156 177.58033752441406 223.64540100097656 177.58033752441406 223.64540100097656 232.51319885253906 186.69056701660156 232.51319885253906
190.31552124023438 178.76785278320312 227.02210235595703 178.76785278320312 227.02210235595703 233.3316764831543 190.31552124023438 233.3316764831543
195.96307373046875 179.03268432617188 232.0557861328125 179.03268432617188 232.0557861328125 232.68400192260742 195.96307373046875 232.68400192260742
199.17869567871094 179.3031768798828 234.59274673461914 179.3031768798828 234.59274673461914 231.94567108154297 199.17869567871094 231.94567108154297
202.59225463867188 176.739501953125 238.04744720458984 176.739501953125 238.04744720458984 229.44315338134766 202.59225463867188 229.44315338134766
205.11825561523438 178.35023498535156 239.92229080200195 178.35023498535156 239.92229080200195 230.08595275878906 205.11825561523438 230.08595275878906
208.25515747070312 177.0135955810547 242.5949821472168 177.0135955810547 242.5949821472168 228.05926895141602 208.25515747070312 228.05926895141602
211.0517120361328 176.59010314941406 245.03507232666016 176.59010314941406 245.03507232666016 227.10589599609375 211.0517120361328 227.10589599609375
213.60372924804688 177.48934936523438 246.8867645263672 177.48934936523438 246.8867645263672 226.96411895751953 213.60372924804688 226.96411895751953
216.1815185546875 176.88784790039062 248.9150161743164 176.88784790039062 248.9150161743164 225.54573822021484 216.1815185546875 225.54573822021484
217.33102416992188 177.10484313964844 249.42416381835938 177.10484313964844 249.42416381835938 224.81084823608398 217.33102416992188 224.81084823608398
219.3669891357422 176.08389282226562 251.3096809387207 176.08389282226562 251.3096809387207 223.5662612915039 219.3669891357422 223.5662612915039
221.55648803710938 177.4554901123047 252.8134651184082 177.4554901123047 252.8134651184082 223.91855239868164 221.55648803710938 223.91855239868164
220.6585235595703 178.5027313232422 251.94410133361816 178.5027313232422 251.94410133361816 225.00830841064453 220.6585235595703 225.00830841064453
222.2661895751953 177.7652130126953 253.19342041015625 177.7652130126953 253.19342041015625 223.7381134033203 222.2661895751953 223.7381134033203
223.39254760742188 177.33367919921875 253.70410537719727 177.33367919921875 253.70410537719727 222.39138412475586 223.39254760742188 222.39138412475586
223.842041015625 177.83822631835938 253.84543991088867 177.83822631835938 253.84543991088867 222.43785858154297 223.842041015625 222.43785858154297
224.1470489501953 176.18502807617188 254.0609474182129 176.18502807617188 254.0609474182129 220.65161514282227 224.1470489501953 220.65161514282227
224.7847442626953 177.27951049804688 254.5895938873291 177.27951049804688 254.5895938873291 221.5839958190918 224.7847442626953 221.5839958190918
224.47280883789062 176.21490478515625 254.1937370300293 176.21490478515625 254.1937370300293 220.39464569091797 224.47280883789062 220.39464569091797
224.87869262695312 177.1793670654297 254.07654762268066 177.1793670654297 254.07654762268066 220.5815658569336 224.87869262695312 220.5815658569336
224.97012329101562 177.35617065429688 253.966796875 177.35617065429688 253.966796875 220.4593162536621 224.97012329101562 220.4593162536621
225.3153839111328 178.29598999023438 253.43389320373535 178.29598999023438 253.43389320373535 220.09375762939453 225.3153839111328 220.09375762939453
224.61105346679688 177.41470336914062 252.2173671722412 177.41470336914062 252.2173671722412 218.45109939575195 224.61105346679688 218.45109939575195
224.69924926757812 178.73052978515625 251.8230495452881 178.73052978515625 251.8230495452881 219.04967498779297 224.69924926757812 219.04967498779297
224.66903686523438 177.90087890625 251.55477333068848 177.90087890625 251.55477333068848 217.86614608764648 224.66903686523438 217.86614608764648
224.4174041748047 178.1890411376953 251.33139038085938 178.1890411376953 251.33139038085938 218.1963005065918 224.4174041748047 218.1963005065918
223.7605438232422 178.99551391601562 250.05161094665527 178.99551391601562 250.05161094665527 218.07680892944336 223.7605438232422 218.07680892944336
223.49728393554688 178.36984252929688 249.35419845581055 178.36984252929688 249.35419845581055 216.8057746887207 223.49728393554688 216.8057746887207
223.726806640625 180.94241333007812 249.2042293548584 180.94241333007812 249.2042293548584 218.8142318725586 223.726806640625 218.8142318725586
222.4987335205078 179.36459350585938 247.3795509338379 179.36459350585938 247.3795509338379 216.34957122802734 222.4987335205078 216.34957122802734
221.5186767578125 179.31222534179688 246.63535118103027 179.31222534179688 246.63535118103027 216.6478042602539 221.5186767578125 216.6478042602539
220.94021606445312 179.28958129882812 245.9483814239502 179.28958129882812 245.9483814239502 216.46386337280273 220.94021606445312 216.46386337280273
219.8012237548828 179.1738739013672 244.54531478881836 179.1738739013672 244.54531478881836 215.95561599731445 219.8012237548828 215.95561599731445
219.2071533203125 178.69931030273438 243.64177894592285 178.69931030273438 243.64177894592285 215.02103424072266 219.2071533203125 215.02103424072266
218.80630493164062 178.14157104492188 242.8108787536621 178.14157104492188 242.8108787536621 213.82403182983398 218.80630493164062 213.82403182983398
217.68905639648438 180.04283142089844 241.36418342590332 180.04283142089844 241.36418342590332 215.2355728149414 217.68905639648438 215.2355728149414
216.6210479736328 180.02584838867188 240.3840446472168 180.02584838867188 240.3840446472168 215.34920501708984 216.6210479736328 215.34920501708984
215.3891143798828 179.52728271484375 238.58942794799805 179.52728271484375 238.58942794799805 214.01422119140625 215.3891143798828 214.01422119140625
215.58621215820312 179.53433227539062 238.74729537963867 179.53433227539062 238.74729537963867 213.96295928955078 215.58621215820312 213.96295928955078
214.7193145751953 178.72479248046875 237.37579917907715 178.72479248046875 237.37579917907715 212.4033432006836 214.7193145751953 212.4033432006836
214.60543823242188 179.90127563476562 237.26607704162598 179.90127563476562 237.26607704162598 213.58599853515625 214.60543823242188 213.58599853515625
214.027587890625 180.26919555664062 236.46093940734863 180.26919555664062 236.46093940734863 213.61605834960938 214.027587890625 213.61605834960938
213.51254272460938 179.28359985351562 235.71615982055664 179.28359985351562 235.71615982055664 212.2889633178711 213.51254272460938 212.2889633178711
213.2501220703125 179.5492401123047 235.60928916931152 179.5492401123047 235.60928916931152 212.78582382202148 213.2501220703125 212.78582382202148
212.6905975341797 179.32894897460938 235.02029418945312 179.32894897460938 235.02029418945312 212.521728515625 212.6905975341797 212.521728515625
211.4783935546875 178.79269409179688 234.13466835021973 178.79269409179688 234.13466835021973 212.47092819213867 211.4783935546875 212.47092819213867
211.2478790283203 178.28439331054688 233.96741104125977 178.28439331054688 233.96741104125977 212.0566635131836 211.2478790283203 212.0566635131836
211.1358642578125 178.96859741210938 233.53053665161133 178.96859741210938 233.53053665161133 212.2579689025879 211.1358642578125 212.2579689025879
211.40219116210938 179.09739685058594 233.49028396606445 179.09739685058594 233.49028396606445 211.93103790283203 211.40219116210938 211.93103790283203
211.31497192382812 179.51730346679688 232.65898513793945 179.51730346679688 232.65898513793945 211.24488258361816 211.31497192382812 211.24488258361816
211.36264038085938 179.53433227539062 232.53153610229492 179.53433227539062 232.53153610229492 211.00160598754883 211.36264038085938 211.00160598754883
211.8090362548828 179.0779266357422 232.69186973571777 179.0779266357422 232.69186973571777 210.11997413635254 211.8090362548828 210.11997413635254
212.06942749023438 178.9888458251953 232.68778800964355 178.9888458251953 232.68778800964355 209.63776016235352 212.06942749023438 209.63776016235352
212.23373413085938 179.28123474121094 232.66289138793945 179.28123474121094 232.66289138793945 209.64890480041504 212.23373413085938 209.64890480041504
212.6503143310547 179.30557250976562 232.83584594726562 179.30557250976562 232.83584594726562 209.31109619140625 212.6503143310547 209.31109619140625
212.7000274658203 179.9986114501953 232.9171257019043 179.9986114501953 232.9171257019043 210.05106163024902 212.7000274658203 210.05106163024902
212.9169921875 179.29542541503906 233.10110092163086 179.29542541503906 233.10110092163086 209.29883766174316 212.9169921875 209.29883766174316
213.5162353515625 178.87109375 233.37287712097168 178.87109375 233.37287712097168 208.38773155212402 213.5162353515625 208.38773155212402
214.2368621826172 179.25054931640625 234.2025489807129 179.25054931640625 234.2025489807129 208.92927932739258 214.2368621826172 208.92927932739258
214.60079956054688 180.17538452148438 234.3316764831543 180.17538452148438 234.3316764831543 209.50507164001465 214.60079956054688 209.50507164001465
215.38882446289062 179.90464782714844 234.89500617980957 179.90464782714844 234.89500617980957 208.90032958984375 215.38882446289062 208.90032958984375
216.0889434814453 179.82235717773438 235.63562202453613 179.82235717773438 235.63562202453613 208.87823867797852 216.0889434814453 208.87823867797852
216.5035400390625 179.01638793945312 236.10417366027832 179.01638793945312 236.10417366027832 208.1524715423584 216.5035400390625 208.1524715423584
217.271728515625 179.86781311035156 236.5977020263672 179.86781311035156 236.5977020263672 208.59561729431152 217.271728515625 208.59561729431152
217.8645782470703 179.8602752685547 236.9897403717041 179.8602752685547 236.9897403717041 208.28957748413086 217.8645782470703 208.28957748413086
218.9191131591797 178.8900146484375 237.90672492980957 178.8900146484375 237.90672492980957 207.11484718322754 218.9191131591797 207.11484718322754
219.5605926513672 179.6175994873047 238.17977714538574 179.6175994873047 238.17977714538574 207.29476928710938 219.5605926513672 207.29476928710938
220.26516723632812 179.68588256835938 238.69721794128418 179.68588256835938 238.69721794128418 207.08488082885742 220.26516723632812 207.08488082885742
221.5420684814453 179.6837921142578 239.67069816589355 179.6837921142578 239.67069816589355 206.6317596435547 221.5420684814453 206.6317596435547
221.15585327148438 180.4149932861328 239.1250820159912 180.4149932861328 239.1250820159912 207.12601280212402 221.15585327148438 207.12601280212402
222.08663940429688 180.87167358398438 239.89339447021484 180.87167358398438 239.89339447021484 207.34117698669434 222.08663940429688 207.34117698669434
222.53976440429688 180.96469116210938 240.25218963623047 180.96469116210938 240.25218963623047 207.29397583007812 222.53976440429688 207.29397583007812
223.0998077392578 181.8284454345703 240.50284957885742 181.8284454345703 240.50284957885742 207.6978359222412 223.0998077392578 207.6978359222412
223.9435577392578 181.24154663085938 241.03115844726562 181.24154663085938 241.03115844726562 206.64203453063965 223.9435577392578 206.64203453063965
224.3417510986328 181.8277130126953 241.2099151611328 181.8277130126953 241.2099151611328 206.9020118713379 224.3417510986328 206.9020118713379
224.7043914794922 181.6383514404297 241.3838768005371 181.6383514404297 241.3838768005371 206.43218421936035 224.7043914794922 206.43218421936035
225.3535614013672 180.4027557373047 241.78506660461426 180.4027557373047 241.78506660461426 204.82796669006348 225.3535614013672 204.82796669006348
225.6729736328125 180.66183471679688 242.12688446044922 180.66183471679688 242.12688446044922 205.1203498840332 225.6729736328125 205.1203498840332
225.5901641845703 180.6103973388672 242.04249000549316 180.6103973388672 242.04249000549316 205.066556930542 225.5901641845703 205.066556930542
226.0355682373047 180.85879516601562 242.47901916503906 180.85879516601562 242.47901916503906 205.30176544189453 226.0355682373047 205.30176544189453
225.89462280273438 180.7943115234375 242.00207901000977 180.7943115234375 242.00207901000977 204.7378273010254 225.89462280273438 204.7378273010254
226.8219757080078 180.71063232421875 242.73584938049316 180.71063232421875 242.73584938049316 204.36639022827148 226.8219757080078 204.36639022827148
226.47805786132812 180.12535095214844 242.18719291687012 180.12535095214844 242.18719291687012 203.47676849365234 226.47805786132812 203.47676849365234
226.87948608398438 181.07119750976562 242.38061809539795 181.07119750976562 242.38061809539795 204.11342239379883 226.87948608398438 204.11342239379883
227.86990356445312 180.44876098632812 243.2607069015503 180.44876098632812 243.2607069015503 203.32698249816895 227.86990356445312 203.32698249816895
228.00711059570312 181.68984985351562 243.14098834991455 181.68984985351562 243.14098834991455 204.18615341186523 228.00711059570312 204.18615341186523
227.98464965820312 180.82948303222656 243.0902614593506 180.82948303222656 243.0902614593506 203.28377151489258 227.98464965820312 203.28377151489258
228.09286499023438 180.45071411132812 243.09203338623047 180.45071411132812 243.09203338623047 202.74677658081055 228.09286499023438 202.74677658081055
228.57894897460938 181.3463592529297 243.43274974822998 181.3463592529297 243.43274974822998 203.42633628845215 228.57894897460938 203.42633628845215
228.860595703125 181.2718963623047 243.55894660949707 181.2718963623047 243.55894660949707 203.1207981109619 228.860595703125 203.1207981109619
229.4783935546875 181.01185607910156 243.9182004928589 181.01185607910156 243.9182004928589 202.47643661499023 229.4783935546875 202.47643661499023
229.9613494873047 181.444091796875 244.45283031463623 181.444091796875 244.45283031463623 202.9854850769043 229.9613494873047 202.9854850769043
230.4747772216797 181.99777221679688 244.63426780700684 181.99777221679688 244.63426780700684 203.0456657409668 230.4747772216797 203.0456657409668
230.92959594726562 181.97605895996094 244.8726930618286 181.97605895996094 244.8726930618286 202.70228576660156 230.92959594726562 202.70228576660156
232.00650024414062 182.15036010742188 245.5838108062744 182.15036010742188 245.5838108062744 202.33284950256348 232.00650024414062 202.33284950256348
232.9850311279297 182.02513122558594 246.3575382232666 182.02513122558594 246.3575382232666 201.90318298339844 232.9850311279297 201.90318298339844
232.75491333007812 181.8187255859375 246.12981414794922 181.8187255859375 246.12981414794922 201.70033645629883 232.75491333007812 201.70033645629883
233.60305786132812 182.24911499023438 247.01372814178467 182.24911499023438 247.01372814178467 202.18389701843262 233.60305786132812 202.18389701843262
233.9581756591797 183.76182556152344 247.2729034423828 183.76182556152344 247.2729034423828 203.5539894104004 233.9581756591797 203.5539894104004
234.4475555419922 183.0472412109375 247.37995719909668 183.0472412109375 247.37995719909668 202.2710838317871 234.4475555419922 202.2710838317871
235.17697143554688 183.3488311767578 247.8441219329834 183.3488311767578 247.8441219329834 202.17838287353516 235.17697143554688 202.17838287353516
236.0303192138672 183.6922607421875 248.66503715515137 183.6922607421875 248.66503715515137 202.47360229492188 236.0303192138672 202.47360229492188
236.74951171875 182.99246215820312 249.35367393493652 182.99246215820312 249.35367393493652 201.72838401794434 236.74951171875 201.72838401794434
237.03335571289062 183.31884765625 249.67150688171387 183.31884765625 249.67150688171387 202.1052951812744 237.03335571289062 202.1052951812744
237.9693603515625 182.82821655273438 250.58803939819336 182.82821655273438 250.58803939819336 201.58572006225586 237.9693603515625 201.58572006225586
238.2509307861328 183.5739288330078 250.86282062530518 183.5739288330078 250.86282062530518 202.32133865356445 238.2509307861328 202.32133865356445
239.3357391357422 183.28782653808594 251.92529487609863 183.28782653808594 251.92529487609863 202.00203895568848 239.3357391357422 202.00203895568848
239.83554077148438 182.33212280273438 252.30381679534912 182.33212280273438 252.30381679534912 200.8660545349121 239.83554077148438 200.8660545349121
240.3404083251953 183.19052124023438 252.63541221618652 183.19052124023438 252.63541221618652 201.4668846130371 240.3404083251953 201.4668846130371
241.15182495117188 182.6389617919922 253.29100227355957 182.6389617919922 253.29100227355957 200.68368911743164 241.15182495117188 200.68368911743164
241.816162109375 182.8704376220703 253.99245262145996 182.8704376220703 253.99245262145996 200.97033309936523 241.816162109375 200.97033309936523
241.8785858154297 182.71591186523438 253.88188457489014 182.71591186523438 253.88188457489014 200.55865669250488 241.8785858154297 200.55865669250488
241.94662475585938 183.01028442382812 253.6466884613037 183.01028442382812 253.6466884613037 200.40227508544922 241.94662475585938 200.40227508544922
242.5002899169922 183.2305145263672 254.18790435791016 183.2305145263672 254.18790435791016 200.60400009155273 242.5002899169922 200.60400009155273
243.0377960205078 183.4640350341797 254.46211528778076 183.4640350341797 254.46211528778076 200.44613647460938 243.0377960205078 200.44613647460938
243.8878173828125 183.4088897705078 255.17409706115723 183.4088897705078 255.17409706115723 200.1857967376709 243.8878173828125 200.1857967376709
244.2181396484375 182.53836059570312 255.67231559753418 182.53836059570312 255.67231559753418 199.56484603881836 244.2181396484375 199.56484603881836
244.8003692626953 183.0008544921875 255.9680690765381 183.0008544921875 255.9680690765381 199.60149765014648 244.8003692626953 199.60149765014648
245.23074340820312 183.8810272216797 256.2429838180542 183.8810272216797 256.2429838180542 200.250581741333 245.23074340820312 200.250581741333
245.8401336669922 183.3516387939453 256.72866344451904 183.3516387939453 256.72866344451904 199.53729820251465 245.8401336669922 199.53729820251465
246.166015625 184.02162170410156 256.93303203582764 184.02162170410156 256.93303203582764 200.02665328979492 246.166015625 200.02665328979492
246.8679656982422 183.5586700439453 257.6084928512573 183.5586700439453 257.6084928512573 199.5243272781372 246.8679656982422 199.5243272781372
247.4175567626953 183.51705932617188 258.1528949737549 183.51705932617188 258.1528949737549 199.47500133514404 247.4175567626953 199.47500133514404
247.66793823242188 183.4626007080078 258.2346439361572 183.4626007080078 258.2346439361572 199.16987323760986 247.66793823242188 199.16987323760986
248.3653106689453 183.04751586914062 258.9212169647217 183.04751586914062 258.9212169647217 198.73873615264893 248.3653106689453 198.73873615264893
248.2893524169922 183.5799102783203 258.8709087371826 183.5799102783203 258.8709087371826 199.30926036834717 248.2893524169922 199.30926036834717
248.79440307617188 182.94021606445312 259.33402156829834 182.94021606445312 259.33402156829834 198.60722541809082 248.79440307617188 198.60722541809082
