148.0 170.0 179.0 170.0 179.0 267.0 148.0 267.0
150.75936889648438 171.0095672607422 181.7650203704834 171.0095672607422 181.7650203704834 268.0272445678711 150.75936889648438 268.0272445678711
149.72296142578125 168.20144653320312 181.50153732299805 168.20144653320312 181.50153732299805 267.6376419067383 149.72296142578125 267.6376419067383
152.55154418945312 169.41726684570312 184.95119857788086 169.41726684570312 184.95119857788086 270.79683685302734 152.55154418945312 270.79683685302734
153.0164794921875 169.578369140625 185.63440322875977 169.578369140625 185.63440322875977 271.64090728759766 153.0164794921875 271.64090728759766
155.6170654296875 169.7760009765625 187.52596473693848 169.7760009765625 187.52596473693848 269.61997985839844 155.6170654296875 269.61997985839844
156.3684539794922 170.22779846191406 188.79093170166016 170.22779846191406 188.79093170166016 271.67877197265625 156.3684539794922 271.67877197265625
159.05294799804688 169.06033325195312 191.5897216796875 169.06033325195312 191.5897216796875 270.8689498901367 159.05294799804688 270.8689498901367
158.84725952148438 170.3193359375 191.4202766418457 170.3193359375 191.4202766418457 272.24137115478516 158.84725952148438 272.24137115478516
157.76461791992188 169.8462371826172 190.62612915039062 169.8462371826172 190.62612915039062 272.6709671020508 157.76461791992188 272.6709671020508
159.58297729492188 167.9593505859375 192.1858901977539 167.9593505859375 192.1858901977539 269.97491455078125 159.58297729492188 269.97491455078125
159.75833129882812 169.5979461669922 191.58256149291992 169.5979461669922 191.58256149291992 269.1769790649414 159.75833129882812 269.1769790649414
163.52420043945312 167.60154724121094 195.16714096069336 167.60154724121094 195.16714096069336 266.6133117675781 163.52420043945312 266.6133117675781
162.9923553466797 168.4686737060547 193.96979141235352 168.4686737060547 193.96979141235352 265.3980484008789 162.9923553466797 265.3980484008789
165.40296936035156 171.3278045654297 196.2516326904297 171.3278045654297 196.2516326904297 267.854248046875 165.40296936035156 267.854248046875
166.15113830566406 168.21115112304688 196.58916854858398 168.21115112304688 196.58916854858398 263.45272064208984 166.15113830566406 263.45272064208984
169.6759796142578 166.91563415527344 199.97825622558594 166.91563415527344 199.97825622558594 261.73242950439453 169.6759796142578 261.73242950439453
169.59397888183594 167.33282470703125 200.17454528808594 167.33282470703125 200.17454528808594 263.02040100097656 169.59397888183594 263.02040100097656
169.62342834472656 167.67965698242188 200.41488075256348 167.67965698242188 200.41488075256348 264.02710723876953 169.62342834472656 264.02710723876953
174.15176391601562 170.3651580810547 204.86944580078125 170.3651580810547 204.86944580078125 266.4817886352539 174.15176391601562 266.4817886352539
174.09835815429688 170.58853149414062 204.61204147338867 170.58853149414062 204.61204147338867 266.0668411254883 174.09835815429688 266.0668411254883
174.7122802734375 170.293701171875 205.00682640075684 170.293701171875 205.00682640075684 265.0863265991211 174.7122802734375 265.0863265991211
179.77774047851562 168.69488525390625 210.44014358520508 168.69488525390625 210.44014358520508 264.63853454589844 179.77774047851562 264.63853454589844
179.97848510742188 168.04298400878906 211.0181121826172 168.04298400878906 211.0181121826172 265.16698455810547 179.97848510742188 265.16698455810547
183.14566040039062 171.01156616210938 214.0634822845459 171.01156616210938 214.0634822845459 267.75443267822266 183.14566040039062 267.75443267822266
183.59637451171875 169.22537231445312 214.7827854156494 169.22537231445312 214.7827854156494 266.8086624145508 183.59637451171875 266.8086624145508
183.69369506835938 168.6233673095703 214.5897331237793 168.6233673095703 214.5897331237793 265.2980728149414 183.69369506835938 265.2980728149414
186.0972900390625 173.6111602783203 216.7290096282959 173.6111602783203 216.7290096282959 269.4588088989258 186.0972900390625 269.4588088989258
185.58511352539062 170.7021026611328 216.13706970214844 170.7021026611328 216.13706970214844 266.3001708984375 185.58511352539062 266.3001708984375
188.71096801757812 171.14236450195312 219.67467880249023 171.14236450195312 219.67467880249023 268.02882385253906 188.71096801757812 268.02882385253906
188.62710571289062 170.72996520996094 218.94906044006348 170.72996520996094 218.94906044006348 265.6083526611328 188.62710571289062 265.6083526611328
188.6788330078125 171.5589599609375 219.20333290100098 171.5589599609375 219.20333290100098 267.0711212158203 188.6788330078125 267.0711212158203
193.76173400878906 167.57269287109375 224.59263038635254 167.57269287109375 224.59263038635254 264.0435791015625 193.76173400878906 264.0435791015625
193.5721435546875 168.1386260986328 224.49869346618652 168.1386260986328 224.49869346618652 264.9088134765625 193.5721435546875 264.9088134765625
192.92111206054688 167.7882537841797 224.17829513549805 167.7882537841797 224.17829513549805 265.59300994873047 192.92111206054688 265.59300994873047
196.38246154785156 169.7321319580078 228.33324241638184 169.7321319580078 228.33324241638184 269.7071762084961 196.38246154785156 269.7071762084961
196.18386840820312 168.62643432617188 227.35004043579102 168.62643432617188 227.35004043579102 266.1464080810547 196.18386840820312 266.1464080810547
196.5003662109375 169.93856811523438 227.90922164916992 169.93856811523438 227.90922164916992 268.21791076660156 196.5003662109375 268.21791076660156
199.65733337402344 168.30215454101562 231.17079734802246 168.30215454101562 231.17079734802246 266.90882873535156 199.65733337402344 266.90882873535156
199.05752563476562 166.50448608398438 230.98453903198242 166.50448608398438 230.98453903198242 266.40515899658203 199.05752563476562 266.40515899658203
204.42056274414062 167.98147583007812 236.07455444335938 167.98147583007812 236.07455444335938 267.0278549194336 204.42056274414062 267.0278549194336
205.29159545898438 169.21517944335938 236.799560546875 169.21517944335938 236.799560546875 267.8046340942383 205.29159545898438 267.8046340942383
208.6728057861328 170.3647003173828 239.8107032775879 170.3647003173828 239.8107032775879 267.79620361328125 208.6728057861328 267.79620361328125
207.8538360595703 171.80738830566406 238.8680362701416 171.80738830566406 238.8680362701416 268.8518371582031 207.8538360595703 268.8518371582031
208.6078338623047 172.15701293945312 238.76740646362305 172.15701293945312 238.76740646362305 266.5272979736328 208.6078338623047 266.5272979736328
211.1663818359375 173.55995178222656 241.0742588043213 173.55995178222656 241.0742588043213 267.1426773071289 211.1663818359375 267.1426773071289
211.766357421875 171.08480834960938 241.2600040435791 171.08480834960938 241.2600040435791 263.37139892578125 211.766357421875 263.37139892578125
213.744384765625 177.1201629638672 243.46103286743164 177.1201629638672 243.46103286743164 270.1045455932617 213.744384765625 270.1045455932617
214.50100708007812 175.30661010742188 243.5718936920166 175.30661010742188 243.5718936920166 266.2703857421875 214.50100708007812 266.2703857421875
215.946533203125 173.56410217285156 244.54365921020508 173.56410217285156 244.54365921020508 263.0454635620117 215.946533203125 263.0454635620117
216.49917602539062 174.69923400878906 244.99691200256348 174.69923400878906 244.99691200256348 263.8695983886719 216.49917602539062 263.8695983886719
215.3412628173828 173.2080535888672 244.0755672454834 173.2080535888672 244.0755672454834 263.11865234375 215.3412628173828 263.11865234375
219.7027130126953 174.72103881835938 247.85681533813477 174.72103881835938 247.85681533813477 262.816162109375 219.7027130126953 262.816162109375
219.3587188720703 173.03622436523438 247.84714889526367 173.03622436523438 247.84714889526367 262.17747497558594 219.3587188720703 262.17747497558594
223.4073486328125 173.8772430419922 252.0501594543457 173.8772430419922 252.0501594543457 263.50154876708984 223.4073486328125 263.50154876708984
222.01296997070312 173.70553588867188 251.03167724609375 173.70553588867188 251.03167724609375 264.5060272216797 222.01296997070312 264.5060272216797
222.5598602294922 171.36782836914062 251.8263282775879 171.36782836914062 251.8263282775879 262.94356536865234 222.5598602294922 262.94356536865234
225.03341674804688 170.27801513671875 254.89590454101562 170.27801513671875 254.89590454101562 263.7187194824219 225.03341674804688 263.7187194824219
224.7448272705078 170.41317749023438 254.92447471618652 170.41317749023438 254.92447471618652 264.8462905883789 224.7448272705078 264.8462905883789
229.22189331054688 172.15464782714844 259.4994697570801 172.15464782714844 259.4994697570801 266.8941879272461 229.22189331054688 266.8941879272461
227.62442016601562 173.8289794921875 257.4444694519043 173.8289794921875 257.4444694519043 267.13690185546875 227.62442016601562 267.13690185546875
230.14126586914062 173.37503051757812 259.9543914794922 173.37503051757812 259.9543914794922 266.66129302978516 230.14126586914062 266.66129302978516
230.2252960205078 173.2268524169922 260.0841979980469 173.2268524169922 260.0841979980469 266.6563415527344 230.2252960205078 266.6563415527344
231.86172485351562 172.15711975097656 262.1502380371094 172.15711975097656 262.1502380371094 266.9308776855469 231.86172485351562 266.9308776855469
232.2006378173828 172.76181030273438 262.06250953674316 172.76181030273438 262.06250953674316 266.20059967041016 232.2006378173828 266.20059967041016
231.8627471923828 173.78561401367188 261.4352912902832 173.78561401367188 261.4352912902832 266.31907653808594 231.8627471923828 266.31907653808594
233.24868774414062 172.86282348632812 262.1596260070801 172.86282348632812 262.1596260070801 263.3260955810547 233.24868774414062 263.3260955810547
233.637451171875 176.2291259765625 262.39806747436523 176.2291259765625 262.39806747436523 266.22203826904297 233.637451171875 266.22203826904297
232.7300567626953 175.26602172851562 261.20921325683594 175.26602172851562 261.20921325683594 264.37823486328125 232.7300567626953 264.37823486328125
234.2611083984375 176.9279022216797 262.515079498291 176.9279022216797 262.515079498291 265.3355026245117 234.2611083984375 265.3355026245117
235.52645874023438 175.8326416015625 263.8112087249756 175.8326416015625 263.8112087249756 264.33654022216797 235.52645874023438 264.33654022216797
237.537353515625 173.16995239257812 265.848352432251 173.16995239257812 265.848352432251 261.75599670410156 237.537353515625 261.75599670410156
237.5699920654297 173.80160522460938 265.3658638000488 173.80160522460938 265.3658638000488 260.7758026123047 237.5699920654297 260.7758026123047
239.8096160888672 175.25155639648438 267.5284366607666 175.25155639648438 267.5284366607666 261.9846496582031 239.8096160888672 261.9846496582031
239.08474731445312 174.578125 266.6864204406738 174.578125 266.6864204406738 260.9446563720703 239.08474731445312 260.9446563720703
239.57296752929688 174.67330932617188 267.3390235900879 174.67330932617188 267.3390235900879 261.55419921875 239.57296752929688 261.55419921875
241.23574829101562 178.5702362060547 268.8286247253418 178.5702362060547 268.8286247253418 264.90924072265625 241.23574829101562 264.90924072265625
241.51071166992188 176.9884033203125 268.80824851989746 176.9884033203125 268.80824851989746 262.40328216552734 241.51071166992188 262.40328216552734
243.83840942382812 177.86502075195312 271.2262783050537 177.86502075195312 271.2262783050537 263.5625457763672 243.83840942382812 263.5625457763672
243.5822296142578 177.61135864257812 271.3961696624756 177.61135864257812 271.3961696624756 264.64208221435547 243.5822296142578 264.64208221435547
244.5887908935547 174.71145629882812 272.7503318786621 174.71145629882812 272.7503318786621 262.829833984375 244.5887908935547 262.829833984375
244.7325439453125 176.52090454101562 272.945499420166 176.52090454101562 272.945499420166 264.80015563964844 244.7325439453125 264.80015563964844
244.67324829101562 173.9815673828125 273.448205947876 173.9815673828125 273.448205947876 264.01934814453125 244.67324829101562 264.01934814453125
245.5283660888672 174.0670928955078 274.5997123718262 174.0670928955078 274.5997123718262 265.0322799682617 245.5283660888672 265.0322799682617
245.29202270507812 173.4923553466797 274.7851161956787 173.4923553466797 274.7851161956787 265.7771911621094 245.29202270507812 265.7771911621094
245.3131866455078 175.06646728515625 275.2469730377197 175.06646728515625 275.2469730377197 268.73023986816406 245.3131866455078 268.73023986816406
245.7165985107422 172.5561981201172 276.0497341156006 172.5561981201172 276.0497341156006 267.4695510864258 245.7165985107422 267.4695510864258
245.1527862548828 173.02938842773438 275.7592315673828 173.02938842773438 275.7592315673828 268.7979431152344 245.1527862548828 268.7979431152344
244.62191772460938 173.8194122314453 275.5200653076172 173.8194122314453 275.5200653076172 270.5007095336914 244.62191772460938 270.5007095336914
244.9773712158203 171.5684356689453 276.2005195617676 171.5684356689453 276.2005195617676 269.2666702270508 244.9773712158203 269.2666702270508
245.67025756835938 173.15228271484375 276.3842353820801 173.15228271484375 276.3842353820801 269.25730895996094 245.67025756835938 269.25730895996094
246.39962768554688 171.65713500976562 277.2951602935791 171.65713500976562 277.2951602935791 268.3302536010742 246.39962768554688 268.3302536010742
245.83963012695312 171.8533935546875 276.69858169555664 171.8533935546875 276.69858169555664 268.4120407104492 245.83963012695312 268.4120407104492
244.9638671875 174.2798309326172 275.6787872314453 174.2798309326172 275.6787872314453 270.38780212402344 244.9638671875 270.38780212402344
245.56497192382812 173.7078857421875 276.1536560058594 173.7078857421875 276.1536560058594 269.42086029052734 245.56497192382812 269.42086029052734
244.61636352539062 174.09194946289062 275.32680320739746 174.09194946289062 275.32680320739746 270.18590545654297 244.61636352539062 270.18590545654297
244.2840118408203 176.9087677001953 274.46499252319336 176.9087677001953 274.46499252319336 271.3460388183594 244.2840118408203 271.3460388183594
243.56857299804688 173.3645477294922 273.8376979827881 173.3645477294922 273.8376979827881 268.07762908935547 243.56857299804688 268.07762908935547
243.54580688476562 172.16378784179688 274.0016117095947 172.16378784179688 274.0016117095947 267.4609909057617 243.54580688476562 267.4609909057617
244.04345703125 173.87879943847656 274.5647163391113 173.87879943847656 274.5647163391113 269.3808059692383 244.04345703125 269.3808059692383
243.06893920898438 172.73788452148438 273.6633701324463 172.73788452148438 273.6633701324463 268.4688491821289 243.06893920898438 268.4688491821289
242.7767333984375 173.45115661621094 273.2800350189209 173.45115661621094 273.2800350189209 268.89697265625 242.7767333984375 268.89697265625
243.401611328125 174.81175231933594 273.74052810668945 174.81175231933594 273.74052810668945 269.7431945800781 243.401611328125 269.7431945800781
243.1049041748047 175.1543731689453 273.6234531402588 175.1543731689453 273.6234531402588 270.64788818359375 243.1049041748047 270.64788818359375
242.9199676513672 172.046142578125 273.45192527770996 172.046142578125 273.45192527770996 267.5816192626953 242.9199676513672 267.5816192626953
243.5339813232422 176.31466674804688 273.9123344421387 176.31466674804688 273.9123344421387 271.36949920654297 243.5339813232422 271.36949920654297
243.53152465820312 175.54391479492188 273.9050636291504 175.54391479492188 273.9050636291504 270.5836944580078 243.53152465820312 270.5836944580078
244.58914184570312 175.2884521484375 275.12550926208496 175.2884521484375 275.12550926208496 270.83773040771484 244.58914184570312 270.83773040771484
244.61514282226562 173.5290985107422 275.4587707519531 173.5290985107422 275.4587707519531 270.03980255126953 244.61514282226562 270.03980255126953
247.3890380859375 174.1531524658203 278.46490478515625 174.1531524658203 278.46490478515625 271.3905487060547 247.3890380859375 271.3905487060547
247.0377197265625 170.3594207763672 278.27365493774414 170.3594207763672 278.27365493774414 268.0976791381836 247.0377197265625 268.0976791381836
248.158935546875 171.31515502929688 279.8663787841797 171.31515502929688 279.8663787841797 270.5287780761719 248.158935546875 270.5287780761719
247.5071258544922 171.7347869873047 279.19076919555664 171.7347869873047 279.19076919555664 270.8739318847656 247.5071258544922 270.8739318847656
248.4792938232422 172.11013793945312 279.687557220459 172.11013793945312 279.687557220459 269.7617950439453 248.4792938232422 269.7617950439453
248.7695770263672 173.22259521484375 279.9600067138672 173.22259521484375 279.9600067138672 270.8184509277344 248.7695770263672 270.8184509277344
248.6726837158203 171.1903076171875 280.2714786529541 171.1903076171875 280.2714786529541 270.06394958496094 248.6726837158203 270.06394958496094
248.97409057617188 171.11880493164062 280.7748908996582 171.11880493164062 280.7748908996582 270.62451934814453 248.97409057617188 270.62451934814453
248.8207244873047 170.46719360351562 281.12078857421875 170.46719360351562 281.12078857421875 271.53511810302734 248.8207244873047 271.53511810302734
249.32351684570312 170.25759887695312 281.3289566040039 170.25759887695312 281.3289566040039 270.4036407470703 249.32351684570312 270.4036407470703
248.38644409179688 169.0848388671875 280.6298599243164 169.0848388671875 280.6298599243164 269.97552490234375 248.38644409179688 269.97552490234375
249.38198852539062 169.3485565185547 281.26239585876465 169.3485565185547 281.26239585876465 269.10338592529297 249.38198852539062 269.10338592529297
249.61376953125 169.3136444091797 281.80631256103516 169.3136444091797 281.80631256103516 270.0451431274414 249.61376953125 270.0451431274414
249.033935546875 170.58767700195312 281.18017196655273 170.58767700195312 281.18017196655273 271.17427825927734 249.033935546875 271.17427825927734
249.075927734375 170.36427307128906 281.29111099243164 170.36427307128906 281.29111099243164 271.1666030883789 249.075927734375 271.1666030883789
248.36203002929688 170.42453002929688 280.5833625793457 170.42453002929688 280.5833625793457 271.24608612060547 248.36203002929688 271.24608612060547
248.52294921875 172.7432403564453 280.7953567504883 172.7432403564453 280.7953567504883 273.724609375 248.52294921875 273.724609375
248.371826171875 171.27951049804688 280.1289577484131 171.27951049804688 280.1289577484131 270.64856719970703 248.371826171875 270.64856719970703
249.28921508789062 170.57969665527344 281.12805557250977 170.57969665527344 281.12805557250977 270.20442962646484 249.28921508789062 270.20442962646484
249.3218994140625 168.4024658203125 280.4375858306885 168.4024658203125 280.4375858306885 265.76441955566406 249.3218994140625 265.76441955566406
249.3816680908203 169.2572479248047 280.8485813140869 169.2572479248047 280.8485813140869 267.71820068359375 249.3816680908203 267.71820068359375
249.55722045898438 174.774169921875 280.5387763977051 174.774169921875 280.5387763977051 271.7164306640625 249.55722045898438 271.7164306640625
248.80282592773438 173.59027099609375 279.4450340270996 173.59027099609375 279.4450340270996 269.470703125 248.80282592773438 269.470703125
248.4016876220703 172.05245971679688 278.6139678955078 172.05245971679688 278.6139678955078 266.58763122558594 248.4016876220703 266.58763122558594
248.57345581054688 171.07839965820312 278.92939376831055 171.07839965820312 278.92939376831055 266.0630798339844 248.57345581054688 266.0630798339844
248.72714233398438 174.80654907226562 278.30707931518555 174.80654907226562 278.30707931518555 267.3631057739258 248.72714233398438 267.3631057739258
248.8703155517578 175.2789306640625 278.13916397094727 175.2789306640625 278.13916397094727 266.86207580566406 248.8703155517578 266.86207580566406
249.35580444335938 175.9659423828125 278.5496311187744 175.9659423828125 278.5496311187744 267.31433868408203 249.35580444335938 267.31433868408203
248.5211944580078 173.8282012939453 278.01673889160156 173.8282012939453 278.01673889160156 266.1206741333008 248.5211944580078 266.1206741333008
248.5095672607422 170.3315887451172 278.06702613830566 170.3315887451172 278.06702613830566 262.8177947998047 248.5095672607422 262.8177947998047
248.87890625 173.38772583007812 278.8027858734131 173.38772583007812 278.8027858734131 267.0204772949219 248.87890625 267.0204772949219
247.97720336914062 173.73165893554688 277.51247787475586 173.73165893554688 277.51247787475586 266.1484603881836 247.97720336914062 266.1484603881836
247.49478149414062 172.0762481689453 277.326416015625 172.0762481689453 277.326416015625 265.42037200927734 247.49478149414062 265.42037200927734
247.6994171142578 172.4007568359375 277.6112976074219 172.4007568359375 277.6112976074219 265.99597930908203 247.6994171142578 265.99597930908203
247.38150024414062 172.48907470703125 277.29283142089844 172.48907470703125 277.29283142089844 266.08258056640625 247.38150024414062 266.08258056640625
247.3859405517578 171.936279296875 277.2459964752197 171.936279296875 277.2459964752197 265.3693389892578 247.3859405517578 265.3693389892578
246.1724090576172 172.59036254882812 276.0761470794678 172.59036254882812 276.0761470794678 266.1601028442383 246.1724090576172 266.1601028442383
246.1048126220703 173.06143188476562 275.7650966644287 173.06143188476562 275.7650966644287 265.86939239501953 246.1048126220703 265.86939239501953
246.0048065185547 173.78195190429688 275.16234397888184 173.78195190429688 275.16234397888184 265.01680755615234 246.0048065185547 265.01680755615234
246.11264038085938 173.70094299316406 275.33312606811523 173.70094299316406 275.33312606811523 265.13277435302734 246.11264038085938 265.13277435302734
246.5219268798828 173.43695068359375 275.3545570373535 173.43695068359375 275.3545570373535 263.6551742553711 246.5219268798828 263.6551742553711
244.9397430419922 172.04830932617188 274.3022155761719 172.04830932617188 274.3022155761719 263.92442321777344 244.9397430419922 263.92442321777344
244.63479614257812 174.76089477539062 274.039831161499 174.76089477539062 274.039831161499 266.7701950073242 244.63479614257812 266.7701950073242
243.6983642578125 172.16236877441406 273.5638675689697 172.16236877441406 273.5638675689697 265.61248779296875 243.6983642578125 265.61248779296875
244.1290283203125 172.22958374023438 273.4983425140381 172.22958374023438 273.4983425140381 264.1271057128906 244.1290283203125 264.1271057128906
243.93222045898438 172.43478393554688 273.1791801452637 172.43478393554688 273.1791801452637 263.94947052001953 243.93222045898438 263.94947052001953
244.34835815429688 170.62193298339844 273.52330017089844 170.62193298339844 273.52330017089844 261.91127014160156 244.34835815429688 261.91127014160156
243.23269653320312 170.28103637695312 272.7856254577637 170.28103637695312 272.7856254577637 262.7531051635742 243.23269653320312 262.7531051635742
243.2736358642578 170.5795135498047 272.8628387451172 170.5795135498047 272.8628387451172 263.1650924682617 243.2736358642578 263.1650924682617
242.9983673095703 170.7434844970703 272.6228485107422 170.7434844970703 272.6228485107422 263.439453125 242.9983673095703 263.439453125
243.240478515625 171.47183227539062 272.3217258453369 171.47183227539062 272.3217258453369 262.46800231933594 243.240478515625 262.46800231933594
243.0729522705078 169.06541442871094 272.2574272155762 169.06541442871094 272.2574272155762 260.3845901489258 243.0729522705078 260.3845901489258
243.3048553466797 169.62942504882812 272.80219078063965 169.62942504882812 272.80219078063965 261.9275436401367 243.3048553466797 261.9275436401367
242.8080291748047 171.34217834472656 272.5724391937256 171.34217834472656 272.5724391937256 264.4759826660156 242.8080291748047 264.4759826660156
243.1387939453125 172.8437957763672 272.54861068725586 172.8437957763672 272.54861068725586 264.8680725097656 243.1387939453125 264.8680725097656
242.8059539794922 172.49130249023438 272.48112869262695 172.49130249023438 272.48112869262695 265.34588623046875 242.8059539794922 265.34588623046875
242.1895751953125 169.65895080566406 271.9747066497803 169.65895080566406 271.9747066497803 262.8575897216797 242.1895751953125 262.8575897216797
243.08865356445312 168.3279571533203 272.8469123840332 168.3279571533203 272.8469123840332 261.4425048828125 243.08865356445312 261.4425048828125
243.3436737060547 170.54318237304688 273.11740493774414 170.54318237304688 273.11740493774414 263.7061309814453 243.3436737060547 263.7061309814453
243.6865997314453 168.77320861816406 274.16618728637695 168.77320861816406 274.16618728637695 264.1448059082031 243.6865997314453 264.1448059082031
243.3003387451172 170.8487091064453 274.1372985839844 170.8487091064453 274.1372985839844 267.33853912353516 243.3003387451172 267.33853912353516
243.59976196289062 173.1717987060547 274.1906547546387 173.1717987060547 274.1906547546387 268.89168548583984 243.59976196289062 268.89168548583984
243.696044921875 169.63046264648438 274.3442840576172 169.63046264648438 274.3442840576172 265.52978515625 243.696044921875 265.52978515625
243.9105987548828 170.91383361816406 274.4740867614746 170.91383361816406 274.4740867614746 266.54796600341797 243.9105987548828 266.54796600341797
243.5250701904297 170.9039306640625 274.6560249328613 170.9039306640625 274.6560249328613 268.31368255615234 243.5250701904297 268.31368255615234
244.585693359375 172.6716766357422 275.8007621765137 172.6716766357422 275.8007621765137 270.3446350097656 244.585693359375 270.3446350097656
244.2174835205078 172.23733520507812 275.01983070373535 172.23733520507812 275.01983070373535 268.6188735961914 244.2174835205078 268.6188735961914
245.6593780517578 173.26364135742188 276.15845108032227 173.26364135742188 276.15845108032227 268.6962203979492 245.6593780517578 268.6962203979492
245.0843048095703 173.15164184570312 275.5156059265137 173.15164184570312 275.5156059265137 268.3721618652344 245.0843048095703 268.3721618652344
245.3065185546875 171.20791625976562 275.9706687927246 171.20791625976562 275.9706687927246 267.1570281982422 245.3065185546875 267.1570281982422
245.78573608398438 172.41024780273438 277.1121253967285 172.41024780273438 277.1121253967285 270.43152618408203 245.78573608398438 270.43152618408203
245.3022003173828 170.4791717529297 276.95334243774414 170.4791717529297 276.95334243774414 269.5166015625 245.3022003173828 269.5166015625
246.603271484375 171.3100128173828 278.8133316040039 171.3100128173828 278.8133316040039 272.09630584716797 246.603271484375 272.09630584716797
245.9314422607422 170.5700225830078 278.033447265625 170.5700225830078 278.033447265625 271.0182113647461 245.9314422607422 271.0182113647461
247.19717407226562 172.30282592773438 279.20127868652344 172.30282592773438 279.20127868652344 272.4446792602539 247.19717407226562 272.4446792602539
247.228759765625 172.36477661132812 279.0340270996094 172.36477661132812 279.0340270996094 271.8844680786133 247.228759765625 271.8844680786133
249.00100708007812 171.275390625 281.2013511657715 171.275390625 281.2013511657715 272.03128814697266 249.00100708007812 272.03128814697266
247.6986541748047 172.95204162597656 280.41605377197266 172.95204162597656 280.41605377197266 275.3258285522461 247.6986541748047 275.3258285522461
247.61679077148438 169.0145721435547 280.7827377319336 169.0145721435547 280.7827377319336 272.79187774658203 247.61679077148438 272.79187774658203
247.4916229248047 169.25369262695312 280.9902992248535 169.25369262695312 280.9902992248535 274.0721130371094 247.4916229248047 274.0721130371094
249.29086303710938 168.17288208007812 282.2159614562988 168.17288208007812 282.2159614562988 271.1965637207031 249.29086303710938 271.1965637207031
249.2849884033203 168.95098876953125 282.0758514404297 168.95098876953125 282.0758514404297 271.5546417236328 249.2849884033203 271.5546417236328
250.39047241210938 168.1431884765625 282.7393913269043 168.1431884765625 282.7393913269043 269.36399841308594 250.39047241210938 269.36399841308594
251.157470703125 169.92715454101562 282.69468116760254 169.92715454101562 282.69468116760254 268.6081085205078 251.157470703125 268.6081085205078
251.5551300048828 172.6114959716797 282.62714767456055 172.6114959716797 282.62714767456055 269.83685302734375 251.5551300048828 269.83685302734375
251.3408203125 169.80337524414062 282.23597145080566 169.80337524414062 282.23597145080566 266.47530364990234 251.3408203125 266.47530364990234
253.18099975585938 171.11915588378906 283.8401393890381 171.11915588378906 283.8401393890381 267.05259704589844 253.18099975585938 267.05259704589844
253.444580078125 172.18734741210938 283.9962978363037 172.18734741210938 283.9962978363037 267.78466796875 253.444580078125 267.78466796875
254.69326782226562 171.4937744140625 285.1517276763916 171.4937744140625 285.1517276763916 266.79927825927734 254.69326782226562 266.79927825927734
253.88021850585938 170.69862365722656 284.42518615722656 170.69862365722656 284.42518615722656 266.27481842041016 253.88021850585938 266.27481842041016
254.24716186523438 170.7003631591797 285.3482265472412 170.7003631591797 285.3482265472412 268.01660919189453 254.24716186523438 268.01660919189453
256.1819152832031 170.8560791015625 287.3121700286865 170.8560791015625 287.3121700286865 268.26365661621094 256.1819152832031 268.26365661621094
256.26141357421875 173.72055053710938 286.541015625 173.72055053710938 286.541015625 268.4664077758789 256.26141357421875 268.4664077758789
255.89071655273438 172.99954223632812 285.9755210876465 172.99954223632812 285.9755210876465 267.13587188720703 255.89071655273438 267.13587188720703
258.0945739746094 173.3017578125 287.46103858947754 173.3017578125 287.46103858947754 265.1903839111328 258.0945739746094 265.1903839111328
257.1861572265625 172.42051696777344 286.6352844238281 172.42051696777344 286.6352844238281 264.5677947998047 257.1861572265625 264.5677947998047
257.6044616699219 172.95040893554688 287.6004295349121 172.95040893554688 287.6004295349121 266.8087692260742 257.6044616699219 266.8087692260742
258.2616882324219 171.46377563476562 288.77488136291504 171.46377563476562 288.77488136291504 266.94054412841797 258.2616882324219 266.94054412841797
258.3865966796875 173.03749084472656 288.7136878967285 173.03749084472656 288.7136878967285 267.9319381713867 258.3865966796875 267.9319381713867
258.68353271484375 173.26284790039062 289.1763343811035 173.26284790039062 289.1763343811035 268.6758117675781 258.68353271484375 268.6758117675781
259.7065124511719 172.30599975585938 290.0418453216553 172.30599975585938 290.0418453216553 267.2262420654297 259.7065124511719 267.2262420654297
259.01300048828125 173.24195861816406 289.10068130493164 173.24195861816406 289.10068130493164 267.38729095458984 259.01300048828125 267.38729095458984
258.81475830078125 173.47921752929688 289.34055519104004 173.47921752929688 289.34055519104004 268.9954299926758 258.81475830078125 268.9954299926758
260.29473876953125 173.01986694335938 290.719030380249 173.01986694335938 290.719030380249 268.2184600830078 260.29473876953125 268.2184600830078
259.91656494140625 172.4350128173828 290.5717353820801 172.4350128173828 290.5717353820801 268.3560333251953 259.91656494140625 268.3560333251953
260.78839111328125 171.81689453125 291.5781497955322 171.81689453125 291.5781497955322 268.15904235839844 260.78839111328125 268.15904235839844
260.18878173828125 172.47463989257812 291.0322608947754 172.47463989257812 291.0322608947754 268.98487854003906 260.18878173828125 268.98487854003906
259.96661376953125 171.6305389404297 290.6153869628906 171.6305389404297 290.6153869628906 267.53153228759766 259.96661376953125 267.53153228759766
261.89202880859375 172.25048828125 292.82899475097656 172.25048828125 292.82899475097656 269.05323791503906 261.89202880859375 269.05323791503906
261.150390625 171.09835815429688 291.98497581481934 171.09835815429688 291.98497581481934 267.5807647705078 261.150390625 267.5807647705078
261.9864807128906 172.78317260742188 292.57656478881836 172.78317260742188 292.57656478881836 268.50052642822266 261.9864807128906 268.50052642822266
263.1413879394531 171.40975952148438 293.4415702819824 171.40975952148438 293.4415702819824 266.2200012207031 263.1413879394531 266.2200012207031
263.16259765625 171.9952392578125 293.1086845397949 171.9952392578125 293.1086845397949 265.69750213623047 263.16259765625 265.69750213623047
265.38214111328125 173.216064453125 295.0981693267822 173.216064453125 295.0981693267822 266.1984634399414 265.38214111328125 266.1984634399414
265.49658203125 173.93563842773438 294.4020080566406 173.93563842773438 294.4020080566406 264.3816375732422 265.49658203125 264.3816375732422
266.033203125 177.2294464111328 295.39582443237305 177.2294464111328 295.39582443237305 269.1060256958008 266.033203125 269.1060256958008
265.41998291015625 174.844970703125 294.79437255859375 174.844970703125 294.79437255859375 266.7583694458008 265.41998291015625 266.7583694458008
266.7880554199219 176.62677001953125 295.68845558166504 176.62677001953125 295.68845558166504 267.05704498291016 266.7880554199219 267.05704498291016
266.5572814941406 175.7987823486328 295.5972137451172 175.7987823486328 295.5972137451172 266.66566467285156 266.5572814941406 266.66566467285156
268.3643798828125 174.51553344726562 298.1992378234863 174.51553344726562 298.1992378234863 267.86975860595703 268.3643798828125 267.86975860595703
268.3702087402344 174.7112274169922 298.2177677154541 174.7112274169922 298.2177677154541 268.1051940917969 268.3702087402344 268.1051940917969
268.2281188964844 174.89712524414062 298.39259338378906 174.89712524414062 298.39259338378906 269.28273010253906 268.2281188964844 269.28273010253906
268.4278259277344 172.95327758789062 299.14598655700684 172.95327758789062 299.14598655700684 269.0713806152344 268.4278259277344 269.0713806152344
268.32666015625 174.56387329101562 298.85431480407715 174.56387329101562 298.85431480407715 270.0858840942383 268.32666015625 270.0858840942383
268.31341552734375 170.8788604736328 299.647762298584 170.8788604736328 299.647762298584 268.92503356933594 268.31341552734375 268.92503356933594
268.2302551269531 173.53346252441406 299.2107791900635 173.53346252441406 299.2107791900635 270.4725112915039 268.2302551269531 270.4725112915039
269.51922607421875 171.38992309570312 300.74659729003906 171.38992309570312 300.74659729003906 269.1013641357422 269.51922607421875 269.1013641357422
269.5856018066406 175.2458953857422 300.4277687072754 175.2458953857422 300.4277687072754 271.7520217895508 269.5856018066406 271.7520217895508
268.911865234375 173.56204223632812 299.955530166626 173.56204223632812 299.955530166626 270.6986541748047 268.911865234375 270.6986541748047
268.7989196777344 172.6014862060547 299.98993492126465 172.6014862060547 299.98993492126465 270.19915771484375 268.7989196777344 270.19915771484375
269.781982421875 173.3739776611328 300.6026496887207 173.3739776611328 300.6026496887207 269.8128204345703 269.781982421875 269.8128204345703
268.4351806640625 170.5047607421875 299.14201736450195 170.5047607421875 299.14201736450195 266.5874252319336 268.4351806640625 266.5874252319336
268.3308410644531 174.28286743164062 299.59718322753906 174.28286743164062 299.59718322753906 272.1162414550781 268.3308410644531 272.1162414550781
267.57635498046875 175.5716094970703 298.813512802124 175.5716094970703 298.813512802124 273.31365966796875 267.57635498046875 273.31365966796875
267.13092041015625 172.80160522460938 298.4448547363281 172.80160522460938 298.4448547363281 270.7838897705078 267.13092041015625 270.7838897705078
266.79913330078125 173.3319091796875 297.91709899902344 173.3319091796875 297.91709899902344 270.7010040283203 266.79913330078125 270.7010040283203
267.82867431640625 171.78961181640625 299.2063102722168 171.78961181640625 299.2063102722168 269.97122955322266 267.82867431640625 269.97122955322266
266.799560546875 172.11297607421875 298.29583740234375 172.11297607421875 298.29583740234375 270.6658172607422 266.799560546875 270.6658172607422
266.89288330078125 171.84246826171875 298.2820701599121 171.84246826171875 298.2820701599121 270.06021881103516 266.89288330078125 270.06021881103516
265.05743408203125 170.42295837402344 296.7136936187744 170.42295837402344 296.7136936187744 269.4763870239258 265.05743408203125 269.4763870239258
264.5201721191406 170.81723022460938 296.7236442565918 170.81723022460938 296.7236442565918 271.5829162597656 264.5201721191406 271.5829162597656
265.64703369140625 174.1248016357422 297.9914207458496 174.1248016357422 297.9914207458496 275.3314208984375 265.64703369140625 275.3314208984375
264.9297790527344 174.9891357421875 297.84120178222656 174.9891357421875 297.84120178222656 277.9700164794922 264.9297790527344 277.9700164794922
265.0341491699219 171.52536010742188 297.49548721313477 171.52536010742188 297.49548721313477 273.09791564941406 265.0341491699219 273.09791564941406
267.7585144042969 175.62107849121094 300.11133575439453 175.62107849121094 300.11133575439453 276.85408782958984 267.7585144042969 276.85408782958984
266.5244445800781 171.26312255859375 298.90979766845703 171.26312255859375 298.90979766845703 272.59791564941406 266.5244445800781 272.59791564941406
268.6156311035156 174.0964813232422 301.077392578125 174.0964813232422 301.077392578125 275.67034912109375 268.6156311035156 275.67034912109375
269.24798583984375 173.97079467773438 301.0419616699219 173.97079467773438 301.0419616699219 273.4551315307617 269.24798583984375 273.4551315307617
271.150634765625 173.25341796875 302.8657169342041 173.25341796875 302.8657169342041 272.4908981323242 271.150634765625 272.4908981323242
271.23663330078125 171.88577270507812 302.73293685913086 171.88577270507812 302.73293685913086 270.4386978149414 271.23663330078125 270.4386978149414
271.0781555175781 174.27976989746094 303.11258697509766 174.27976989746094 303.11258697509766 274.5165100097656 271.0781555175781 274.5165100097656
275.18780517578125 172.487060546875 307.6897506713867 172.487060546875 307.6897506713867 274.18668365478516 275.18780517578125 274.18668365478516
274.77886962890625 173.71682739257812 307.7405662536621 173.71682739257812 307.7405662536621 276.8550338745117 274.77886962890625 276.8550338745117
279.02740478515625 173.82492065429688 311.6937141418457 173.82492065429688 311.6937141418457 276.0388412475586 279.02740478515625 276.0388412475586
278.84185791015625 174.0162353515625 311.0508117675781 174.0162353515625 311.0508117675781 274.79907989501953 278.84185791015625 274.79907989501953
280.0812072753906 174.10751342773438 312.0849838256836 174.10751342773438 312.0849838256836 274.2483596801758 280.0812072753906 274.2483596801758
283.4180603027344 173.54396057128906 315.02800941467285 173.54396057128906 315.02800941467285 272.45250701904297 283.4180603027344 272.45250701904297
283.94976806640625 174.8089141845703 315.4590702056885 174.8089141845703 315.4590702056885 273.40252685546875 283.94976806640625 273.40252685546875
286.14923095703125 173.5440673828125 317.4271125793457 173.5440673828125 317.4271125793457 271.41355895996094 286.14923095703125 271.41355895996094
285.9712829589844 174.0778045654297 317.58936500549316 174.0778045654297 317.58936500549316 273.0117874145508 285.9712829589844 273.0117874145508
288.6280212402344 171.4094696044922 319.95728492736816 171.4094696044922 319.95728492736816 269.4397277832031 288.6280212402344 269.4397277832031
287.9828186035156 171.900390625 319.3546543121338 171.900390625 319.3546543121338 270.06385803222656 287.9828186035156 270.06385803222656
292.2746887207031 171.69796752929688 323.62649154663086 171.69796752929688 323.62649154663086 269.7987518310547 292.2746887207031 269.7987518310547
292.7897033691406 169.2279052734375 323.9075622558594 169.2279052734375 323.9075622558594 266.5966796875 292.7897033691406 266.5966796875
291.60308837890625 170.50387573242188 322.91753578186035 170.50387573242188 322.91753578186035 268.48777770996094 291.60308837890625 268.48777770996094
298.0669860839844 171.4494171142578 329.1438503265381 171.4494171142578 329.1438503265381 268.6899185180664 298.0669860839844 268.6899185180664
297.6015319824219 171.7283477783203 328.4295234680176 171.7283477783203 328.4295234680176 268.19012451171875 297.6015319824219 268.19012451171875
299.8104248046875 173.54769897460938 330.6298408508301 173.54769897460938 330.6298408508301 269.98265075683594 299.8104248046875 269.98265075683594
299.8639221191406 172.52212524414062 331.1164665222168 172.52212524414062 331.1164665222168 270.3123550415039 299.8639221191406 270.3123550415039
301.7776794433594 173.30374145507812 333.1184940338135 173.30374145507812 333.1184940338135 271.3701629638672 301.7776794433594 271.3701629638672
300.65228271484375 171.92501831054688 332.4711112976074 171.92501831054688 332.4711112976074 271.48716735839844 300.65228271484375 271.48716735839844
301.10125732421875 174.98690795898438 332.5515899658203 174.98690795898438 332.5515899658203 273.3960189819336 301.10125732421875 273.3960189819336
303.33319091796875 171.14854431152344 335.0987663269043 171.14854431152344 335.0987663269043 270.5440673828125 303.33319091796875 270.5440673828125
304.2301330566406 173.07228088378906 336.2012634277344 173.07228088378906 336.2012634277344 273.1109924316406 304.2301330566406 273.1109924316406
304.5181579589844 170.39222717285156 337.2782974243164 170.39222717285156 337.2782974243164 272.8997573852539 304.5181579589844 272.8997573852539
305.4698791503906 172.24758911132812 337.79405975341797 172.24758911132812 337.79405975341797 273.39098358154297 305.4698791503906 273.39098358154297
306.81011962890625 173.66954040527344 338.7317657470703 173.66954040527344 338.7317657470703 273.5533752441406 306.81011962890625 273.5533752441406
311.0345764160156 176.40634155273438 342.8265953063965 176.40634155273438 342.8265953063965 275.8845748901367 311.0345764160156 275.8845748901367
309.5664978027344 176.05245971679688 341.2398986816406 176.05245971679688 341.2398986816406 275.15953826904297 309.5664978027344 275.15953826904297
313.1099548339844 174.50283813476562 344.8642158508301 174.50283813476562 344.8642158508301 273.86293029785156 313.1099548339844 273.86293029785156
313.30975341796875 176.70120239257812 345.22251892089844 176.70120239257812 345.22251892089844 276.55725860595703 313.30975341796875 276.55725860595703
315.2833251953125 172.80987548828125 347.6407279968262 172.80987548828125 347.6407279968262 274.05721282958984 315.2833251953125 274.05721282958984
315.719482421875 172.78121948242188 348.2524108886719 172.78121948242188 348.2524108886719 274.5777816772461 315.719482421875 274.5777816772461
316.512451171875 173.44174194335938 349.3812026977539 173.44174194335938 349.3812026977539 276.2891082763672 316.512451171875 276.2891082763672
317.40972900390625 174.26287841796875 349.7909355163574 174.26287841796875 349.7909355163574 275.58470153808594 317.40972900390625 275.58470153808594
315.55694580078125 171.59201049804688 348.34131622314453 171.59201049804688 348.34131622314453 274.1753463745117 315.55694580078125 274.1753463745117
318.2007751464844 173.3669891357422 351.2221908569336 173.3669891357422 351.2221908569336 276.6920623779297 318.2007751464844 276.6920623779297
318.1515808105469 175.98550415039062 351.00607681274414 175.98550415039062 351.00607681274414 278.7882766723633 318.1515808105469 278.7882766723633
321.41973876953125 170.8002166748047 354.4363136291504 170.8002166748047 354.4363136291504 274.1101379394531 321.41973876953125 274.1101379394531
320.6571960449219 170.225341796875 354.0239677429199 170.225341796875 354.0239677429199 274.6310577392578 320.6571960449219 274.6310577392578
320.77410888671875 169.33395385742188 354.2512741088867 169.33395385742188 354.2512741088867 274.08509826660156 320.77410888671875 274.08509826660156
321.15985107421875 168.3494873046875 354.58258056640625 168.3494873046875 354.58258056640625 272.9302978515625 321.15985107421875 272.9302978515625
322.0218811035156 171.7665252685547 355.1214065551758 171.7665252685547 355.1214065551758 275.3360290527344 322.0218811035156 275.3360290527344
324.13238525390625 170.35336303710938 356.99454498291016 170.35336303710938 356.99454498291016 273.1801300048828 324.13238525390625 273.1801300048828
324.6981201171875 170.22970581054688 357.5163688659668 170.22970581054688 357.5163688659668 272.91907501220703 324.6981201171875 272.91907501220703
328.0486755371094 171.63983154296875 360.4095573425293 171.63983154296875 360.4095573425293 272.89808654785156 328.0486755371094 272.89808654785156
328.0304870605469 172.9308624267578 360.1065216064453 172.9308624267578 360.1065216064453 273.2978286743164 328.0304870605469 273.2978286743164
331.88092041015625 168.7041015625 364.0760383605957 168.7041015625 364.0760383605957 269.4436798095703 331.88092041015625 269.4436798095703
332.21356201171875 169.56771850585938 364.0480442047119 169.56771850585938 364.0480442047119 269.17884826660156 332.21356201171875 269.17884826660156
335.796630859375 170.4685821533203 367.8113784790039 170.4685821533203 367.8113784790039 270.6437683105469 335.796630859375 270.6437683105469
335.44677734375 168.97215270996094 368.05553436279297 168.97215270996094 368.05553436279297 271.0060119628906 335.44677734375 271.0060119628906
340.2756652832031 168.9161834716797 373.0960884094238 168.9161834716797 373.0960884094238 271.6123504638672 340.2756652832031 271.6123504638672
339.44342041015625 169.24276733398438 372.9815864562988 169.24276733398438 372.9815864562988 274.1847686767578 339.44342041015625 274.1847686767578
338.80999755859375 166.92889404296875 372.79846954345703 166.92889404296875 372.79846954345703 273.2799072265625 338.80999755859375 273.2799072265625
344.95965576171875 168.64981079101562 379.19127655029297 168.64981079101562 379.19127655029297 275.7616500854492 344.95965576171875 275.7616500854492
344.28485107421875 170.01107788085938 378.30030822753906 170.01107788085938 378.30030822753906 276.44652557373047 344.28485107421875 276.44652557373047
345.7998046875 170.12661743164062 380.03368377685547 170.12661743164062 380.03368377685547 277.2455291748047 345.7998046875 277.2455291748047
350.5220947265625 171.41648864746094 385.08483123779297 171.41648864746094 385.08483123779297 279.56439208984375 350.5220947265625 279.56439208984375
350.337890625 169.77749633789062 385.0287551879883 169.77749633789062 385.0287551879883 278.3263244628906 350.337890625 278.3263244628906
354.878662109375 171.95632934570312 389.4054870605469 171.95632934570312 389.4054870605469 279.9918670654297 354.878662109375 279.9918670654297
355.13775634765625 169.38844299316406 389.7549819946289 169.38844299316406 389.7549819946289 277.70684814453125 355.13775634765625 277.70684814453125
