348.0 167.0 359.0 167.0 359.0 196.0 348.0 196.0
345.907958984375 166.19876098632812 356.9960947036743 166.19876098632812 356.9960947036743 195.4311180114746 345.907958984375 195.4311180114746
343.4227600097656 164.64346313476562 354.5455722808838 164.64346313476562 354.5455722808838 193.96724319458008 343.4227600097656 193.96724319458008
341.25189208984375 163.9145050048828 352.12825870513916 163.9145050048828 352.12825870513916 192.58856582641602 341.25189208984375 192.58856582641602
339.1158142089844 162.37681579589844 350.0682773590088 162.37681579589844 350.0682773590088 191.2514991760254 339.1158142089844 191.2514991760254
336.67755126953125 161.4504852294922 347.66917991638184 161.4504852294922 347.66917991638184 190.42842483520508 336.67755126953125 190.42842483520508
334.9786071777344 160.6484832763672 345.9366674423218 160.6484832763672 345.9366674423218 189.5379238128662 334.9786071777344 189.5379238128662
332.82989501953125 159.24948120117188 343.82895851135254 159.24948120117188 343.82895851135254 188.24702072143555 332.82989501953125 188.24702072143555
330.2554626464844 157.74378967285156 341.2406892776489 157.74378967285156 341.2406892776489 186.70484924316406 330.2554626464844 186.70484924316406
327.71575927734375 157.0230255126953 338.6767578125 157.0230255126953 338.6767578125 185.92021560668945 327.71575927734375 185.92021560668945
325.43377685546875 155.0834503173828 336.42374897003174 155.0834503173828 336.42374897003174 184.05702590942383 325.43377685546875 184.05702590942383
323.4074401855469 154.0084228515625 334.25131607055664 154.0084228515625 334.25131607055664 182.5968360900879 323.4074401855469 182.5968360900879
321.28314208984375 153.4036865234375 331.89673805236816 153.4036865234375 331.89673805236816 181.38499450683594 321.28314208984375 181.38499450683594
319.790771484375 152.56739807128906 330.464391708374 152.56739807128906 330.464391708374 180.7069492340088 319.790771484375 180.7069492340088
317.3227233886719 151.32435607910156 327.8528308868408 151.32435607910156 327.8528308868408 179.08555603027344 317.3227233886719 179.08555603027344
316.2457580566406 150.8593292236328 326.8127145767212 150.8593292236328 326.8127145767212 178.71767616271973 316.2457580566406 178.71767616271973
314.32525634765625 149.31887817382812 324.85509967803955 149.31887817382812 324.85509967803955 177.07938194274902 314.32525634765625 177.07938194274902
312.532470703125 148.09170532226562 323.2091808319092 148.09170532226562 323.2091808319092 176.23940467834473 312.532470703125 176.23940467834473
310.2526550292969 146.22506713867188 320.9282341003418 146.22506713867188 320.9282341003418 174.36978721618652 310.2526550292969 174.36978721618652
309.89007568359375 146.05343627929688 320.5086154937744 146.05343627929688 320.5086154937744 174.04777908325195 309.89007568359375 174.04777908325195
307.9988708496094 144.64572143554688 318.5272617340088 144.64572143554688 318.5272617340088 172.40239906311035 307.9988708496094 172.40239906311035
306.30596923828125 143.78466796875 316.8161087036133 143.78466796875 316.8161087036133 171.49323081970215 306.30596923828125 171.49323081970215
305.273193359375 142.87669372558594 315.8540449142456 142.87669372558594 315.8540449142456 170.77167892456055 305.273193359375 170.77167892456055
303.1581726074219 141.90695190429688 313.86444091796875 141.90695190429688 313.86444091796875 170.13258361816406 303.1581726074219 170.13258361816406
302.267578125 140.969482421875 312.9812774658203 140.969482421875 312.9812774658203 169.21470260620117 302.267578125 169.21470260620117
300.6869201660156 140.00929260253906 311.2802982330322 140.00929260253906 311.2802982330322 167.93729782104492 300.6869201660156 167.93729782104492
298.72802734375 138.76925659179688 309.27355670928955 138.76925659179688 309.27355670928955 166.57111167907715 298.72802734375 166.57111167907715
297.6453857421875 138.03457641601562 308.195086479187 138.03457641601562 308.195086479187 165.84743118286133 297.6453857421875 165.84743118286133
296.1092224121094 136.98031616210938 306.43306732177734 136.98031616210938 306.43306732177734 164.19773292541504 296.1092224121094 164.19773292541504
293.84857177734375 136.37905883789062 304.18028259277344 136.37905883789062 304.18028259277344 163.61721229553223 293.84857177734375 163.61721229553223
292.34503173828125 135.458984375 302.41041374206543 135.458984375 302.41041374206543 161.8945827484131 292.34503173828125 161.8945827484131
290.3280029296875 134.5631561279297 300.53397369384766 134.5631561279297 300.53397369384766 161.2866325378418 290.3280029296875 161.2866325378418
288.4869384765625 133.26760864257812 298.58540058135986 133.26760864257812 298.58540058135986 159.5629367828369 288.4869384765625 159.5629367828369
287.3787841796875 132.75302124023438 297.5141077041626 132.75302124023438 297.5141077041626 159.10973739624023 287.3787841796875 159.10973739624023
285.2109375 132.11392211914062 295.3191843032837 132.11392211914062 295.3191843032837 158.34303283691406 285.2109375 158.34303283691406
283.77496337890625 130.80496215820312 293.9340877532959 130.80496215820312 293.9340877532959 156.99608993530273 283.77496337890625 156.99608993530273
282.6065368652344 130.609619140625 292.8071746826172 130.609619140625 292.8071746826172 156.78851699829102 282.6065368652344 156.78851699829102
280.95916748046875 128.83065795898438 291.22483921051025 128.83065795898438 291.22483921051025 155.17645645141602 280.95916748046875 155.17645645141602
278.80096435546875 127.6569595336914 289.1454248428345 127.6569595336914 289.1454248428345 154.20495986938477 278.80096435546875 154.20495986938477
278.2413330078125 127.18221282958984 288.5412321090698 127.18221282958984 288.5412321090698 153.61585235595703 278.2413330078125 153.61585235595703
276.4970703125 126.25765228271484 286.7804288864136 126.25765228271484 286.7804288864136 152.5610065460205 276.4970703125 152.5610065460205
274.251953125 125.79205322265625 284.5424509048462 125.79205322265625 284.5424509048462 152.11366844177246 274.251953125 152.11366844177246
273.0275573730469 124.33009338378906 283.2647304534912 124.33009338378906 283.2647304534912 150.51531410217285 273.0275573730469 150.51531410217285
271.8824462890625 123.83211517333984 281.96673011779785 123.83211517333984 281.96673011779785 149.61065483093262 271.8824462890625 149.61065483093262
270.2214660644531 122.929443359375 280.2560501098633 122.929443359375 280.2560501098633 148.3749942779541 270.2214660644531 148.3749942779541
269.0851135253906 121.95457458496094 279.15269947052 121.95457458496094 279.15269947052 147.3408718109131 269.0851135253906 147.3408718109131
266.8204345703125 121.64906311035156 276.91045570373535 121.64906311035156 276.91045570373535 147.04829788208008 266.8204345703125 147.04829788208008
265.55914306640625 120.4703140258789 275.7010555267334 120.4703140258789 275.7010555267334 145.8849868774414 265.55914306640625 145.8849868774414
263.5643005371094 119.5048599243164 273.6573848724365 119.5048599243164 273.6573848724365 144.6550636291504 263.5643005371094 144.6550636291504
262.4841003417969 118.7177963256836 272.68920612335205 118.7177963256836 272.68920612335205 143.8681411743164 262.4841003417969 143.8681411743164
260.59130859375 118.26336669921875 270.8072280883789 118.26336669921875 270.8072280883789 143.26791191101074 260.59130859375 143.26791191101074
259.0516662597656 117.68438720703125 269.1717929840088 117.68438720703125 269.1717929840088 142.29368209838867 259.0516662597656 142.29368209838867
257.0146789550781 115.94671630859375 267.26881217956543 115.94671630859375 267.26881217956543 140.73040199279785 257.0146789550781 140.73040199279785
255.88525390625 115.4884262084961 266.15155124664307 115.4884262084961 266.15155124664307 140.29288864135742 255.88525390625 140.29288864135742
254.52975463867188 115.56996154785156 264.689980506897 115.56996154785156 264.689980506897 139.99015998840332 254.52975463867188 139.99015998840332
253.7454071044922 114.44210052490234 263.8931064605713 114.44210052490234 263.8931064605713 138.6308879852295 253.7454071044922 138.6308879852295
252.22933959960938 113.68058013916016 262.396559715271 113.68058013916016 262.396559715271 137.9158992767334 252.22933959960938 137.9158992767334
251.2938995361328 113.03691101074219 261.4293613433838 113.03691101074219 261.4293613433838 137.06847381591797 251.2938995361328 137.06847381591797
249.578857421875 111.66844177246094 259.8113384246826 111.66844177246094 259.8113384246826 135.93003845214844 249.578857421875 135.93003845214844
249.9358673095703 111.49769592285156 260.05259704589844 111.49769592285156 260.05259704589844 135.41010284423828 249.9358673095703 135.41010284423828
248.4725341796875 111.20867919921875 258.572660446167 111.20867919921875 258.572660446167 134.88184547424316 248.4725341796875 134.88184547424316
247.427978515625 110.6845703125 257.4545707702637 110.6845703125 257.4545707702637 134.00433731079102 247.427978515625 134.00433731079102
246.18478393554688 109.95220947265625 256.30025482177734 109.95220947265625 256.30025482177734 133.2689666748047 246.18478393554688 133.2689666748047
244.9736785888672 108.60261535644531 255.03510093688965 108.60261535644531 255.03510093688965 131.76360511779785 244.9736785888672 131.76360511779785
243.8943634033203 108.1209945678711 254.0249843597412 108.1209945678711 254.0249843597412 131.42103576660156 243.8943634033203 131.42103576660156
242.82211303710938 107.63250732421875 252.8353090286255 107.63250732421875 252.8353090286255 130.45086860656738 242.82211303710938 130.45086860656738
241.259521484375 107.13459777832031 251.28492736816406 107.13459777832031 251.28492736816406 129.63173484802246 241.259521484375 129.63173484802246
240.18923950195312 106.179443359375 250.26783180236816 106.179443359375 250.26783180236816 128.50120162963867 240.18923950195312 128.50120162963867
239.60757446289062 106.31331634521484 249.63328552246094 106.31331634521484 249.63328552246094 128.47181510925293 239.60757446289062 128.47181510925293
238.9116668701172 105.23255920410156 248.9640016555786 105.23255920410156 248.9640016555786 127.27985000610352 238.9116668701172 127.27985000610352
237.2047882080078 104.2172622680664 247.50602436065674 104.2172622680664 247.50602436065674 126.80723190307617 237.2047882080078 126.80723190307617
236.26364135742188 103.52528381347656 246.5138816833496 103.52528381347656 246.5138816833496 126.00342178344727 236.26364135742188 126.00342178344727
235.6182098388672 103.66090393066406 245.64575004577637 103.66090393066406 245.64575004577637 125.44594383239746 235.6182098388672 125.44594383239746
234.1913604736328 102.29344177246094 244.27854919433594 102.29344177246094 244.27854919433594 124.16423225402832 234.1913604736328 124.16423225402832
232.89047241210938 102.23654174804688 242.9589023590088 102.23654174804688 242.9589023590088 123.73851776123047 232.89047241210938 123.73851776123047
231.6145477294922 100.52719116210938 241.67957019805908 100.52719116210938 241.67957019805908 121.92232704162598 231.6145477294922 121.92232704162598
230.1349639892578 100.19316101074219 240.19007301330566 100.19316101074219 240.19007301330566 121.25017166137695 230.1349639892578 121.25017166137695
229.61410522460938 99.9855728149414 239.69548511505127 99.9855728149414 239.69548511505127 120.92243576049805 229.61410522460938 120.92243576049805
227.6301727294922 99.54825592041016 237.70675945281982 99.54825592041016 237.70675945281982 120.30280113220215 227.6301727294922 120.30280113220215
226.7105712890625 99.06726837158203 236.9719877243042 99.06726837158203 236.9719877243042 120.19293022155762 226.7105712890625 120.19293022155762
225.9362335205078 99.04554748535156 236.00396633148193 99.04554748535156 236.00396633148193 119.7724666595459 225.9362335205078 119.7724666595459
225.1630401611328 98.05018615722656 235.28034782409668 98.05018615722656 235.28034782409668 118.70164108276367 225.1630401611328 118.70164108276367
224.0920867919922 97.27311706542969 234.29156017303467 97.27311706542969 234.29156017303467 117.97434425354004 224.0920867919922 117.97434425354004
222.6637420654297 96.81793212890625 232.72499752044678 96.81793212890625 232.72499752044678 117.0418815612793 222.6637420654297 117.0418815612793
221.80642700195312 96.2222900390625 231.90100574493408 96.2222900390625 231.90100574493408 116.37735557556152 221.80642700195312 116.37735557556152
221.0038299560547 95.99667358398438 231.39446449279785 95.99667358398438 231.39446449279785 116.74285125732422 221.0038299560547 116.74285125732422
220.3972625732422 94.6673355102539 231.00643348693848 94.6673355102539 231.00643348693848 115.84984970092773 220.3972625732422 115.84984970092773
219.2037353515625 94.05706787109375 229.78601837158203 94.05706787109375 229.78601837158203 115.18589401245117 219.2037353515625 115.18589401245117
218.70614624023438 93.55487060546875 229.39372062683105 93.55487060546875 229.39372062683105 114.89392471313477 218.70614624023438 114.89392471313477
218.59506225585938 92.88230895996094 229.47423362731934 92.88230895996094 229.47423362731934 114.60391235351562 218.59506225585938 114.60391235351562
217.3343505859375 92.4578628540039 228.05162048339844 92.4578628540039 228.05162048339844 113.85620880126953 217.3343505859375 113.85620880126953
215.60134887695312 91.07670593261719 226.29631996154785 91.07670593261719 226.29631996154785 112.43052864074707 215.60134887695312 112.43052864074707
215.29495239257812 91.00636291503906 225.9424467086792 91.00636291503906 225.9424467086792 112.2653923034668 215.29495239257812 112.2653923034668
214.2139892578125 90.26699829101562 224.79865646362305 90.26699829101562 224.79865646362305 111.40058517456055 214.2139892578125 111.40058517456055
212.26296997070312 89.46304321289062 222.93890953063965 89.46304321289062 222.93890953063965 110.77886581420898 212.26296997070312 110.77886581420898
211.15695190429688 89.50279235839844 221.67459869384766 89.50279235839844 221.67459869384766 110.5025634765625 211.15695190429688 110.5025634765625
210.4564208984375 88.57066345214844 220.8860683441162 88.57066345214844 220.8860683441162 109.39473152160645 210.4564208984375 109.39473152160645
209.8715057373047 88.51359558105469 220.3987636566162 88.51359558105469 220.3987636566162 109.53255271911621 209.8715057373047 109.53255271911621
208.57052612304688 87.4758529663086 219.02564334869385 87.4758529663086 219.02564334869385 108.35077285766602 208.57052612304688 108.35077285766602
207.3987579345703 87.21923828125 217.7368869781494 87.21923828125 217.7368869781494 107.86057662963867 207.3987579345703 107.86057662963867
207.07821655273438 86.45591735839844 217.43037033081055 86.45591735839844 217.43037033081055 107.1252555847168 207.07821655273438 107.1252555847168
206.2438507080078 86.42548370361328 216.5036039352417 86.42548370361328 216.5036039352417 106.9018611907959 206.2438507080078 106.9018611907959
205.07839965820312 85.83580017089844 215.3179168701172 85.83580017089844 215.3179168701172 106.27179145812988 205.07839965820312 106.27179145812988
203.61940002441406 85.27903747558594 213.89066410064697 85.27903747558594 213.89066410064697 105.77471542358398 203.61940002441406 105.77471542358398
203.12667846679688 84.3574447631836 213.24158000946045 84.3574447631836 213.24158000946045 104.54111099243164 203.12667846679688 104.54111099243164
201.73782348632812 84.12506103515625 211.9698305130005 84.12506103515625 211.9698305130005 104.4334487915039 201.73782348632812 104.4334487915039
201.09890747070312 82.98683166503906 211.45022106170654 82.98683166503906 211.45022106170654 103.46004486083984 201.09890747070312 103.46004486083984
199.407470703125 83.1602783203125 209.75925254821777 83.1602783203125 209.75925254821777 103.6344165802002 199.407470703125 103.6344165802002
198.58383178710938 82.35863494873047 209.00037384033203 82.35863494873047 209.00037384033203 102.96085929870605 198.58383178710938 102.96085929870605
198.00762939453125 81.82051086425781 208.3776149749756 81.82051086425781 208.3776149749756 102.33065414428711 198.00762939453125 102.33065414428711
196.45849609375 80.79759216308594 206.8612232208252 80.79759216308594 206.8612232208252 101.32574462890625 196.45849609375 101.32574462890625
195.95899963378906 80.8703842163086 206.38125038146973 80.8703842163086 206.38125038146973 101.43706130981445 195.95899963378906 101.43706130981445
195.2440185546875 80.16832733154297 205.56028747558594 80.16832733154297 205.56028747558594 100.49663925170898 195.2440185546875 100.49663925170898
194.19888305664062 80.26323699951172 204.31295585632324 80.26323699951172 204.31295585632324 100.14567375183105 194.19888305664062 100.14567375183105
193.3132781982422 79.53507995605469 203.4609899520874 79.53507995605469 203.4609899520874 99.32227516174316 193.3132781982422 99.32227516174316
192.0154571533203 78.99317169189453 202.27224731445312 78.99317169189453 202.27224731445312 98.95522880554199 192.0154571533203 98.95522880554199
191.06068420410156 78.46514129638672 201.3607234954834 78.46514129638672 201.3607234954834 98.4239330291748 191.06068420410156 98.4239330291748
190.8769989013672 78.08528137207031 201.29054737091064 78.08528137207031 201.29054737091064 98.2640209197998 190.8769989013672 98.2640209197998
189.06756591796875 77.53861236572266 199.39160251617432 77.53861236572266 199.39160251617432 97.54390144348145 189.06756591796875 97.54390144348145
188.251953125 77.1739501953125 198.4575777053833 77.1739501953125 198.4575777053833 96.94978713989258 188.251953125 96.94978713989258
187.5099334716797 76.49375915527344 197.71135139465332 76.49375915527344 197.71135139465332 96.21286392211914 187.5099334716797 96.21286392211914
186.6817169189453 76.0407485961914 197.03850936889648 76.0407485961914 197.03850936889648 96.06018829345703 186.6817169189453 96.06018829345703
185.93313598632812 75.40455627441406 196.2509412765503 75.40455627441406 196.2509412765503 95.34863471984863 185.93313598632812 95.34863471984863
185.34768676757812 74.89984130859375 195.68782711029053 74.89984130859375 195.68782711029053 94.88709449768066 185.34768676757812 94.88709449768066
184.56234741210938 74.47107696533203 194.9320011138916 74.47107696533203 194.9320011138916 94.45651817321777 184.56234741210938 94.45651817321777
184.08880615234375 73.92315673828125 194.5959348678589 73.92315673828125 194.5959348678589 94.17355346679688 184.08880615234375 94.17355346679688
183.71188354492188 73.38118743896484 194.24421882629395 73.38118743896484 194.24421882629395 93.6801643371582 183.71188354492188 93.6801643371582
183.22132873535156 72.8729476928711 193.92933750152588 72.8729476928711 193.92933750152588 93.51050186157227 183.22132873535156 93.51050186157227
182.28236389160156 72.49311828613281 193.0192584991455 72.49311828613281 193.0192584991455 93.18634414672852 182.28236389160156 93.18634414672852
182.5113525390625 72.54579162597656 193.06822681427002 72.54579162597656 193.06822681427002 92.89206314086914 182.5113525390625 92.89206314086914
181.69717407226562 71.9140396118164 192.08998203277588 71.9140396118164 192.08998203277588 91.9441032409668 181.69717407226562 91.9441032409668
180.79953002929688 71.32499694824219 191.4769287109375 71.32499694824219 191.4769287109375 91.9035530090332 180.79953002929688 91.9035530090332
179.5345001220703 70.20657348632812 190.27414894104004 70.20657348632812 190.27414894104004 90.90510368347168 179.5345001220703 90.90510368347168
179.55099487304688 70.20320892333984 190.11572074890137 70.20320892333984 190.11572074890137 90.56460952758789 179.55099487304688 90.56460952758789
178.6110076904297 69.64865112304688 189.24326133728027 69.64865112304688 189.24326133728027 90.14019584655762 178.6110076904297 90.14019584655762
177.9176483154297 69.60359954833984 188.561185836792 69.60359954833984 188.561185836792 90.11689186096191 177.9176483154297 90.11689186096191
177.055908203125 69.59185791015625 187.7101821899414 69.59185791015625 187.7101821899414 90.12584114074707 177.055908203125 90.12584114074707
175.96957397460938 68.21714782714844 186.49832916259766 68.21714782714844 186.49832916259766 88.50922012329102 175.96957397460938 88.50922012329102
175.49209594726562 67.77391052246094 186.07381343841553 67.77391052246094 186.07381343841553 88.16805648803711 175.49209594726562 88.16805648803711
174.85958862304688 67.55049133300781 185.30870819091797 67.55049133300781 185.30870819091797 87.68908309936523 174.85958862304688 87.68908309936523
174.1781463623047 67.43303680419922 184.55420112609863 67.43303680419922 184.55420112609863 87.4308090209961 174.1781463623047 87.4308090209961
173.8089141845703 66.85668182373047 184.08213996887207 66.85668182373047 184.08213996887207 86.6562728881836 173.8089141845703 86.6562728881836
173.19137573242188 67.0911865234375 183.5098934173584 67.0911865234375 183.5098934173584 86.93102264404297 173.19137573242188 86.93102264404297
172.80299377441406 66.12808227539062 183.0871114730835 66.12808227539062 183.0871114730835 85.90177536010742 172.80299377441406 85.90177536010742
172.1275177001953 65.6691665649414 182.5972957611084 65.6691665649414 182.5972957611084 85.79983711242676 172.1275177001953 85.79983711242676
172.0625457763672 64.70004272460938 182.36929035186768 64.70004272460938 182.36929035186768 84.50617408752441 172.0625457763672 84.50617408752441
171.52685546875 64.31089782714844 181.69538402557373 64.31089782714844 181.69538402557373 83.8514232635498 171.52685546875 83.8514232635498
171.289306640625 64.08503723144531 181.3935775756836 64.08503723144531 181.3935775756836 83.48208618164062 171.289306640625 83.48208618164062
170.4016571044922 64.4653091430664 180.44188404083252 64.4653091430664 180.44188404083252 83.52311325073242 170.4016571044922 83.52311325073242
169.3773956298828 63.543975830078125 179.46380138397217 63.543975830078125 179.46380138397217 82.52079391479492 169.3773956298828 82.52079391479492
169.03140258789062 63.568321228027344 179.05545234680176 63.568321228027344 179.05545234680176 82.22648239135742 169.03140258789062 82.22648239135742
168.09030151367188 62.77665328979492 178.27518939971924 62.77665328979492 178.27518939971924 81.39670372009277 168.09030151367188 81.39670372009277
166.62924194335938 62.67988204956055 176.7567539215088 62.67988204956055 176.7567539215088 81.17016792297363 166.62924194335938 81.17016792297363
166.2793426513672 62.081146240234375 176.4600591659546 62.081146240234375 176.4600591659546 80.56413650512695 166.2793426513672 80.56413650512695
165.95298767089844 61.50621795654297 176.06077098846436 61.50621795654297 176.06077098846436 79.85171127319336 165.95298767089844 79.85171127319336
164.6248779296875 60.94123077392578 174.80877876281738 60.94123077392578 174.80877876281738 79.42487716674805 164.6248779296875 79.42487716674805
164.02761840820312 60.83198165893555 174.30145931243896 60.83198165893555 174.30145931243896 79.45108795166016 164.02761840820312 79.45108795166016
163.05563354492188 60.050559997558594 173.38113403320312 60.050559997558594 173.38113403320312 78.76328659057617 163.05563354492188 78.76328659057617
162.48532104492188 59.815452575683594 172.82239723205566 59.815452575683594 172.82239723205566 78.54916000366211 162.48532104492188 78.54916000366211
162.02894592285156 59.42034912109375 172.33253288269043 59.42034912109375 172.33253288269043 78.08155250549316 162.02894592285156 78.08155250549316
160.273193359375 59.51317596435547 170.72675895690918 59.51317596435547 170.72675895690918 78.44601249694824 160.273193359375 78.44601249694824
159.55397033691406 58.70928955078125 169.89451789855957 58.70928955078125 169.89451789855957 77.43743515014648 159.55397033691406 77.43743515014648
158.9998779296875 58.41991424560547 169.26354217529297 58.41991424560547 169.26354217529297 77.00881385803223 158.9998779296875 77.00881385803223
158.44345092773438 57.80046463012695 168.70245742797852 57.80046463012695 168.70245742797852 76.38092803955078 158.44345092773438 76.38092803955078
157.4369659423828 58.09708786010742 167.58275604248047 58.09708786010742 167.58275604248047 76.46260643005371 157.4369659423828 76.46260643005371
156.77548217773438 57.5375862121582 166.99103355407715 57.5375862121582 166.99103355407715 76.00445556640625 156.77548217773438 76.00445556640625
156.5187530517578 58.07854080200195 166.55587482452393 58.07854080200195 166.55587482452393 76.09191703796387 156.5187530517578 76.09191703796387
