81.0 79.0 107.0 79.0 107.0 98.0 81.0 98.0
83.13714599609375 81.75853729248047 109.04238891601562 81.75853729248047 109.04238891601562 100.68929100036621 83.13714599609375 100.68929100036621
85.95368194580078 83.4496841430664 111.7513599395752 83.4496841430664 111.7513599395752 102.30183219909668 85.95368194580078 102.30183219909668
86.88966369628906 84.02275085449219 113.20761680603027 84.02275085449219 113.20761680603027 103.25510025024414 86.88966369628906 103.25510025024414
91.50296783447266 87.48882293701172 117.73657417297363 87.48882293701172 117.73657417297363 106.6595344543457 91.50296783447266 106.6595344543457
94.11212158203125 90.26164245605469 120.82009887695312 90.26164245605469 120.82009887695312 109.77900886535645 94.11212158203125 109.77900886535645
98.64527893066406 92.04072570800781 125.76397132873535 92.04072570800781 125.76397132873535 111.85823059082031 98.64527893066406 111.85823059082031
102.69891357421875 93.97550964355469 129.7597198486328 93.97550964355469 129.7597198486328 113.75071334838867 102.69891357421875 113.75071334838867
105.84794616699219 96.4397201538086 134.1770896911621 96.4397201538086 134.1770896911621 117.14178657531738 105.84794616699219 117.14178657531738
109.81929779052734 99.24342346191406 138.28643608093262 99.24342346191406 138.28643608093262 120.04633140563965 109.81929779052734 120.04633140563965
111.76702880859375 100.23280334472656 140.3743782043457 100.23280334472656 140.3743782043457 121.1381721496582 111.76702880859375 121.1381721496582
115.4581298828125 102.71788024902344 144.57522583007812 102.71788024902344 144.57522583007812 123.99575424194336 115.4581298828125 123.99575424194336
121.7972640991211 106.3657455444336 151.13989639282227 106.3657455444336 151.13989639282227 127.80843353271484 121.7972640991211 127.80843353271484
126.02024841308594 109.36441802978516 155.88665771484375 109.36441802978516 155.88665771484375 131.18986320495605 126.02024841308594 131.18986320495605
133.14105224609375 113.17344665527344 163.5139675140381 113.17344665527344 163.5139675140381 135.3690299987793 133.14105224609375 135.3690299987793
138.14108276367188 115.53248596191406 168.79042625427246 115.53248596191406 168.79042625427246 137.93007278442383 138.14108276367188 137.93007278442383
143.82443237304688 118.2467041015625 175.10982131958008 118.2467041015625 175.10982131958008 141.1090908050537 143.82443237304688 141.1090908050537
148.6845703125 123.05015563964844 180.50065994262695 123.05015563964844 180.50065994262695 146.30035972595215 148.6845703125 146.30035972595215
152.3323211669922 125.66021728515625 184.08025550842285 125.66021728515625 184.08025550842285 148.86061668395996 152.3323211669922 148.86061668395996
157.9160614013672 128.72216796875 189.37122535705566 128.72216796875 189.37122535705566 151.70862197875977 157.9160614013672 151.70862197875977
172.91522216796875 137.64926147460938 204.06065368652344 137.64926147460938 204.06065368652344 160.40937423706055 172.91522216796875 160.40937423706055
173.17283630371094 138.44528198242188 204.00436782836914 138.44528198242188 204.00436782836914 160.97600555419922 173.17283630371094 160.97600555419922
178.8446502685547 141.7825469970703 210.20315551757812 141.7825469970703 210.20315551757812 164.69836616516113 178.8446502685547 164.69836616516113
188.924072265625 148.5743865966797 220.46296310424805 148.5743865966797 220.46296310424805 171.62202644348145 188.924072265625 171.62202644348145
200.21011352539062 155.14990234375 232.16461753845215 155.14990234375 232.16461753845215 178.50126266479492 200.21011352539062 178.50126266479492
209.08740234375 161.6063690185547 240.79063034057617 161.6063690185547 240.79063034057617 184.77410507202148 209.08740234375 184.77410507202148
213.9362335205078 165.0294952392578 246.08157348632812 165.0294952392578 246.08157348632812 188.52031326293945 213.9362335205078 188.52031326293945
229.1844482421875 174.8602752685547 261.02000427246094 174.8602752685547 261.02000427246094 198.12471389770508 229.1844482421875 198.12471389770508
237.9906005859375 182.0906524658203 269.73908615112305 182.0906524658203 269.73908615112305 205.2914638519287 237.9906005859375 205.2914638519287
247.53268432617188 188.53366088867188 279.4727668762207 188.53366088867188 279.4727668762207 211.87448501586914 247.53268432617188 211.87448501586914
255.9234619140625 195.81890869140625 287.6791591644287 195.81890869140625 287.6791591644287 219.0249900817871 255.9234619140625 219.0249900817871
264.69598388671875 203.35633850097656 296.73331451416016 203.35633850097656 296.73331451416016 226.76823043823242 264.69598388671875 226.76823043823242
271.9395446777344 212.3726348876953 303.82776832580566 212.3726348876953 303.82776832580566 235.67556381225586 271.9395446777344 235.67556381225586
281.34649658203125 222.29592895507812 313.1841068267822 222.29592895507812 313.1841068267822 245.56186866760254 281.34649658203125 245.56186866760254
286.4828186035156 228.6506805419922 318.90953826904297 228.6506805419922 318.90953826904297 252.3471221923828 286.4828186035156 252.3471221923828
297.2701110839844 240.571044921875 329.7225456237793 240.571044921875 329.7225456237793 264.2862777709961 297.2701110839844 264.2862777709961
309.5852966308594 251.24545288085938 342.01440048217773 251.24545288085938 342.01440048217773 274.9436378479004 309.5852966308594 274.9436378479004
324.4656677246094 261.7026672363281 357.11105728149414 261.7026672363281 357.11105728149414 285.5589084625244 324.4656677246094 285.5589084625244
322.16070556640625 263.8392028808594 353.854434967041 263.8392028808594 353.854434967041 287.0 322.16070556640625 287.0
323.5942687988281 263.37738037109375 355.797119140625 263.37738037109375 355.797119140625 286.91022872924805 323.5942687988281 286.91022872924805
