179.0 163.0 199.0 163.0 199.0 206.0 179.0 206.0
181.08395385742188 164.52981567382812 201.28766632080078 164.52981567382812 201.28766632080078 207.9677963256836 181.08395385742188 207.9677963256836
181.3859405517578 163.8625030517578 201.76269912719727 163.8625030517578 201.76269912719727 207.67253494262695 181.3859405517578 207.67253494262695
184.05340576171875 164.25730895996094 204.70480346679688 164.25730895996094 204.70480346679688 208.6578140258789 184.05340576171875 208.6578140258789
183.79122924804688 163.00613403320312 204.7429313659668 163.00613403320312 204.7429313659668 208.05229949951172 183.79122924804688 208.05229949951172
183.8350067138672 163.37594604492188 204.99599647521973 163.37594604492188 204.99599647521973 208.87207794189453 183.8350067138672 208.87207794189453
186.88137817382812 162.4674835205078 208.3029613494873 162.4674835205078 208.3029613494873 208.5238914489746 186.88137817382812 208.5238914489746
186.83277893066406 161.4258575439453 208.2507438659668 161.4258575439453 208.2507438659668 207.4744873046875 186.83277893066406 207.4744873046875
188.6417236328125 163.69784545898438 210.23290634155273 163.69784545898438 210.23290634155273 210.11888885498047 188.6417236328125 210.11888885498047
192.45919799804688 163.3663330078125 213.95869064331055 163.3663330078125 213.95869064331055 209.59024047851562 192.45919799804688 209.59024047851562
192.92044067382812 162.61569213867188 214.40426635742188 162.61569213867188 214.40426635742188 208.80591583251953 192.92044067382812 208.80591583251953
192.32095336914062 161.51715087890625 214.09607124328613 161.51715087890625 214.09607124328613 208.3336524963379 192.32095336914062 208.3336524963379
194.77978515625 162.43881225585938 216.56198501586914 162.43881225585938 216.56198501586914 209.2705421447754 194.77978515625 209.2705421447754
194.65097045898438 162.66587829589844 216.2592067718506 162.66587829589844 216.2592067718506 209.12358474731445 194.65097045898438 209.12358474731445
196.28895568847656 161.99488830566406 217.7436122894287 161.99488830566406 217.7436122894287 208.12239837646484 196.28895568847656 208.12239837646484
196.60235595703125 163.5044403076172 217.53924179077148 163.5044403076172 217.53924179077148 208.51874160766602 196.60235595703125 208.51874160766602
198.97592163085938 162.6983184814453 219.75722694396973 162.6983184814453 219.75722694396973 207.37812042236328 198.97592163085938 207.37812042236328
199.0775909423828 164.01016235351562 219.82313346862793 164.01016235351562 219.82313346862793 208.61307525634766 199.0775909423828 208.61307525634766
200.92945861816406 163.84805297851562 221.5838623046875 163.84805297851562 221.5838623046875 208.25501251220703 200.92945861816406 208.25501251220703
200.9153594970703 164.50460815429688 221.6158447265625 164.50460815429688 221.6158447265625 209.0106430053711 200.9153594970703 209.0106430053711
202.99014282226562 163.91275024414062 223.6998176574707 163.91275024414062 223.6998176574707 208.43854522705078 202.99014282226562 208.43854522705078
202.99053955078125 164.88674926757812 223.59434127807617 164.88674926757812 223.59434127807617 209.18492126464844 202.99053955078125 209.18492126464844
205.1363525390625 165.68479919433594 225.4469928741455 165.68479919433594 225.4469928741455 209.3526725769043 205.1363525390625 209.3526725769043
205.42861938476562 163.62130737304688 225.98145866394043 163.62130737304688 225.98145866394043 207.8099136352539 205.42861938476562 207.8099136352539
206.94461059570312 165.43040466308594 227.44367027282715 165.43040466308594 227.44367027282715 209.50338745117188 206.94461059570312 209.50338745117188
207.0361328125 165.28053283691406 227.27774620056152 165.28053283691406 227.27774620056152 208.80000686645508 207.0361328125 208.80000686645508
209.54513549804688 165.42062377929688 229.49513816833496 165.42062377929688 229.49513816833496 208.31313705444336 209.54513549804688 208.31313705444336
209.90261840820312 163.95286560058594 230.1739387512207 163.95286560058594 230.1739387512207 207.53620529174805 209.90261840820312 207.53620529174805
211.4727783203125 162.98211669921875 232.0565128326416 162.98211669921875 232.0565128326416 207.23714447021484 211.4727783203125 207.23714447021484
211.59567260742188 163.73239135742188 232.1842155456543 163.73239135742188 232.1842155456543 207.9977569580078 211.59567260742188 207.9977569580078
214.5213165283203 163.6431884765625 235.1426544189453 163.6431884765625 235.1426544189453 207.97906494140625 214.5213165283203 207.97906494140625
214.2260284423828 162.2954559326172 234.95253944396973 162.2954559326172 234.95253944396973 206.8574562072754 214.2260284423828 206.8574562072754
216.8513641357422 163.70352172851562 237.68080520629883 163.70352172851562 237.68080520629883 208.48682403564453 216.8513641357422 208.48682403564453
217.4224853515625 164.3136444091797 238.26457595825195 164.3136444091797 238.26457595825195 209.12413787841797 217.4224853515625 209.12413787841797
219.16213989257812 161.73812866210938 240.39962768554688 161.73812866210938 240.39962768554688 207.39872360229492 219.16213989257812 207.39872360229492
218.56680297851562 161.37356567382812 240.30783081054688 161.37356567382812 240.30783081054688 208.11676788330078 218.56680297851562 208.11676788330078
221.4299774169922 160.27459716796875 243.5215721130371 160.27459716796875 243.5215721130371 207.77152252197266 221.4299774169922 207.77152252197266
220.90127563476562 158.93399047851562 243.4101676940918 158.93399047851562 243.4101676940918 207.32810592651367 220.90127563476562 207.32810592651367
221.12332153320312 159.0387725830078 243.5373821258545 159.0387725830078 243.5373821258545 207.22900009155273 221.12332153320312 207.22900009155273
223.8374786376953 159.44772338867188 246.45429611206055 159.44772338867188 246.45429611206055 208.07388305664062 223.8374786376953 208.07388305664062
223.6132354736328 160.5325164794922 245.9737663269043 160.5325164794922 245.9737663269043 208.60765838623047 223.6132354736328 208.60765838623047
226.08718872070312 162.36251831054688 248.32957649230957 162.36251831054688 248.32957649230957 210.18365478515625 226.08718872070312 210.18365478515625
228.6100616455078 161.60707092285156 250.56170654296875 161.60707092285156 250.56170654296875 208.80310821533203 228.6100616455078 208.80310821533203
229.2703094482422 162.2042236328125 250.98289680480957 162.2042236328125 250.98289680480957 208.88628387451172 229.2703094482422 208.88628387451172
228.5370330810547 162.2957000732422 250.16153526306152 162.2957000732422 250.16153526306152 208.78837966918945 228.5370330810547 208.78837966918945
232.66018676757812 164.8746337890625 254.16697311401367 164.8746337890625 254.16697311401367 211.1142234802246 232.66018676757812 211.1142234802246
232.7269744873047 164.28488159179688 254.20626831054688 164.28488159179688 254.20626831054688 210.46536254882812 232.7269744873047 210.46536254882812
233.83847045898438 165.27403259277344 255.6112766265869 165.27403259277344 255.6112766265869 212.08556365966797 233.83847045898438 212.08556365966797
234.50045776367188 164.43463134765625 256.1895942687988 164.43463134765625 256.1895942687988 211.0662727355957 234.50045776367188 211.0662727355957
236.2596893310547 165.92251586914062 257.5055351257324 165.92251586914062 257.5055351257324 211.60107803344727 236.2596893310547 211.60107803344727
236.2433624267578 166.35787963867188 257.25838470458984 166.35787963867188 257.25838470458984 211.5401725769043 236.2433624267578 211.5401725769043
237.6162109375 166.04257202148438 258.60019302368164 166.04257202148438 258.60019302368164 211.15813064575195 237.6162109375 211.15813064575195
237.7138671875 166.73001098632812 258.4806022644043 166.73001098632812 258.4806022644043 211.37849044799805 237.7138671875 211.37849044799805
239.3025360107422 166.9530792236328 260.2553291320801 166.9530792236328 260.2553291320801 212.00158309936523 239.3025360107422 212.00158309936523
239.4043731689453 165.9345245361328 260.35673904418945 165.9345245361328 260.35673904418945 210.98210906982422 239.4043731689453 210.98210906982422
240.78073120117188 165.4672088623047 261.76958084106445 165.4672088623047 261.76958084106445 210.59323501586914 240.78073120117188 210.59323501586914
241.36221313476562 166.46958923339844 261.932918548584 166.46958923339844 261.932918548584 210.69660186767578 241.36221313476562 210.69660186767578
242.8214111328125 167.14474487304688 263.17690658569336 167.14474487304688 263.17690658569336 210.9090576171875 242.8214111328125 210.9090576171875
242.73080444335938 167.119873046875 262.99033546447754 167.119873046875 262.99033546447754 210.67786407470703 242.73080444335938 210.67786407470703
244.4706268310547 165.79872131347656 264.7602882385254 165.79872131347656 264.7602882385254 209.42149353027344 244.4706268310547 209.42149353027344
244.8780059814453 165.8505859375 265.2297840118408 165.8505859375 265.2297840118408 209.60690307617188 244.8780059814453 209.60690307617188
246.7002716064453 164.3612060546875 266.7824287414551 164.3612060546875 266.7824287414551 207.53783416748047 246.7002716064453 207.53783416748047
246.93685913085938 164.38998413085938 267.17870140075684 164.38998413085938 267.17870140075684 207.9099349975586 246.93685913085938 207.9099349975586
248.8063507080078 163.98135375976562 269.1873893737793 163.98135375976562 269.1873893737793 207.80057525634766 248.8063507080078 207.80057525634766
248.5933380126953 163.5362091064453 269.17650985717773 163.5362091064453 269.17650985717773 207.79001235961914 248.5933380126953 207.79001235961914
251.23428344726562 163.7739715576172 272.06043243408203 163.7739715576172 272.06043243408203 208.55017471313477 251.23428344726562 208.55017471313477
250.96182250976562 161.49710083007812 271.7381248474121 161.49710083007812 271.7381248474121 206.16613006591797 250.96182250976562 206.16613006591797
253.3541717529297 160.58773803710938 274.1902961730957 160.58773803710938 274.1902961730957 205.38538360595703 253.3541717529297 205.38538360595703
253.38729858398438 161.30520629882812 274.1881866455078 161.30520629882812 274.1881866455078 206.02709197998047 253.38729858398438 206.02709197998047
255.96334838867188 162.5869903564453 276.69486808776855 162.5869903564453 276.69486808776855 207.15973663330078 255.96334838867188 207.15973663330078
256.0302734375 163.25601196289062 276.9985103607178 163.25601196289062 276.9985103607178 208.33769989013672 256.0302734375 208.33769989013672
258.228271484375 165.47122192382812 279.4291648864746 165.47122192382812 279.4291648864746 211.0531234741211 258.228271484375 211.0531234741211
258.65802001953125 163.68136596679688 279.7903289794922 163.68136596679688 279.7903289794922 209.11581420898438 258.65802001953125 209.11581420898438
260.54522705078125 165.4398956298828 281.62414932250977 165.4398956298828 281.62414932250977 210.75955963134766 260.54522705078125 210.75955963134766
260.73150634765625 165.04238891601562 281.48815155029297 165.04238891601562 281.48815155029297 209.6691551208496 260.73150634765625 209.6691551208496
263.68768310546875 170.8423614501953 284.1775150299072 170.8423614501953 284.1775150299072 214.89547729492188 263.68768310546875 214.89547729492188
263.8038635253906 169.00070190429688 284.764591217041 169.00070190429688 284.764591217041 214.06624221801758 263.8038635253906 214.06624221801758
265.21612548828125 166.7889404296875 286.8385601043701 166.7889404296875 286.8385601043701 213.27715301513672 265.21612548828125 213.27715301513672
265.0789489746094 165.6776123046875 287.25261878967285 165.6776123046875 287.25261878967285 213.3509750366211 265.0789489746094 213.3509750366211
267.3091735839844 171.01487731933594 289.7575988769531 171.01487731933594 289.7575988769531 219.27895736694336 267.3091735839844 219.27895736694336
267.01361083984375 168.78067016601562 289.45949363708496 168.78067016601562 289.45949363708496 217.0392837524414 267.01361083984375 217.0392837524414
269.02154541015625 169.5589599609375 291.68459701538086 169.5589599609375 291.68459701538086 218.28448486328125 269.02154541015625 218.28448486328125
268.48138427734375 168.32510375976562 291.0039310455322 168.32510375976562 291.0039310455322 216.74855041503906 268.48138427734375 216.74855041503906
270.2949523925781 171.22042846679688 292.7187442779541 171.22042846679688 292.7187442779541 219.43154907226562 270.2949523925781 219.43154907226562
270.8642578125 170.11990356445312 293.31943702697754 170.11990356445312 293.31943702697754 218.39850997924805 270.8642578125 218.39850997924805
272.081298828125 168.87820434570312 294.87270164489746 168.87820434570312 294.87270164489746 217.87969207763672 272.081298828125 217.87969207763672
271.3587646484375 168.17092895507812 294.218994140625 168.17092895507812 294.218994140625 217.32039642333984 271.3587646484375 217.32039642333984
271.5659484863281 168.15478515625 294.579553604126 168.15478515625 294.579553604126 217.63400650024414 271.5659484863281 217.63400650024414
272.72320556640625 167.8654327392578 295.78621673583984 167.8654327392578 295.78621673583984 217.45087432861328 272.72320556640625 217.45087432861328
272.78045654296875 168.65370178222656 295.60839462280273 168.65370178222656 295.60839462280273 217.73373794555664 272.78045654296875 217.73373794555664
274.7843933105469 168.41195678710938 297.5264778137207 168.41195678710938 297.5264778137207 217.30741119384766 274.7843933105469 217.30741119384766
275.4679260253906 167.81533813476562 298.56553649902344 167.81533813476562 298.56553649902344 217.47517013549805 275.4679260253906 217.47517013549805
274.7137756347656 166.1645965576172 297.9871711730957 166.1645965576172 297.9871711730957 216.2023696899414 274.7137756347656 216.2023696899414
275.1053161621094 166.71707153320312 298.34681129455566 166.71707153320312 298.34681129455566 216.6862564086914 275.1053161621094 216.6862564086914
276.03106689453125 167.00668334960938 299.0489673614502 167.00668334960938 299.0489673614502 216.4951400756836 276.03106689453125 216.4951400756836
276.4730529785156 169.13851928710938 299.7794609069824 169.13851928710938 299.7794609069824 219.2472686767578 276.4730529785156 219.2472686767578
277.65740966796875 166.2313995361328 300.7030258178711 166.2313995361328 300.7030258178711 215.77944564819336 277.65740966796875 215.77944564819336
277.04681396484375 164.8369140625 300.57199478149414 164.8369140625 300.57199478149414 215.41601943969727 277.04681396484375 215.41601943969727
277.7244873046875 167.96946716308594 301.32672691345215 167.96946716308594 301.32672691345215 218.71424865722656 277.7244873046875 218.71424865722656
277.4896240234375 167.12289428710938 301.381010055542 167.12289428710938 301.381010055542 218.48933792114258 277.4896240234375 218.48933792114258
278.77142333984375 168.54266357421875 302.64246559143066 168.54266357421875 302.64246559143066 219.86536407470703 278.77142333984375 219.86536407470703
278.79827880859375 168.48306274414062 302.30145835876465 168.48306274414062 302.30145835876465 219.01485443115234 278.79827880859375 219.01485443115234
279.64080810546875 169.45242309570312 303.3499011993408 169.45242309570312 303.3499011993408 220.42692184448242 279.64080810546875 220.42692184448242
278.7350769042969 169.19595336914062 302.5222282409668 169.19595336914062 302.5222282409668 220.33827590942383 278.7350769042969 220.33827590942383
280.15301513671875 169.4068603515625 304.2167778015137 169.4068603515625 304.2167778015137 221.14390182495117 280.15301513671875 221.14390182495117
280.36492919921875 169.84361267089844 304.6348133087158 169.84361267089844 304.6348133087158 222.02381134033203 280.36492919921875 222.02381134033203
281.4051208496094 171.70388793945312 305.526330947876 171.70388793945312 305.526330947876 223.56443405151367 281.4051208496094 223.56443405151367
281.7275695800781 173.47171020507812 305.4197196960449 173.47171020507812 305.4197196960449 224.40978240966797 281.7275695800781 224.40978240966797
282.36151123046875 171.81503295898438 305.87574577331543 171.81503295898438 305.87574577331543 222.37058639526367 282.36151123046875 222.37058639526367
282.45843505859375 172.85531616210938 305.8467483520508 172.85531616210938 305.8467483520508 223.14013671875 282.45843505859375 223.14013671875
283.2890625 173.69915771484375 306.2102508544922 173.69915771484375 306.2102508544922 222.9796600341797 283.2890625 222.9796600341797
283.5279846191406 174.55172729492188 306.51193618774414 174.55172729492188 306.51193618774414 223.9671745300293 283.5279846191406 223.9671745300293
284.3291015625 175.27212524414062 306.8300037384033 175.27212524414062 306.8300037384033 223.64900970458984 284.3291015625 223.64900970458984
283.78009033203125 176.2639617919922 306.45356369018555 176.2639617919922 306.45356369018555 225.01187896728516 283.78009033203125 225.01187896728516
285.36334228515625 176.53244018554688 307.90295600891113 176.53244018554688 307.90295600891113 224.99255752563477 285.36334228515625 224.99255752563477
285.2662353515625 174.478271484375 308.0940742492676 174.478271484375 308.0940742492676 223.5580711364746 285.2662353515625 223.5580711364746
285.66229248046875 175.47572326660156 308.3115291595459 175.47572326660156 308.3115291595459 224.1715316772461 285.66229248046875 224.1715316772461
285.8874206542969 174.89894104003906 308.31159591674805 174.89894104003906 308.31159591674805 223.11086654663086 285.8874206542969 223.11086654663086
286.19677734375 176.652587890625 308.28485679626465 176.652587890625 308.28485679626465 224.14190292358398 286.19677734375 224.14190292358398
286.33905029296875 176.7256317138672 308.88188552856445 176.7256317138672 308.88188552856445 225.19266510009766 286.33905029296875 225.19266510009766
286.117919921875 174.8260955810547 308.82237815856934 174.8260955810547 308.82237815856934 223.6406135559082 286.117919921875 223.6406135559082
286.35498046875 176.4763946533203 309.07825660705566 176.4763946533203 309.07825660705566 225.33136749267578 286.35498046875 225.33136749267578
286.5924072265625 178.0484619140625 309.48991775512695 178.0484619140625 309.48991775512695 227.27803802490234 286.5924072265625 227.27803802490234
287.07098388671875 176.80186462402344 309.88021659851074 176.80186462402344 309.88021659851074 225.84164428710938 287.07098388671875 225.84164428710938
286.183837890625 178.38485717773438 309.05651473999023 178.38485717773438 309.05651473999023 227.56104278564453 286.183837890625 227.56104278564453
286.1026916503906 178.52120971679688 309.0750904083252 178.52120971679688 309.0750904083252 227.91179656982422 286.1026916503906 227.91179656982422
285.46307373046875 179.25674438476562 308.3109359741211 179.25674438476562 308.3109359741211 228.37957763671875 285.46307373046875 228.37957763671875
284.9618225097656 176.52944946289062 308.3677444458008 176.52944946289062 308.3677444458008 226.85210800170898 284.9618225097656 226.85210800170898
284.9645080566406 177.8217315673828 308.27133560180664 177.8217315673828 308.27133560180664 227.93133163452148 284.9645080566406 227.93133163452148
284.58392333984375 178.07281494140625 307.9010009765625 178.07281494140625 307.9010009765625 228.2044563293457 284.58392333984375 228.2044563293457
284.8670349121094 176.80760192871094 308.32734298706055 176.80760192871094 308.32734298706055 227.24718856811523 284.8670349121094 227.24718856811523
284.24884033203125 176.30908203125 308.12984466552734 176.30908203125 308.12984466552734 227.65316009521484 284.24884033203125 227.65316009521484
284.0045471191406 177.55569458007812 307.92845344543457 177.55569458007812 307.92845344543457 228.99201202392578 284.0045471191406 228.99201202392578
283.4147644042969 177.5064697265625 307.3731880187988 177.5064697265625 307.3731880187988 229.0169906616211 283.4147644042969 229.0169906616211
283.37554931640625 179.97308349609375 307.0940761566162 179.97308349609375 307.0940761566162 230.96782684326172 283.37554931640625 230.96782684326172
283.608154296875 180.32687377929688 306.93367195129395 180.32687377929688 306.93367195129395 230.4766502380371 283.608154296875 230.4766502380371
283.00067138671875 181.7144317626953 306.35731315612793 181.7144317626953 306.35731315612793 231.93112182617188 283.00067138671875 231.93112182617188
283.4941101074219 179.9840850830078 307.2441349029541 179.9840850830078 307.2441349029541 231.04654693603516 283.4941101074219 231.04654693603516
284.1430358886719 180.6139373779297 307.79063415527344 180.6139373779297 307.79063415527344 231.45618438720703 284.1430358886719 231.45618438720703
283.53765869140625 181.6815185546875 307.15868949890137 181.6815185546875 307.15868949890137 232.46664810180664 283.53765869140625 232.46664810180664
284.8643493652344 179.52163696289062 308.4391460418701 179.52163696289062 308.4391460418701 230.20735931396484 284.8643493652344 230.20735931396484
284.61895751953125 179.23768615722656 308.5031681060791 179.23768615722656 308.5031681060791 230.5886459350586 284.61895751953125 230.5886459350586
285.51397705078125 177.72607421875 309.48634910583496 177.72607421875 309.48634910583496 229.2665786743164 285.51397705078125 229.2665786743164
286.33258056640625 178.1263885498047 310.96848487854004 178.1263885498047 310.96848487854004 231.0934829711914 286.33258056640625 231.0934829711914
286.9986267089844 180.66091918945312 312.0394058227539 180.66091918945312 312.0394058227539 234.49849319458008 286.9986267089844 234.49849319458008
286.53839111328125 179.52621459960938 311.3008632659912 179.52621459960938 311.3008632659912 232.76543426513672 286.53839111328125 232.76543426513672
288.51458740234375 183.23316955566406 313.44145584106445 183.23316955566406 313.44145584106445 236.82584381103516 288.51458740234375 236.82584381103516
287.6750793457031 181.7461700439453 313.2699317932129 181.7461700439453 313.2699317932129 236.77500915527344 287.6750793457031 236.77500915527344
289.8333740234375 183.7261962890625 314.8686828613281 183.7261962890625 314.8686828613281 237.55202102661133 289.8333740234375 237.55202102661133
290.49822998046875 184.8031463623047 315.16051292419434 184.8031463623047 315.16051292419434 237.82696914672852 290.49822998046875 237.82696914672852
291.29058837890625 188.0605010986328 315.3295707702637 188.0605010986328 315.3295707702637 239.7442283630371 291.29058837890625 239.7442283630371
290.6180725097656 187.22573852539062 314.07615089416504 187.22573852539062 314.07615089416504 237.6605224609375 290.6180725097656 237.6605224609375
290.5992431640625 188.3064727783203 313.8537788391113 188.3064727783203 313.8537788391113 238.30364227294922 290.5992431640625 238.30364227294922
291.3462829589844 188.82162475585938 314.3796215057373 188.82162475585938 314.3796215057373 238.34321975708008 291.3462829589844 238.34321975708008
289.10931396484375 182.52267456054688 312.54537200927734 182.52267456054688 312.54537200927734 232.91011810302734 289.10931396484375 232.91011810302734
289.2076721191406 183.9920196533203 313.06000900268555 183.9920196533203 313.06000900268555 235.2744598388672 289.2076721191406 235.2744598388672
286.4532165527344 178.84071350097656 310.92971420288086 178.84071350097656 310.92971420288086 231.46509552001953 286.4532165527344 231.46509552001953
286.37493896484375 177.91416931152344 311.1536045074463 177.91416931152344 311.1536045074463 231.1882095336914 286.37493896484375 231.1882095336914
285.8996276855469 179.856201171875 311.3770637512207 179.856201171875 311.3770637512207 234.63259887695312 285.8996276855469 234.63259887695312
285.8270263671875 180.0852508544922 311.62062644958496 180.0852508544922 311.62062644958496 235.54139709472656 285.8270263671875 235.54139709472656
