291.0 140.0 307.0 140.0 307.0 169.0 291.0 169.0
285.05767822265625 136.8059539794922 300.8668956756592 136.8059539794922 300.8668956756592 165.46016311645508 285.05767822265625 165.46016311645508
280.2281799316406 134.41903686523438 296.04658794403076 134.41903686523438 296.04658794403076 163.08990478515625 280.2281799316406 163.08990478515625
274.3432312011719 131.7045135498047 290.2294673919678 131.7045135498047 290.2294673919678 160.49832153320312 274.3432312011719 160.49832153320312
268.19720458984375 128.8115692138672 283.85742378234863 128.8115692138672 283.85742378234863 157.19572067260742 268.19720458984375 157.19572067260742
263.2476806640625 126.2641830444336 278.8088073730469 126.2641830444336 278.8088073730469 154.4687271118164 263.2476806640625 154.4687271118164
257.3777160644531 123.6514663696289 272.87458992004395 123.6514663696289 272.87458992004395 151.73955154418945 257.3777160644531 151.73955154418945
252.6212921142578 120.8655776977539 268.1890182495117 120.8655776977539 268.1890182495117 149.08208465576172 252.6212921142578 149.08208465576172
247.08724975585938 118.111328125 262.6432771682739 118.111328125 262.6432771682739 146.3066291809082 247.08724975585938 146.3066291809082
241.7727508544922 115.8600845336914 257.20324420928955 115.8600845336914 257.20324420928955 143.82785415649414 241.7727508544922 143.82785415649414
238.7677764892578 113.7094955444336 254.1504898071289 113.7094955444336 254.1504898071289 141.59066581726074 238.7677764892578 141.59066581726074
238.5701141357422 113.9359359741211 253.80930042266846 113.9359359741211 253.80930042266846 141.55696296691895 238.5701141357422 141.55696296691895
232.9385528564453 111.5514144897461 248.11751747131348 111.5514144897461 248.11751747131348 139.06328964233398 232.9385528564453 139.06328964233398
229.21109008789062 109.4094467163086 244.43073558807373 109.4094467163086 244.43073558807373 136.99505424499512 229.21109008789062 136.99505424499512
224.136474609375 107.356201171875 239.48053455352783 107.356201171875 239.48053455352783 135.16730880737305 224.136474609375 135.16730880737305
220.14706420898438 105.3789291381836 235.18979358673096 105.3789291381836 235.18979358673096 132.64387702941895 220.14706420898438 132.64387702941895
220.27810668945312 104.41868591308594 235.36580085754395 104.41868591308594 235.36580085754395 131.76513290405273 220.27810668945312 131.76513290405273
216.28225708007812 102.82666015625 231.0515956878662 102.82666015625 231.0515956878662 129.59609031677246 216.28225708007812 129.59609031677246
213.0207977294922 102.39326477050781 227.85996437072754 102.39326477050781 227.85996437072754 129.2892551422119 213.0207977294922 129.2892551422119
209.78256225585938 101.90474700927734 224.4943027496338 101.90474700927734 224.4943027496338 128.56978034973145 209.78256225585938 128.56978034973145
206.328369140625 98.80213928222656 221.08765125274658 98.80213928222656 221.08765125274658 125.55334091186523 206.328369140625 125.55334091186523
203.5251007080078 97.00636291503906 218.2623996734619 97.00636291503906 218.2623996734619 123.71771812438965 203.5251007080078 123.71771812438965
203.7250213623047 97.58299255371094 218.15313911437988 97.58299255371094 218.15313911437988 123.73395729064941 203.7250213623047 123.73395729064941
200.04898071289062 94.86618041992188 214.18149089813232 94.86618041992188 214.18149089813232 120.48135375976562 200.04898071289062 120.48135375976562
198.08151245117188 92.32440185546875 211.99607372283936 92.32440185546875 211.99607372283936 117.5445442199707 198.08151245117188 117.5445442199707
195.5633087158203 91.07577514648438 209.44912242889404 91.07577514648438 209.44912242889404 116.24381446838379 195.5633087158203 116.24381446838379
192.03634643554688 88.22218322753906 205.81632804870605 88.22218322753906 205.81632804870605 113.19840431213379 192.03634643554688 113.19840431213379
192.32699584960938 88.3044662475586 206.01446723937988 88.3044662475586 206.01446723937988 113.11301231384277 192.32699584960938 113.11301231384277
190.15414428710938 86.984619140625 203.58157348632812 86.984619140625 203.58157348632812 111.32183837890625 190.15414428710938 111.32183837890625
186.745849609375 84.16703033447266 200.0088348388672 84.16703033447266 200.0088348388672 108.20619583129883 186.745849609375 108.20619583129883
184.48023986816406 83.3856201171875 197.67688179016113 83.3856201171875 197.67688179016113 107.30453872680664 184.48023986816406 107.30453872680664
182.23727416992188 84.07191467285156 195.18735694885254 84.07191467285156 195.18735694885254 107.5439453125 182.23727416992188 107.5439453125
176.3883819580078 76.82366180419922 189.30604362487793 76.82366180419922 189.30604362487793 100.23693084716797 176.3883819580078 100.23693084716797
175.69400024414062 76.81192779541016 188.36021327972412 76.81192779541016 188.36021327972412 99.76944541931152 175.69400024414062 99.76944541931152
173.7587432861328 76.32928466796875 186.32145500183105 76.32928466796875 186.32145500183105 99.09920501708984 173.7587432861328 99.09920501708984
172.6125030517578 75.81242370605469 185.3461332321167 75.81242370605469 185.3461332321167 98.89213371276855 172.6125030517578 98.89213371276855
169.06753540039062 75.83012390136719 181.90854835510254 75.83012390136719 181.90854835510254 99.10446548461914 169.06753540039062 99.10446548461914
165.28372192382812 74.45220947265625 178.1950559616089 74.45220947265625 178.1950559616089 97.85400772094727 165.28372192382812 97.85400772094727
162.73480224609375 71.68141174316406 175.42738914489746 71.68141174316406 175.42738914489746 94.68673324584961 162.73480224609375 94.68673324584961
160.49493408203125 70.92561340332031 172.96599960327148 70.92561340332031 172.96599960327148 93.52942848205566 160.49493408203125 93.52942848205566
160.61001586914062 70.75757598876953 172.95011711120605 70.75757598876953 172.95011711120605 93.1240177154541 160.61001586914062 93.1240177154541
158.2005615234375 69.2403793334961 170.23519706726074 69.2403793334961 170.23519706726074 91.05316162109375 158.2005615234375 91.05316162109375
156.9114227294922 69.47465515136719 168.85174751281738 69.47465515136719 168.85174751281738 91.11649703979492 156.9114227294922 91.11649703979492
154.5438690185547 67.97621154785156 166.48162746429443 67.97621154785156 166.48162746429443 89.61340141296387 154.5438690185547 89.61340141296387
153.5706787109375 67.41523742675781 165.20798206329346 67.41523742675781 165.20798206329346 88.50785446166992 153.5706787109375 88.50785446166992
151.4845733642578 65.9815902709961 163.30250930786133 65.9815902709961 163.30250930786133 87.40160179138184 151.4845733642578 87.40160179138184
151.38101196289062 66.09968566894531 163.3092555999756 66.09968566894531 163.3092555999756 87.71962928771973 151.38101196289062 87.71962928771973
149.5911865234375 62.82255172729492 161.66883182525635 62.82255172729492 161.66883182525635 84.71328353881836 149.5911865234375 84.71328353881836
148.08929443359375 61.53602981567383 160.08973598480225 61.53602981567383 160.08973598480225 83.28682708740234 148.08929443359375 83.28682708740234
145.70095825195312 59.81154251098633 157.60030460357666 59.81154251098633 157.60030460357666 81.37910461425781 145.70095825195312 81.37910461425781
144.5768280029297 58.64548873901367 156.28363609313965 58.64548873901367 156.28363609313965 79.86407470703125 144.5768280029297 79.86407470703125
142.7201690673828 58.652671813964844 154.3515977859497 58.652671813964844 154.3515977859497 79.73463249206543 142.7201690673828 79.73463249206543
142.7135009765625 58.186553955078125 154.282301902771 58.186553955078125 154.282301902771 79.15500259399414 142.7135009765625 79.15500259399414
140.74020385742188 56.6428337097168 152.33084297180176 56.6428337097168 152.33084297180176 77.65086364746094 140.74020385742188 77.65086364746094
139.2596893310547 55.7379035949707 150.65315055847168 55.7379035949707 150.65315055847168 76.38854789733887 139.2596893310547 76.38854789733887
137.48291015625 54.8752326965332 148.83351707458496 54.8752326965332 148.83351707458496 75.44820404052734 137.48291015625 75.44820404052734
136.2885284423828 53.7569580078125 147.71092128753662 53.7569580078125 147.71092128753662 74.46004104614258 136.2885284423828 74.46004104614258
136.3812255859375 53.85695266723633 147.6700382232666 53.85695266723633 147.6700382232666 74.31792068481445 136.3812255859375 74.31792068481445
135.5819549560547 52.458335876464844 146.8012285232544 52.458335876464844 146.8012285232544 72.79326248168945 135.5819549560547 72.79326248168945
133.80613708496094 51.6961784362793 145.08502292633057 51.6961784362793 145.08502292633057 72.13915061950684 133.80613708496094 72.13915061950684
133.19625854492188 51.07259750366211 144.45775032043457 51.07259750366211 144.45775032043457 71.48404502868652 133.19625854492188 71.48404502868652
132.1190948486328 49.415367126464844 143.4310817718506 49.415367126464844 143.4310817718506 69.91833686828613 132.1190948486328 69.91833686828613
131.2977294921875 48.77071762084961 142.4811773300171 48.77071762084961 142.4811773300171 69.04071044921875 131.2977294921875 69.04071044921875
131.68679809570312 48.3063850402832 143.06984519958496 48.3063850402832 143.06984519958496 68.93815231323242 131.68679809570312 68.93815231323242
130.93508911132812 47.399925231933594 142.2608232498169 47.399925231933594 142.2608232498169 67.92781448364258 130.93508911132812 67.92781448364258
