155.0 75.0 220.0 75.0 220.0 118.0 155.0 118.0
150.17385864257812 72.91167449951172 215.71336364746094 72.91167449951172 215.71336364746094 116.26857376098633 150.17385864257812 116.26857376098633
145.19322204589844 71.29637908935547 210.55447387695312 71.29637908935547 210.55447387695312 114.53535461425781 145.19322204589844 114.53535461425781
136.52064514160156 69.26433563232422 201.88230895996094 69.26433563232422 201.88230895996094 112.50358581542969 136.52064514160156 112.50358581542969
130.47894287109375 67.7749252319336 195.0689468383789 67.7749252319336 195.0689468383789 110.50369262695312 130.47894287109375 110.50369262695312
126.2280044555664 65.32571411132812 190.63480377197266 65.32571411132812 190.63480377197266 107.93328857421875 126.2280044555664 107.93328857421875
122.21826171875 62.60078811645508 186.57088470458984 62.60078811645508 186.57088470458984 105.17252731323242 122.21826171875 105.17252731323242
117.66178131103516 61.643585205078125 181.13028717041016 61.643585205078125 181.13028717041016 103.63044357299805 117.66178131103516 103.63044357299805
111.77156066894531 59.640708923339844 174.90223693847656 59.640708923339844 174.90223693847656 101.40408325195312 111.77156066894531 101.40408325195312
106.9253158569336 59.12652587890625 170.12763595581055 59.12652587890625 170.12763595581055 100.93729400634766 106.9253158569336 100.93729400634766
103.59620666503906 56.96820068359375 167.06858825683594 56.96820068359375 167.06858825683594 98.95762634277344 103.59620666503906 98.95762634277344
99.83180236816406 55.343238830566406 162.60906600952148 55.343238830566406 162.60906600952148 96.87281799316406 99.83180236816406 96.87281799316406
98.98151397705078 54.970542907714844 161.58052444458008 54.970542907714844 161.58052444458008 96.3822021484375 98.98151397705078 96.3822021484375
95.92874908447266 53.4337272644043 158.21643829345703 53.4337272644043 158.21643829345703 94.63943862915039 95.92874908447266 94.63943862915039
90.93096923828125 51.119232177734375 153.4345588684082 51.119232177734375 153.4345588684082 92.46776580810547 90.93096923828125 92.46776580810547
90.31050872802734 50.828285217285156 151.53561782836914 50.828285217285156 151.53561782836914 91.3310546875 90.31050872802734 91.3310546875
87.16134643554688 50.111228942871094 148.03284454345703 50.111228942871094 148.03284454345703 90.38006973266602 87.16134643554688 90.38006973266602
84.95236206054688 48.001930236816406 144.52098846435547 48.001930236816406 144.52098846435547 87.40887451171875 84.95236206054688 87.40887451171875
83.64237976074219 48.192344665527344 141.55088806152344 48.192344665527344 141.55088806152344 86.50105667114258 83.64237976074219 86.50105667114258
82.8252182006836 47.67251968383789 140.38431930541992 47.67251968383789 140.38431930541992 85.75008773803711 82.8252182006836 85.75008773803711
80.0028076171875 45.78339767456055 137.501220703125 45.78339767456055 137.501220703125 83.82081985473633 80.0028076171875 83.82081985473633
77.74507141113281 45.04988479614258 135.38005828857422 45.04988479614258 135.38005828857422 83.17765426635742 77.74507141113281 83.17765426635742
78.32537841796875 45.085018157958984 134.9478874206543 45.085018157958984 134.9478874206543 82.54299545288086 78.32537841796875 82.54299545288086
75.85982513427734 43.13360595703125 131.5615234375 43.13360595703125 131.5615234375 79.98242950439453 75.85982513427734 79.98242950439453
76.24623107910156 42.539039611816406 131.16343688964844 42.539039611816406 131.16343688964844 78.86889266967773 76.24623107910156 78.86889266967773
74.76444244384766 41.272743225097656 128.93952178955078 41.272743225097656 128.93952178955078 77.11165237426758 74.76444244384766 77.11165237426758
75.74773406982422 41.111488342285156 129.42908096313477 41.111488342285156 129.42908096313477 76.62377548217773 75.74773406982422 76.62377548217773
74.50373077392578 40.37352752685547 127.59621810913086 40.37352752685547 127.59621810913086 75.49626159667969 74.50373077392578 75.49626159667969
71.90238189697266 39.274532318115234 123.6927375793457 39.274532318115234 123.6927375793457 73.53585433959961 71.90238189697266 73.53585433959961
69.3251953125 37.91527557373047 120.72919464111328 37.91527557373047 120.72919464111328 71.92100524902344 69.3251953125 71.92100524902344
71.08442687988281 37.603511810302734 121.27347183227539 37.603511810302734 121.27347183227539 70.80550003051758 71.08442687988281 70.80550003051758
68.62786865234375 37.364837646484375 118.0251350402832 37.364837646484375 118.0251350402832 70.04303741455078 68.62786865234375 70.04303741455078
69.7777099609375 37.5947380065918 118.91900253295898 37.5947380065918 118.91900253295898 70.10359954833984 69.7777099609375 70.10359954833984
69.40442657470703 36.265113830566406 118.7739486694336 36.265113830566406 118.7739486694336 68.92495727539062 69.40442657470703 68.92495727539062
69.68780517578125 34.33219528198242 118.53915786743164 34.33219528198242 118.53915786743164 66.64925003051758 69.68780517578125 66.64925003051758
70.92225646972656 33.714988708496094 119.0840835571289 33.714988708496094 119.0840835571289 65.57589530944824 70.92225646972656 65.57589530944824
72.92874908447266 31.577381134033203 120.28721618652344 31.577381134033203 120.28721618652344 62.906837463378906 72.92874908447266 62.906837463378906
74.00746154785156 30.448217391967773 119.98126983642578 30.448217391967773 119.98126983642578 60.86166954040527 74.00746154785156 60.86166954040527
76.00482177734375 30.318721771240234 121.44672775268555 30.318721771240234 121.44672775268555 60.38029670715332 76.00482177734375 60.38029670715332
77.29293060302734 29.014102935791016 122.02732467651367 29.014102935791016 122.02732467651367 58.60762977600098 77.29293060302734 58.60762977600098
77.73503112792969 28.99727439880371 121.84393692016602 28.99727439880371 121.84393692016602 58.17701721191406 77.73503112792969 58.17701721191406
78.7367172241211 28.041879653930664 122.3952865600586 28.041879653930664 122.3952865600586 56.923709869384766 78.7367172241211 56.923709869384766
79.54759216308594 25.805347442626953 122.61173248291016 25.805347442626953 122.61173248291016 54.2939395904541 79.54759216308594 54.2939395904541
80.93746185302734 25.577558517456055 123.65202331542969 25.577558517456055 123.65202331542969 53.83488845825195 80.93746185302734 53.83488845825195
83.15094757080078 24.780231475830078 125.10874557495117 24.780231475830078 125.10874557495117 52.536930084228516 83.15094757080078 52.536930084228516
83.81100463867188 24.56665802001953 125.93776321411133 24.56665802001953 125.93776321411133 52.43513107299805 83.81100463867188 52.43513107299805
84.55625915527344 24.41506576538086 126.41268920898438 24.41506576538086 126.41268920898438 52.104705810546875 84.55625915527344 52.104705810546875
86.18955993652344 22.984342575073242 128.24504852294922 22.984342575073242 128.24504852294922 50.805667877197266 86.18955993652344 50.805667877197266
86.15745544433594 22.169734954833984 128.12944412231445 22.169734954833984 128.12944412231445 49.935821533203125 86.15745544433594 49.935821533203125
88.3230972290039 21.304859161376953 130.56317138671875 21.304859161376953 130.56317138671875 49.24829864501953 88.3230972290039 49.24829864501953
90.95603942871094 19.503070831298828 133.54277801513672 19.503070831298828 133.54277801513672 47.67584228515625 90.95603942871094 47.67584228515625
90.97798156738281 18.276018142700195 133.91274642944336 18.276018142700195 133.91274642944336 46.67902374267578 90.97798156738281 46.67902374267578
92.52684020996094 17.766550064086914 135.2159194946289 17.766550064086914 135.2159194946289 46.00702476501465 92.52684020996094 46.00702476501465
94.57102966308594 15.909675598144531 138.34354400634766 15.909675598144531 138.34354400634766 44.86688423156738 94.57102966308594 44.86688423156738
95.95620727539062 14.377469062805176 140.46411514282227 14.377469062805176 140.46411514282227 43.82116985321045 95.95620727539062 43.82116985321045
96.64722442626953 13.496496200561523 142.7650260925293 13.496496200561523 142.7650260925293 44.00520324707031 96.64722442626953 44.00520324707031
98.19749450683594 12.14482307434082 144.41944885253906 12.14482307434082 144.41944885253906 42.72243309020996 98.19749450683594 42.72243309020996
102.36821746826172 11.261720657348633 149.47082138061523 11.261720657348633 149.47082138061523 42.421913146972656 102.36821746826172 42.421913146972656
104.64311218261719 10.73802375793457 151.33582305908203 10.73802375793457 151.33582305908203 41.62705612182617 104.64311218261719 41.62705612182617
104.56388854980469 10.097882270812988 151.41735076904297 10.097882270812988 151.41735076904297 41.09325885772705 104.56388854980469 41.09325885772705
109.28057861328125 10.245534896850586 155.65020751953125 10.245534896850586 155.65020751953125 40.92083740234375 109.28057861328125 40.92083740234375
111.5985107421875 8.479259490966797 158.25000762939453 8.479259490966797 158.25000762939453 39.341026306152344 111.5985107421875 39.341026306152344
114.8926773071289 7.732260227203369 161.02688217163086 7.732260227203369 161.02688217163086 38.251821994781494 114.8926773071289 38.251821994781494
118.70405578613281 7.031895637512207 164.37830352783203 7.031895637512207 164.37830352783203 37.247178077697754 118.70405578613281 37.247178077697754
122.2468032836914 6.267577171325684 167.70514678955078 6.267577171325684 167.70514678955078 36.34003162384033 122.2468032836914 36.34003162384033
122.9795913696289 6.695570945739746 167.42858123779297 6.695570945739746 167.42858123779297 36.10029888153076 122.9795913696289 36.10029888153076
126.16407775878906 5.838864803314209 171.61260223388672 5.838864803314209 171.61260223388672 35.9048228263855 126.16407775878906 35.9048228263855
129.86102294921875 4.197722434997559 175.83553314208984 4.197722434997559 175.83553314208984 34.6116418838501 129.86102294921875 34.6116418838501
132.3605499267578 2.2699546813964844 178.7708625793457 2.2699546813964844 178.7708625793457 32.9721736907959 132.3605499267578 32.9721736907959
136.84938049316406 1.0418212413787842 184.28961944580078 1.0418212413787842 184.28961944580078 32.42537760734558 136.84938049316406 32.42537760734558
138.857177734375 0.0 187.0957794189453 0.0 187.0957794189453 31.91170310974121 138.857177734375 31.91170310974121
143.3663330078125 0.0 190.91463088989258 0.0 190.91463088989258 31.455041885375977 143.3663330078125 31.455041885375977
144.10922241210938 0.0 190.46210861206055 0.0 190.46210861206055 30.664226531982422 144.10922241210938 30.664226531982422
147.9464111328125 0.0 192.83321380615234 0.0 192.83321380615234 29.694351196289062 147.9464111328125 29.694351196289062
