263.0 175.0 282.0 175.0 282.0 237.0 263.0 237.0
260.20355224609375 176.3179473876953 279.00377082824707 176.3179473876953 279.00377082824707 237.66603088378906 260.20355224609375 237.66603088378906
259.23028564453125 175.78941345214844 278.2082996368408 175.78941345214844 278.2082996368408 237.71766662597656 259.23028564453125 237.71766662597656
259.2044372558594 175.45223999023438 278.0122127532959 175.45223999023438 278.0122127532959 236.8249740600586 259.2044372558594 236.8249740600586
257.9793701171875 177.1210174560547 276.66883277893066 177.1210174560547 276.66883277893066 238.10768127441406 257.9793701171875 238.10768127441406
256.75860595703125 178.55296325683594 274.996768951416 178.55296325683594 274.996768951416 238.06696319580078 256.75860595703125 238.06696319580078
255.88720703125 178.136474609375 273.9444122314453 178.136474609375 273.9444122314453 237.05997848510742 255.88720703125 237.05997848510742
254.29537963867188 177.5574493408203 272.8523826599121 177.5574493408203 272.8523826599121 238.11187362670898 254.29537963867188 238.11187362670898
253.1138916015625 177.28814697265625 271.40185546875 177.28814697265625 271.40185546875 236.96464920043945 253.1138916015625 236.96464920043945
251.43673706054688 178.22084045410156 269.52440643310547 178.22084045410156 269.52440643310547 237.24374771118164 251.43673706054688 237.24374771118164
249.4453582763672 177.15689086914062 267.66571617126465 177.15689086914062 267.66571617126465 236.6127815246582 249.4453582763672 236.6127815246582
247.74209594726562 176.9601593017578 266.2460289001465 176.9601593017578 266.2460289001465 237.3413963317871 247.74209594726562 237.3413963317871
247.9561767578125 176.6854248046875 266.67246437072754 176.6854248046875 266.67246437072754 237.75960540771484 247.9561767578125 237.75960540771484
245.8005828857422 177.01956176757812 264.6833801269531 177.01956176757812 264.6833801269531 238.63709259033203 245.8005828857422 238.63709259033203
243.8066864013672 177.40902709960938 262.48604583740234 177.40902709960938 262.48604583740234 238.36271286010742 243.8066864013672 238.36271286010742
242.5819091796875 178.53500366210938 260.8465061187744 178.53500366210938 260.8465061187744 238.13525390625 242.5819091796875 238.13525390625
241.8603057861328 177.75099182128906 260.0738868713379 177.75099182128906 260.0738868713379 237.1847686767578 241.8603057861328 237.1847686767578
242.4500732421875 178.55612182617188 260.63404655456543 178.55612182617188 260.63404655456543 237.8932876586914 242.4500732421875 237.8932876586914
241.4955596923828 178.27859497070312 259.53637313842773 178.27859497070312 259.53637313842773 237.14860153198242 241.4955596923828 237.14860153198242
241.6169891357422 178.89068603515625 259.5822868347168 178.89068603515625 259.5822868347168 237.51427459716797 241.6169891357422 237.51427459716797
241.3893585205078 179.37525939941406 259.3841667175293 179.37525939941406 259.3841667175293 238.09514617919922 241.3893585205078 238.09514617919922
240.9243927001953 178.23770141601562 259.02892112731934 178.23770141601562 259.02892112731934 237.31562042236328 240.9243927001953 237.31562042236328
241.16976928710938 178.84506225585938 258.9316864013672 178.84506225585938 258.9316864013672 236.80498504638672 241.16976928710938 236.80498504638672
241.64242553710938 179.51145935058594 259.3344497680664 179.51145935058594 259.3344497680664 237.24331283569336 241.64242553710938 237.24331283569336
240.78762817382812 178.32273864746094 258.6810054779053 178.32273864746094 258.6810054779053 236.71164321899414 240.78762817382812 236.71164321899414
241.1513671875 177.85935974121094 259.0411796569824 177.85935974121094 259.0411796569824 236.23663711547852 241.1513671875 236.23663711547852
240.5127716064453 178.29429626464844 258.14125061035156 178.29429626464844 258.14125061035156 235.8188018798828 240.5127716064453 235.8188018798828
240.767578125 178.4384307861328 258.58363342285156 178.4384307861328 258.58363342285156 236.57501983642578 240.767578125 236.57501983642578
240.6137237548828 178.58895874023438 258.5582790374756 178.58895874023438 258.5582790374756 237.14486694335938 240.6137237548828 237.14486694335938
240.85684204101562 177.59579467773438 259.0093421936035 177.59579467773438 259.0093421936035 236.83025360107422 240.85684204101562 236.83025360107422
240.4628143310547 177.81961059570312 258.69962882995605 177.81961059570312 258.69962882995605 237.32920455932617 240.4628143310547 237.32920455932617
240.00631713867188 178.25863647460938 258.1316261291504 178.25863647460938 258.1316261291504 237.40437698364258 240.00631713867188 237.40437698364258
240.3896942138672 178.85780334472656 258.33087158203125 178.85780334472656 258.33087158203125 237.40270233154297 240.3896942138672 237.40270233154297
240.43112182617188 179.45083618164062 258.18726921081543 179.45083618164062 258.18726921081543 237.39196014404297 240.43112182617188 237.39196014404297
240.15823364257812 178.7701416015625 258.05546379089355 178.7701416015625 258.05546379089355 237.17164993286133 240.15823364257812 237.17164993286133
239.9251251220703 178.05728149414062 257.9809818267822 178.05728149414062 257.9809818267822 236.9764175415039 239.9251251220703 236.9764175415039
239.49942016601562 177.8018035888672 257.4239082336426 177.8018035888672 257.4239082336426 236.2922592163086 239.49942016601562 236.2922592163086
238.69900512695312 176.851806640625 256.6434898376465 176.851806640625 256.6434898376465 235.40751266479492 238.69900512695312 235.40751266479492
238.37490844726562 178.12466430664062 256.222864151001 178.12466430664062 256.222864151001 236.3653793334961 238.37490844726562 236.3653793334961
238.7102813720703 178.1837158203125 256.36629486083984 178.1837158203125 256.36629486083984 235.798095703125 238.7102813720703 235.798095703125
237.3079376220703 177.8473663330078 254.93526649475098 177.8473663330078 254.93526649475098 235.36813735961914 237.3079376220703 235.36813735961914
236.50509643554688 178.95028686523438 253.7404956817627 178.95028686523438 253.7404956817627 235.1921272277832 236.50509643554688 235.1921272277832
236.75979614257812 179.28274536132812 253.86797523498535 179.28274536132812 253.86797523498535 235.10944747924805 236.75979614257812 235.10944747924805
236.3579864501953 178.86038208007812 253.3817539215088 178.86038208007812 253.3817539215088 234.41164016723633 236.3579864501953 234.41164016723633
237.6009979248047 179.47848510742188 254.48228454589844 179.47848510742188 254.48228454589844 234.56480026245117 237.6009979248047 234.56480026245117
236.38888549804688 179.1647186279297 253.28949356079102 179.1647186279297 253.28949356079102 234.31407928466797 236.38888549804688 234.31407928466797
236.4476318359375 179.4705352783203 253.32095527648926 179.4705352783203 253.32095527648926 234.53085708618164 236.4476318359375 234.53085708618164
236.5386199951172 178.43370056152344 253.6181240081787 178.43370056152344 253.6181240081787 234.1668243408203 236.5386199951172 234.1668243408203
235.5479278564453 179.65213012695312 252.5043773651123 179.65213012695312 252.5043773651123 234.98371124267578 235.5479278564453 234.98371124267578
235.11209106445312 179.32400512695312 251.91135215759277 179.32400512695312 251.91135215759277 234.14265823364258 235.11209106445312 234.14265823364258
235.0905303955078 179.9196014404297 251.56157875061035 179.9196014404297 251.56157875061035 233.66724395751953 235.0905303955078 233.66724395751953
235.03457641601562 178.99232482910156 251.85062789916992 178.99232482910156 251.85062789916992 233.86577606201172 235.03457641601562 233.86577606201172
233.87472534179688 179.23779296875 250.54746437072754 179.23779296875 250.54746437072754 233.64359283447266 233.87472534179688 233.64359283447266
233.81753540039062 179.6549530029297 250.30990028381348 179.6549530029297 250.30990028381348 233.47216033935547 233.81753540039062 233.47216033935547
232.83804321289062 179.88844299316406 249.3021945953369 179.88844299316406 249.3021945953369 233.61357879638672 232.83804321289062 233.61357879638672
231.91769409179688 180.16976928710938 248.37650299072266 180.16976928710938 248.37650299072266 233.8774642944336 231.91769409179688 233.8774642944336
231.36703491210938 179.3395538330078 247.61136054992676 179.3395538330078 247.61136054992676 232.34735488891602 231.36703491210938 232.34735488891602
231.75997924804688 180.48812866210938 248.000244140625 180.48812866210938 248.000244140625 233.4826774597168 231.75997924804688 233.4826774597168
232.18716430664062 179.36392211914062 248.4026222229004 179.36392211914062 248.4026222229004 232.27751922607422 232.18716430664062 232.27751922607422
231.5139617919922 181.3235321044922 247.76291847229004 181.3235321044922 247.76291847229004 234.34643936157227 231.5139617919922 234.34643936157227
230.5773162841797 179.58140563964844 246.7001895904541 179.58140563964844 246.7001895904541 232.19287872314453 230.5773162841797 232.19287872314453
230.4170379638672 179.99118041992188 246.8443546295166 179.99118041992188 246.8443546295166 233.5960922241211 230.4170379638672 233.5960922241211
230.6839141845703 180.25 247.07256507873535 180.25 247.07256507873535 233.7287368774414 230.6839141845703 233.7287368774414
230.3336181640625 180.0144500732422 246.44604873657227 180.0144500732422 246.44604873657227 232.5918312072754 230.3336181640625 232.5918312072754
228.7828826904297 179.1272430419922 244.85244941711426 179.1272430419922 244.85244941711426 231.56475448608398 228.7828826904297 231.56475448608398
228.31430053710938 179.53465270996094 244.14708709716797 179.53465270996094 244.14708709716797 231.19951629638672 228.31430053710938 231.19951629638672
227.41268920898438 180.1006622314453 243.1299180984497 180.1006622314453 243.1299180984497 231.38844299316406 227.41268920898438 231.38844299316406
227.8533172607422 181.11550903320312 243.5287675857544 181.11550903320312 243.5287675857544 232.26696014404297 227.8533172607422 232.26696014404297
227.56039428710938 179.76858520507812 243.132306098938 179.76858520507812 243.132306098938 230.5821762084961 227.56039428710938 230.5821762084961
227.2887725830078 180.1685028076172 243.05115222930908 180.1685028076172 243.05115222930908 231.6036148071289 227.2887725830078 231.6036148071289
227.15371704101562 179.78025817871094 242.81274890899658 179.78025817871094 242.81274890899658 230.87813186645508 227.15371704101562 230.87813186645508
227.0579833984375 180.5798797607422 242.54956817626953 180.5798797607422 242.54956817626953 231.13135147094727 227.0579833984375 231.13135147094727
227.1693115234375 180.7960968017578 242.66068077087402 180.7960968017578 242.66068077087402 231.34686660766602 227.1693115234375 231.34686660766602
226.8783416748047 181.27932739257812 242.28992652893066 181.27932739257812 242.28992652893066 231.56974411010742 226.8783416748047 231.56974411010742
226.39309692382812 181.63653564453125 241.875994682312 181.63653564453125 241.875994682312 232.15966033935547 226.39309692382812 232.15966033935547
226.62301635742188 179.60464477539062 242.19880867004395 179.60464477539062 242.19880867004395 230.4308967590332 226.62301635742188 230.4308967590332
227.3124542236328 180.15780639648438 242.71442127227783 180.15780639648438 242.71442127227783 230.41683959960938 227.3124542236328 230.41683959960938
227.38821411132812 180.335693359375 242.8541135787964 180.335693359375 242.8541135787964 230.80335235595703 227.38821411132812 230.80335235595703
228.0414581298828 181.55029296875 243.54172325134277 181.55029296875 243.54172325134277 232.13009643554688 228.0414581298828 232.13009643554688
227.95449829101562 180.96810913085938 243.5572690963745 180.96810913085938 243.5572690963745 231.8824119567871 227.95449829101562 231.8824119567871
227.733154296875 181.64645385742188 243.03837299346924 181.64645385742188 243.03837299346924 231.58979415893555 227.733154296875 231.58979415893555
227.739501953125 180.8958740234375 243.17031288146973 180.8958740234375 243.17031288146973 231.24904251098633 227.739501953125 231.24904251098633
228.3292694091797 180.71206665039062 243.5420627593994 180.71206665039062 243.5420627593994 230.35380935668945 228.3292694091797 230.35380935668945
228.22744750976562 178.86111450195312 243.31393146514893 178.86111450195312 243.31393146514893 228.0906867980957 228.22744750976562 228.0906867980957
228.11300659179688 180.51223754882812 242.71358966827393 180.51223754882812 242.71358966827393 228.1562385559082 228.11300659179688 228.1562385559082
228.94149780273438 181.37461853027344 243.3634090423584 181.37461853027344 243.3634090423584 228.43558883666992 228.94149780273438 228.43558883666992
229.154052734375 181.67477416992188 243.55876445770264 181.67477416992188 243.55876445770264 228.67961883544922 229.154052734375 228.67961883544922
229.5807647705078 181.3290252685547 244.011625289917 181.3290252685547 244.011625289917 228.41919708251953 229.5807647705078 228.41919708251953
230.7550811767578 181.48699951171875 245.1638126373291 181.48699951171875 245.1638126373291 228.5049591064453 230.7550811767578 228.5049591064453
230.7095184326172 182.3505096435547 245.01136207580566 182.3505096435547 245.01136207580566 229.01968002319336 230.7095184326172 229.01968002319336
230.6647491455078 181.10818481445312 245.0828676223755 181.10818481445312 245.0828676223755 228.15677642822266 230.6647491455078 228.15677642822266
230.9767608642578 181.29147338867188 245.55420398712158 181.29147338867188 245.55420398712158 228.85996627807617 230.9767608642578 228.85996627807617
231.99356079101562 181.79063415527344 246.20067310333252 181.79063415527344 246.20067310333252 228.1506805419922 231.99356079101562 228.1506805419922
231.78726196289062 181.23666381835938 246.1173324584961 181.23666381835938 246.1173324584961 227.9979362487793 231.78726196289062 227.9979362487793
232.29867553710938 182.52944946289062 246.59731101989746 182.52944946289062 246.59731101989746 229.18814086914062 232.29867553710938 229.18814086914062
231.6707305908203 180.93463134765625 245.91169261932373 180.93463134765625 245.91169261932373 227.4051284790039 231.6707305908203 227.4051284790039
231.968017578125 181.20516967773438 246.15120697021484 181.20516967773438 246.15120697021484 227.48714447021484 231.968017578125 227.48714447021484
232.5492706298828 180.8677978515625 246.77257537841797 180.8677978515625 246.77257537841797 227.28067779541016 232.5492706298828 227.28067779541016
233.070068359375 182.3091278076172 247.18062114715576 182.3091278076172 247.18062114715576 228.3540802001953 233.070068359375 228.3540802001953
232.8584442138672 181.9766387939453 246.66608238220215 181.9766387939453 246.66608238220215 227.03313446044922 232.8584442138672 227.03313446044922
233.0049285888672 181.9229278564453 246.57740306854248 181.9229278564453 246.57740306854248 226.21204376220703 233.0049285888672 226.21204376220703
234.3508758544922 181.4801483154297 247.91114616394043 181.4801483154297 247.91114616394043 225.72943878173828 234.3508758544922 225.72943878173828
235.51171875 181.5382537841797 249.41505908966064 181.5382537841797 249.41505908966064 226.90703582763672 235.51171875 226.90703582763672
235.9774169921875 181.65281677246094 249.8462429046631 181.65281677246094 249.8462429046631 226.90897369384766 235.9774169921875 226.90897369384766
236.1945343017578 181.26174926757812 249.95063972473145 181.26174926757812 249.95063972473145 226.15007781982422 236.1945343017578 226.15007781982422
236.9148712158203 181.87054443359375 250.53872966766357 181.87054443359375 250.53872966766357 226.32733154296875 236.9148712158203 226.32733154296875
237.107666015625 181.62716674804688 251.0427370071411 181.62716674804688 251.0427370071411 227.0994873046875 237.107666015625 227.0994873046875
237.114013671875 181.23565673828125 250.98043251037598 181.23565673828125 250.98043251037598 226.48395538330078 237.114013671875 226.48395538330078
237.208251953125 180.71023559570312 251.32538414001465 180.71023559570312 251.32538414001465 226.77664947509766 237.208251953125 226.77664947509766
236.92251586914062 180.11749267578125 251.03086853027344 180.11749267578125 251.03086853027344 226.1552505493164 236.92251586914062 226.1552505493164
237.2027587890625 180.87673950195312 250.89586448669434 180.87673950195312 250.89586448669434 225.55948638916016 237.2027587890625 225.55948638916016
238.7032470703125 181.5781707763672 252.28642082214355 181.5781707763672 252.28642082214355 225.90219497680664 238.7032470703125 225.90219497680664
238.62496948242188 182.6095733642578 252.06903553009033 182.6095733642578 252.06903553009033 226.47966766357422 238.62496948242188 226.47966766357422
238.99435424804688 182.07484436035156 252.27978229522705 182.07484436035156 252.27978229522705 225.42727279663086 238.99435424804688 225.42727279663086
240.127197265625 182.0356903076172 253.12854194641113 182.0356903076172 253.12854194641113 224.46111297607422 240.127197265625 224.46111297607422
241.13845825195312 183.21624755859375 254.1064577102661 183.21624755859375 254.1064577102661 225.5328598022461 241.13845825195312 225.5328598022461
241.2303924560547 182.55320739746094 254.29515552520752 182.55320739746094 254.29515552520752 225.18557357788086 241.2303924560547 225.18557357788086
241.39193725585938 182.17816162109375 254.75762462615967 182.17816162109375 254.75762462615967 225.79248809814453 241.39193725585938 225.79248809814453
241.6042938232422 182.2774658203125 254.9281406402588 182.2774658203125 254.9281406402588 225.7552604675293 241.6042938232422 225.7552604675293
241.76736450195312 182.1138458251953 255.18674659729004 182.1138458251953 255.18674659729004 225.90338516235352 241.76736450195312 225.90338516235352
241.8651580810547 181.93255615234375 255.16328620910645 181.93255615234375 255.16328620910645 225.32642364501953 241.8651580810547 225.32642364501953
241.84500122070312 181.67739868164062 255.00150108337402 181.67739868164062 255.00150108337402 224.6091079711914 241.84500122070312 224.6091079711914
241.7170867919922 180.7501220703125 254.71664237976074 180.7501220703125 254.71664237976074 223.1697006225586 241.7170867919922 223.1697006225586
242.5655517578125 182.43386840820312 255.42850017547607 182.43386840820312 255.42850017547607 224.40767669677734 242.5655517578125 224.40767669677734
242.6295166015625 182.77127075195312 255.4370059967041 182.77127075195312 255.4370059967041 224.56410217285156 242.6295166015625 224.56410217285156
242.6623992919922 182.36175537109375 255.48566150665283 182.36175537109375 255.48566150665283 224.2060546875 242.6623992919922 224.2060546875
